0 0.877888 0.856489 0.042555 0.036965
0 0.498242 0.705182 0.036262 0.033698
0 0.343452 0.443119 0.042694 0.038958
0 0.900000 0.162643 0.033439 0.033158
0 0.170243 0.289890 0.036069 0.033876
0 0.709764 0.567172 0.037221 0.034471
0 0.752072 0.821467 0.040863 0.037237
0 0.900000 0.464312 0.045216 0.043715
0 0.526648 0.344849 0.045509 0.040816
0 0.633433 0.501860 0.048100 0.041253
0 0.722253 0.882581 0.045671 0.041873
0 0.892388 0.277458 0.036381 0.031601
0 0.698677 0.109856 0.042334 0.039253
0 0.606979 0.251855 0.045726 0.039787
1 0.428334 0.221305 0.071279 0.071167
1 0.465142 0.823492 0.082165 0.082118
