0 0.343645 0.804562 0.043705 0.039326
0 0.845395 0.875378 0.045080 0.044719
0 0.682101 0.558948 0.045686 0.044570
0 0.170261 0.487812 0.034250 0.031869
0 0.484061 0.232153 0.046102 0.043570
0 0.106772 0.559914 0.039233 0.039207
0 0.809954 0.314396 0.039801 0.035397
0 0.653582 0.820412 0.035789 0.030588
0 0.684409 0.287915 0.039644 0.034514
0 0.130000 0.215770 0.044281 0.042059
0 0.806466 0.562151 0.035413 0.033244
0 0.269678 0.376797 0.047650 0.040567
1 0.828782 0.226101 0.083293 0.073200
1 0.376452 0.166408 0.068484 0.068111
1 0.750462 0.900000 0.073690 0.070807
1 0.528441 0.773171 0.077508 0.069024
