0 0.390330 0.894410 0.045280 0.038566
0 0.429415 0.306607 0.036009 0.031978
0 0.422984 0.674835 0.043972 0.037822
0 0.626318 0.370881 0.040680 0.037185
0 0.187244 0.207744 0.036054 0.033444
0 0.420045 0.764318 0.041532 0.038923
0 0.688745 0.493643 0.048414 0.041687
0 0.805841 0.194380 0.042931 0.039957
0 0.533871 0.532493 0.038098 0.034586
0 0.550216 0.719284 0.037275 0.033725
0 0.288822 0.695323 0.044288 0.039262
0 0.322647 0.593300 0.038322 0.033699
0 0.584765 0.219207 0.042241 0.041291
0 0.823468 0.468581 0.041387 0.040965
0 0.685479 0.602424 0.042420 0.039531
0 0.900000 0.204264 0.041650 0.037664
1 0.626662 0.811359 0.079571 0.072341
1 0.854738 0.344814 0.076582 0.075442
1 0.150753 0.840649 0.077813 0.070345
1 0.140383 0.526757 0.075803 0.064718
