0 0.100000 0.100000 0.010000 0.010000
0 0.100000 0.100000 0.010254 0.010000
0 0.100000 0.100000 0.010000 0.010000
0 0.100000 0.100000 0.010000 0.010000
0 0.100000 0.100000 0.010000 0.010000
0 0.100000 0.100000 0.010000 0.010000
0 0.101562 0.100000 0.010000 0.010000
0 0.115967 0.100000 0.010000 0.010000
0 0.127441 0.100000 0.010742 0.010000
0 0.140381 0.100000 0.010000 0.010000
0 0.189941 0.100000 0.010000 0.010000
0 0.204102 0.100000 0.010000 0.010000
0 0.225586 0.100000 0.010000 0.010000
0 0.231445 0.100000 0.010000 0.010000
0 0.251709 0.100000 0.010000 0.010000
0 0.265381 0.100000 0.010000 0.010000
0 0.278564 0.100000 0.010000 0.010000
0 0.295410 0.100000 0.017578 0.010000
0 0.314697 0.100000 0.010000 0.010000
0 0.321533 0.100000 0.010000 0.010000
0 0.324951 0.100000 0.010000 0.010000
0 0.338135 0.100000 0.010000 0.010000
0 0.340332 0.100000 0.010000 0.010000
0 0.343750 0.100000 0.010000 0.010000
0 0.348145 0.100000 0.010000 0.010000
0 0.359375 0.100000 0.010000 0.010000
0 0.372314 0.100000 0.010000 0.010000
0 0.382080 0.100000 0.010000 0.010000
0 0.395996 0.100000 0.012695 0.010000
0 0.410156 0.100000 0.010000 0.010000
0 0.424316 0.100000 0.010742 0.010000
0 0.444824 0.100000 0.010000 0.010000
0 0.476562 0.100000 0.018555 0.010000
0 0.501465 0.100000 0.010742 0.010000
0 0.515869 0.100000 0.010000 0.010000
0 0.528076 0.100000 0.010000 0.010000
0 0.540771 0.100000 0.010000 0.010000
0 0.549561 0.100000 0.010000 0.010000
0 0.562988 0.100000 0.010000 0.010000
0 0.599365 0.100000 0.010000 0.010000
0 0.609375 0.100000 0.010000 0.010000
0 0.619385 0.100000 0.010000 0.010000
0 0.625244 0.100000 0.010000 0.010000
0 0.644043 0.100000 0.010000 0.010000
0 0.671143 0.100000 0.012207 0.010000
0 0.704590 0.100000 0.010000 0.010000
0 0.732910 0.100000 0.025391 0.010000
0 0.766846 0.100000 0.010000 0.010000
0 0.784424 0.100000 0.010000 0.010000
0 0.798340 0.100000 0.010742 0.010000
0 0.814941 0.100000 0.010000 0.010000
0 0.835938 0.100000 0.010742 0.010000
0 0.844482 0.100000 0.010000 0.010000
0 0.860840 0.100000 0.010000 0.010000
0 0.872803 0.100000 0.010000 0.010000
0 0.883301 0.100000 0.010000 0.010000
0 0.900000 0.100000 0.010000 0.010000
0 0.900000 0.100000 0.010000 0.010000
0 0.900000 0.100000 0.010000 0.010000
0 0.900000 0.100000 0.010000 0.010000
0 0.900000 0.100000 0.010000 0.010000
0 0.900000 0.100000 0.010000 0.010000
0 0.900000 0.100000 0.010000 0.010000
0 0.900000 0.100000 0.010000 0.010000
0 0.900000 0.100000 0.010000 0.010000
0 0.100000 0.100000 0.010000 0.010000
0 0.580566 0.100000 0.022461 0.010000
0 0.100000 0.100000 0.010000 0.010000
0 0.263916 0.100000 0.010000 0.010000
0 0.516113 0.100000 0.010000 0.010000
0 0.100000 0.100000 0.010000 0.010000
0 0.254395 0.100000 0.010000 0.010000
0 0.100000 0.100000 0.043457 0.032552
0 0.434082 0.100000 0.010000 0.010000
0 0.100000 0.100000 0.014648 0.010000
0 0.495605 0.100000 0.010000 0.010000
0 0.100000 0.100000 0.010000 0.011068
0 0.100000 0.100000 0.010000 0.010000
0 0.100000 0.100000 0.010000 0.010000
0 0.338867 0.100000 0.010000 0.010000
0 0.900000 0.100000 0.010742 0.010000
0 0.900000 0.100000 0.010000 0.010000
0 0.674072 0.100000 0.010000 0.010000
0 0.817627 0.100000 0.010000 0.010000
0 0.809814 0.100000 0.010000 0.010000
0 0.175049 0.100000 0.010000 0.010000
0 0.200439 0.100000 0.010000 0.010000
0 0.149658 0.100000 0.010000 0.010000
0 0.212646 0.100000 0.015137 0.010417
0 0.551758 0.100000 0.010000 0.013672
0 0.597900 0.100000 0.010000 0.010000
0 0.100000 0.100000 0.010000 0.010000
0 0.278320 0.100000 0.010000 0.010000
0 0.373779 0.100000 0.010000 0.010000
0 0.293701 0.100000 0.010000 0.010417
0 0.308838 0.100000 0.010000 0.010000
0 0.404053 0.100000 0.013184 0.010000
0 0.625000 0.100000 0.010000 0.010000
0 0.274658 0.100000 0.010254 0.010000
0 0.580566 0.100000 0.010000 0.010000
0 0.592529 0.100000 0.010000 0.010000
0 0.636475 0.100000 0.010000 0.010000
0 0.771973 0.100000 0.010000 0.010000
0 0.515869 0.100000 0.010254 0.010000
0 0.900000 0.100000 0.010000 0.010000
0 0.462158 0.100000 0.010000 0.010000
0 0.879639 0.100000 0.010000 0.014974
0 0.900000 0.100000 0.010000 0.010000
0 0.117188 0.100000 0.012695 0.010000
0 0.900000 0.100000 0.010000 0.010000
0 0.357178 0.100000 0.012207 0.026693
0 0.435791 0.100000 0.010000 0.010000
0 0.840820 0.100000 0.010000 0.010000
0 0.254639 0.100000 0.010000 0.010000
0 0.451660 0.100000 0.010000 0.010000
0 0.487305 0.100000 0.010000 0.010000
0 0.502686 0.100000 0.010000 0.010000
0 0.652588 0.100000 0.010000 0.010000
0 0.100000 0.100000 0.010000 0.010000
0 0.183350 0.100000 0.010000 0.010000
0 0.426514 0.100000 0.010000 0.010000
0 0.270508 0.100000 0.010000 0.010000
0 0.561768 0.100000 0.010000 0.011719
0 0.900000 0.100000 0.010000 0.010417
0 0.225830 0.100000 0.010000 0.010000
0 0.100000 0.100000 0.011719 0.010417
0 0.258789 0.100000 0.010000 0.010000
0 0.404053 0.100000 0.017090 0.011068
0 0.786133 0.100000 0.010000 0.014323
0 0.792236 0.100000 0.010000 0.010000
0 0.810059 0.100000 0.010000 0.010000
0 0.821045 0.100000 0.010000 0.010000
0 0.900000 0.100000 0.010000 0.010000
0 0.532959 0.100000 0.010000 0.010000
0 0.583008 0.100000 0.010000 0.022786
0 0.627197 0.100000 0.010000 0.014323
0 0.712158 0.100000 0.010000 0.010000
0 0.291260 0.100000 0.010000 0.010000
0 0.599854 0.100000 0.010000 0.010000
0 0.100000 0.100000 0.017578 0.013021
0 0.132324 0.100000 0.010000 0.010000
0 0.200195 0.100000 0.010000 0.010000
0 0.326660 0.100000 0.021484 0.044271
0 0.346436 0.100000 0.020996 0.038411
0 0.153809 0.100000 0.010000 0.010000
0 0.447754 0.100000 0.013672 0.013672
0 0.478027 0.100000 0.010000 0.010000
0 0.755615 0.100000 0.010000 0.010000
0 0.900000 0.100000 0.010000 0.010000
0 0.100000 0.100000 0.010000 0.010000
0 0.227783 0.100000 0.010000 0.010000
0 0.496826 0.100000 0.010000 0.016927
0 0.100000 0.100000 0.010000 0.010000
0 0.114014 0.100000 0.010000 0.010000
0 0.100000 0.100000 0.010000 0.010000
0 0.314697 0.100000 0.010000 0.022135
0 0.607666 0.100000 0.010000 0.010417
0 0.696289 0.100000 0.010000 0.010000
0 0.100000 0.100000 0.010000 0.010000
0 0.413086 0.100000 0.010742 0.015625
0 0.425781 0.100000 0.010000 0.010417
0 0.891846 0.100000 0.010000 0.010000
0 0.421143 0.100000 0.010000 0.011719
0 0.469727 0.100000 0.010000 0.010000
0 0.565918 0.100000 0.010000 0.011719
0 0.635254 0.100000 0.010000 0.010000
0 0.673096 0.100000 0.010000 0.010000
0 0.730957 0.100000 0.010000 0.010000
0 0.744629 0.100000 0.010000 0.010000
0 0.882080 0.100000 0.010000 0.010000
0 0.119629 0.100000 0.010000 0.010000
0 0.253906 0.100000 0.010000 0.010000
0 0.383057 0.100000 0.010000 0.010000
0 0.900000 0.100000 0.010000 0.010000
0 0.527100 0.100000 0.010000 0.010000
0 0.389893 0.100000 0.010000 0.010417
0 0.100000 0.100000 0.010000 0.010000
0 0.100000 0.100000 0.016113 0.010000
0 0.176758 0.100000 0.010000 0.010000
0 0.239258 0.100000 0.010000 0.010000
0 0.900000 0.100000 0.010000 0.010000
0 0.202148 0.100000 0.010000 0.010000
0 0.822510 0.100000 0.010000 0.010000
0 0.900000 0.100000 0.010000 0.015625
0 0.100000 0.100000 0.010000 0.010000
0 0.116455 0.100000 0.010000 0.010000
0 0.465576 0.100000 0.010000 0.010000
0 0.900000 0.100000 0.010000 0.010000
0 0.357178 0.100000 0.010000 0.016927
0 0.532715 0.100000 0.010000 0.016276
0 0.894531 0.100000 0.010000 0.010000
0 0.230469 0.100000 0.010000 0.010000
0 0.146240 0.100000 0.010000 0.010000
0 0.558350 0.100000 0.016113 0.023438
0 0.825684 0.100000 0.010000 0.010000
0 0.100000 0.100000 0.010000 0.013672
0 0.156738 0.100000 0.013672 0.016927
0 0.619141 0.100000 0.010000 0.010000
0 0.900000 0.100000 0.010000 0.010000
0 0.333740 0.100000 0.032715 0.020833
0 0.705566 0.100000 0.010000 0.010000
0 0.360352 0.100000 0.010000 0.010000
0 0.900000 0.100000 0.010000 0.010000
0 0.129150 0.100000 0.010254 0.019531
0 0.177002 0.100000 0.010000 0.010000
0 0.574219 0.100000 0.010000 0.010000
0 0.629395 0.100000 0.010000 0.010000
0 0.184326 0.100000 0.010000 0.010000
0 0.352295 0.100000 0.010000 0.010000
0 0.871582 0.100000 0.010000 0.010000
0 0.118164 0.100000 0.010000 0.010000
0 0.400391 0.100000 0.010000 0.010000
0 0.719482 0.100000 0.010000 0.010000
0 0.740967 0.100000 0.010000 0.010000
0 0.761719 0.100000 0.010000 0.011719
0 0.100000 0.100000 0.010000 0.010417
0 0.217285 0.100000 0.012695 0.012370
0 0.285645 0.100000 0.010000 0.010417
0 0.351807 0.100000 0.010000 0.010000
0 0.203125 0.100000 0.010000 0.010000
0 0.381348 0.100000 0.010000 0.010000
0 0.790283 0.100000 0.010000 0.016927
0 0.900000 0.100000 0.010000 0.010000
0 0.473877 0.100000 0.010000 0.016276
0 0.503418 0.100000 0.010000 0.010000
0 0.510010 0.100000 0.010000 0.010000
0 0.688232 0.100000 0.011230 0.020833
0 0.900000 0.100000 0.010000 0.010000
0 0.754150 0.100000 0.010000 0.010000
0 0.775391 0.100000 0.010000 0.010000
0 0.304443 0.100000 0.010000 0.014974
0 0.429443 0.100000 0.010000 0.010000
0 0.440918 0.100000 0.010000 0.010000
0 0.100000 0.100000 0.010000 0.010000
0 0.166504 0.100000 0.011719 0.020182
0 0.345947 0.100000 0.010000 0.010000
0 0.347412 0.100000 0.010000 0.010000
0 0.178223 0.100000 0.010000 0.010000
0 0.347412 0.100000 0.020020 0.013021
0 0.694824 0.100000 0.010000 0.010417
0 0.100000 0.100000 0.010000 0.010000
0 0.525391 0.100000 0.013672 0.019531
0 0.579346 0.100000 0.010000 0.013021
0 0.100000 0.100000 0.010000 0.010000
0 0.147949 0.100000 0.010000 0.010417
0 0.408203 0.100000 0.010000 0.010000
0 0.100000 0.100000 0.010000 0.010000
0 0.100000 0.100000 0.010000 0.010000
0 0.645752 0.100000 0.010000 0.010000
0 0.900000 0.100000 0.010000 0.010000
0 0.264648 0.100000 0.010000 0.010417
0 0.331055 0.100000 0.010000 0.010000
0 0.351562 0.100000 0.010000 0.010000
0 0.539307 0.100000 0.010000 0.010000
0 0.586182 0.100000 0.010000 0.010000
0 0.676270 0.100000 0.010000 0.010000
0 0.100000 0.100260 0.010000 0.010000
0 0.158691 0.101562 0.010000 0.010000
0 0.188232 0.100586 0.010000 0.010000
0 0.199707 0.102865 0.010000 0.010417
0 0.101074 0.102539 0.010000 0.010000
0 0.456055 0.103841 0.010000 0.010000
0 0.562500 0.108073 0.010000 0.011719
0 0.368652 0.105469 0.010000 0.010000
0 0.400146 0.106120 0.010000 0.010000
0 0.100000 0.112630 0.010000 0.016927
0 0.100000 0.108073 0.010000 0.010000
0 0.177246 0.111654 0.010000 0.013672
0 0.390625 0.109701 0.010000 0.010000
0 0.490967 0.108073 0.010000 0.010000
0 0.601562 0.105143 0.010000 0.010000
0 0.611328 0.105469 0.010000 0.010000
0 0.691895 0.109049 0.010000 0.010000
0 0.220947 0.108073 0.010254 0.010000
0 0.259277 0.108724 0.019531 0.010000
0 0.702393 0.108073 0.010000 0.010000
0 0.746826 0.109375 0.010000 0.010000
0 0.783447 0.111003 0.010000 0.010000
0 0.276611 0.110677 0.010000 0.010000
0 0.344971 0.109375 0.010000 0.010000
0 0.886475 0.111979 0.010000 0.010000
0 0.100000 0.113932 0.010000 0.010000
0 0.100000 0.113607 0.010000 0.010000
0 0.241211 0.114583 0.010000 0.010417
0 0.254883 0.127930 0.037109 0.037109
0 0.309082 0.112305 0.010000 0.010000
0 0.439941 0.113281 0.010000 0.010000
0 0.600342 0.113281 0.010000 0.010000
0 0.653320 0.114258 0.010000 0.010000
0 0.869141 0.112956 0.010000 0.010000
0 0.900000 0.113607 0.010000 0.010000
0 0.548584 0.113607 0.010000 0.010000
0 0.900000 0.118164 0.010000 0.010000
0 0.145996 0.120443 0.016602 0.010417
0 0.286621 0.117188 0.010000 0.010000
0 0.100000 0.118815 0.010000 0.010000
0 0.764893 0.122721 0.010000 0.013672
0 0.844482 0.121419 0.010000 0.010000
0 0.900000 0.119141 0.010000 0.010000
0 0.331543 0.119141 0.010000 0.010000
0 0.530273 0.118815 0.010000 0.010000
0 0.100000 0.120768 0.010000 0.010000
0 0.188965 0.121419 0.010000 0.010000
0 0.452393 0.122070 0.010000 0.010000
0 0.659180 0.124674 0.010000 0.010000
0 0.808350 0.121094 0.010000 0.010000
0 0.219727 0.124674 0.010000 0.010000
0 0.746338 0.125000 0.010000 0.010000
0 0.274414 0.127604 0.010000 0.010000
0 0.407227 0.126302 0.010000 0.010000
0 0.833496 0.126628 0.010000 0.010000
0 0.388428 0.128906 0.010000 0.010000
0 0.417480 0.128906 0.010000 0.010000
0 0.581055 0.130859 0.010000 0.011719
0 0.603271 0.127930 0.010000 0.010000
0 0.100000 0.130208 0.010000 0.010000
0 0.351562 0.127930 0.010000 0.010000
0 0.517334 0.128255 0.010000 0.010000
0 0.100000 0.134115 0.010000 0.013021
0 0.100000 0.128581 0.010000 0.010000
0 0.128906 0.129557 0.010000 0.010000
0 0.878662 0.129883 0.010000 0.010000
0 0.900000 0.132487 0.010000 0.010000
0 0.173096 0.135417 0.020996 0.010417
0 0.204834 0.133464 0.010000 0.010000
0 0.799561 0.133464 0.010000 0.010000
0 0.115723 0.133464 0.010000 0.010000
0 0.625977 0.139648 0.010000 0.016276
0 0.100000 0.134766 0.010000 0.010000
0 0.653076 0.136393 0.010000 0.010000
0 0.723633 0.137370 0.010000 0.010000
0 0.739746 0.136393 0.010000 0.010000
0 0.892090 0.135417 0.010000 0.010000
0 0.310059 0.139648 0.010000 0.011068
0 0.370605 0.137695 0.010742 0.010000
0 0.428955 0.137695 0.010000 0.010000
0 0.468262 0.135091 0.010000 0.010000
0 0.689209 0.137044 0.012207 0.010000
0 0.100000 0.139648 0.010000 0.010000
0 0.568359 0.136719 0.010000 0.010000
0 0.594971 0.139648 0.010000 0.010000
0 0.490479 0.138672 0.010000 0.010000
0 0.846924 0.140951 0.010000 0.010000
0 0.665283 0.141602 0.010000 0.010000
0 0.900000 0.144531 0.010000 0.010000
0 0.282471 0.146159 0.010000 0.010000
0 0.197998 0.144206 0.010000 0.010000
0 0.274414 0.147461 0.010000 0.011068
0 0.318604 0.145182 0.010000 0.010000
0 0.339600 0.144531 0.010000 0.010000
0 0.450439 0.147135 0.010000 0.010000
0 0.900000 0.145508 0.010000 0.010000
0 0.250000 0.150391 0.017578 0.011719
0 0.330566 0.153971 0.010742 0.018880
0 0.552490 0.152669 0.010000 0.010000
0 0.834717 0.153646 0.010000 0.011719
0 0.900000 0.152344 0.021973 0.010417
0 0.358887 0.151042 0.010000 0.010000
0 0.762451 0.151042 0.010000 0.010000
0 0.900000 0.152344 0.010000 0.010000
0 0.100000 0.155599 0.014160 0.011719
0 0.225830 0.158203 0.014160 0.015625
0 0.302002 0.152995 0.010000 0.010000
0 0.537842 0.154622 0.012207 0.010000
0 0.100000 0.156901 0.010000 0.011719
0 0.483643 0.153646 0.010000 0.010000
0 0.893311 0.157552 0.010254 0.011719
0 0.154785 0.159505 0.010000 0.014323
0 0.108887 0.157878 0.010000 0.010000
0 0.197266 0.157552 0.010000 0.010000
0 0.393311 0.162109 0.010254 0.013021
0 0.394287 0.155599 0.010000 0.010000
0 0.435791 0.158529 0.010000 0.010000
0 0.467285 0.160482 0.010000 0.010000
0 0.515625 0.159180 0.010000 0.010000
0 0.649902 0.162760 0.010000 0.013021
0 0.237793 0.161784 0.010000 0.010000
0 0.900000 0.165690 0.010000 0.014974
0 0.381348 0.159831 0.010000 0.010000
0 0.604492 0.164714 0.010742 0.011719
0 0.540039 0.162435 0.010000 0.010000
0 0.615234 0.164388 0.010000 0.010000
0 0.813965 0.163086 0.010000 0.010000
0 0.100000 0.165365 0.010000 0.010000
0 0.445801 0.164062 0.010000 0.010000
0 0.629883 0.165690 0.010000 0.010000
0 0.530518 0.167643 0.010254 0.010000
0 0.900000 0.167643 0.010000 0.010000
0 0.100000 0.165039 0.010000 0.010000
0 0.100000 0.165690 0.010000 0.010000
0 0.362549 0.168945 0.017090 0.010000
0 0.504150 0.166341 0.010000 0.010000
0 0.100000 0.166016 0.010000 0.010000
0 0.100000 0.170573 0.010000 0.010000
0 0.270264 0.166667 0.010000 0.010000
0 0.858887 0.166667 0.010000 0.010000
0 0.298340 0.170898 0.010000 0.010000
0 0.810303 0.174479 0.010000 0.010000
0 0.827881 0.172526 0.010000 0.010000
0 0.606934 0.171875 0.010000 0.010000
0 0.900000 0.171549 0.010000 0.010000
0 0.163330 0.174479 0.010000 0.010000
0 0.795898 0.173828 0.010000 0.010000
0 0.507812 0.179688 0.010000 0.011719
0 0.900000 0.175781 0.010000 0.010000
0 0.900000 0.177734 0.010000 0.010000
0 0.136230 0.179362 0.010000 0.010000
0 0.174805 0.181315 0.010000 0.010000
0 0.411621 0.180013 0.010000 0.010000
0 0.485107 0.179362 0.010000 0.010000
0 0.770020 0.185221 0.010000 0.012370
0 0.900000 0.181641 0.010000 0.010000
0 0.100000 0.181315 0.010000 0.010000
0 0.463135 0.183594 0.010000 0.010000
0 0.716309 0.183919 0.010000 0.010000
0 0.328125 0.183594 0.010000 0.010000
0 0.100000 0.185872 0.010000 0.010000
0 0.155518 0.188802 0.010000 0.010417
0 0.381836 0.188477 0.010000 0.010000
0 0.581787 0.188477 0.010000 0.010000
0 0.216064 0.187826 0.010000 0.010000
0 0.510010 0.186198 0.010000 0.010000
0 0.564209 0.189453 0.010000 0.010000
0 0.851318 0.187500 0.010000 0.010000
0 0.900000 0.187500 0.010000 0.010000
0 0.575928 0.190430 0.010000 0.010000
0 0.620605 0.190430 0.010000 0.010000
0 0.100000 0.197917 0.010000 0.016927
0 0.230469 0.192057 0.010000 0.010000
0 0.271729 0.191732 0.010000 0.010000
0 0.900000 0.191081 0.010000 0.010000
0 0.117188 0.192057 0.010000 0.010000
0 0.164062 0.194336 0.010000 0.010000
0 0.371826 0.193359 0.010000 0.010000
0 0.868408 0.196289 0.013184 0.010000
0 0.100000 0.196289 0.010000 0.010000
0 0.260986 0.199544 0.010000 0.010000
0 0.351562 0.197266 0.010000 0.010000
0 0.366211 0.197266 0.010000 0.010000
0 0.408447 0.196940 0.010000 0.010000
0 0.690186 0.197591 0.010000 0.010000
0 0.848633 0.198242 0.010000 0.010000
0 0.891357 0.197917 0.010000 0.010000
0 0.175293 0.203125 0.010000 0.010000
0 0.395996 0.203451 0.013672 0.010000
0 0.665039 0.202799 0.010000 0.010000
0 0.675537 0.201497 0.010000 0.010000
0 0.900000 0.203451 0.010000 0.010000
0 0.100000 0.204102 0.010000 0.010000
0 0.318359 0.205404 0.018555 0.010000
0 0.415527 0.205729 0.010000 0.010000
0 0.684570 0.205078 0.011719 0.010000
0 0.900000 0.206380 0.010000 0.010000
0 0.100000 0.205078 0.010000 0.010000
0 0.290283 0.207357 0.010000 0.010000
0 0.804932 0.206055 0.010000 0.010000
0 0.267334 0.212240 0.014160 0.010000
0 0.618408 0.210612 0.010000 0.010000
0 0.363525 0.212565 0.010254 0.010000
0 0.382568 0.214844 0.010000 0.010000
0 0.900000 0.217122 0.010000 0.012370
0 0.110352 0.219076 0.011719 0.013672
0 0.218750 0.215169 0.010000 0.010000
0 0.550293 0.214193 0.010000 0.010000
0 0.580078 0.217448 0.010000 0.010417
0 0.676514 0.218424 0.010000 0.011068
0 0.522949 0.218424 0.010000 0.010000
0 0.608887 0.216146 0.010000 0.010000
0 0.861816 0.216471 0.010000 0.010000
0 0.891602 0.216471 0.010000 0.010000
0 0.100000 0.216471 0.010000 0.010000
0 0.900000 0.219727 0.010000 0.010000
0 0.168945 0.221029 0.010000 0.010000
0 0.280029 0.221029 0.010000 0.010000
0 0.412354 0.225260 0.010000 0.011719
0 0.535645 0.220703 0.010000 0.010000
0 0.599609 0.221680 0.010000 0.010000
0 0.207275 0.224284 0.010000 0.010000
0 0.233398 0.230469 0.011719 0.020833
0 0.318359 0.222982 0.010000 0.010000
0 0.586182 0.224284 0.010000 0.010000
0 0.257568 0.223958 0.010000 0.010000
0 0.660400 0.226562 0.012207 0.010000
0 0.329346 0.223958 0.010000 0.010000
0 0.849854 0.224935 0.010000 0.010000
0 0.150391 0.227865 0.010000 0.010000
0 0.644287 0.229167 0.010000 0.010000
0 0.900000 0.229492 0.010000 0.010000
0 0.100000 0.228516 0.010000 0.010000
0 0.359863 0.230143 0.010000 0.010000
0 0.900000 0.234375 0.010000 0.013021
0 0.100000 0.232747 0.010000 0.010000
0 0.341309 0.232747 0.010000 0.010000
0 0.381836 0.235026 0.010000 0.010417
0 0.502197 0.235026 0.010000 0.010417
0 0.701172 0.230794 0.010000 0.010000
0 0.285400 0.232422 0.010000 0.010000
0 0.900000 0.233398 0.010000 0.010000
0 0.369629 0.232747 0.010000 0.010000
0 0.900000 0.235026 0.010000 0.010000
0 0.272217 0.236654 0.010000 0.010000
0 0.149658 0.243815 0.010000 0.018880
0 0.214844 0.237956 0.010000 0.010000
0 0.248779 0.239258 0.010000 0.010000
0 0.825928 0.237305 0.010000 0.010000
0 0.411377 0.236654 0.010000 0.010000
0 0.136963 0.242188 0.010000 0.010417
0 0.571045 0.243164 0.010000 0.011068
0 0.100000 0.240560 0.010000 0.010000
0 0.323486 0.240560 0.010000 0.010000
0 0.352539 0.242513 0.010000 0.010000
0 0.861572 0.240885 0.010000 0.010000
0 0.179443 0.242188 0.010000 0.010000
0 0.428955 0.242188 0.010000 0.010000
0 0.593018 0.241862 0.010000 0.010000
0 0.888672 0.245117 0.010000 0.011068
0 0.100000 0.243490 0.010000 0.010000
0 0.111816 0.243815 0.010000 0.010000
0 0.668213 0.244466 0.010000 0.010000
0 0.100000 0.244466 0.010000 0.010000
0 0.100000 0.248698 0.010000 0.010417
0 0.292969 0.244792 0.010000 0.010000
0 0.393555 0.269531 0.036133 0.049479
0 0.435791 0.249349 0.010000 0.010000
0 0.680420 0.247721 0.017090 0.010000
0 0.515381 0.249349 0.010000 0.010000
0 0.624512 0.248372 0.010000 0.010000
0 0.381592 0.262044 0.011230 0.027995
0 0.455322 0.250326 0.010000 0.010000
0 0.100000 0.252604 0.012207 0.010000
0 0.646240 0.252604 0.010000 0.010000
0 0.881592 0.250977 0.010000 0.010000
0 0.253174 0.254883 0.010000 0.010000
0 0.372070 0.254883 0.010000 0.010000
0 0.900000 0.254557 0.010000 0.010000
0 0.213623 0.254557 0.010000 0.010000
0 0.227539 0.254883 0.010000 0.010000
0 0.723877 0.252279 0.010000 0.010000
0 0.310791 0.255859 0.010000 0.010000
0 0.323975 0.255534 0.010000 0.010000
0 0.361328 0.257487 0.010000 0.010000
0 0.772217 0.254883 0.010000 0.010000
0 0.900000 0.260742 0.010000 0.014974
0 0.297852 0.255859 0.010000 0.010000
0 0.744873 0.256185 0.010000 0.010000
0 0.900000 0.260742 0.010000 0.011068
0 0.100000 0.257161 0.010000 0.010000
0 0.246582 0.261393 0.010000 0.010000
0 0.545654 0.260742 0.010000 0.010000
0 0.406250 0.264323 0.010000 0.013021
0 0.100000 0.268880 0.014160 0.018229
0 0.405029 0.264323 0.010000 0.010417
0 0.521240 0.263346 0.010000 0.010000
0 0.709229 0.261393 0.010000 0.010000
0 0.100000 0.263021 0.010000 0.010000
0 0.571533 0.264323 0.010000 0.010000
0 0.260010 0.270182 0.010000 0.016927
0 0.242432 0.269857 0.011230 0.013672
0 0.646240 0.266276 0.010000 0.010000
0 0.331543 0.267904 0.010000 0.010000
0 0.562500 0.269206 0.010000 0.010000
0 0.675537 0.271159 0.010000 0.011068
0 0.152344 0.269206 0.010000 0.010000
0 0.183838 0.273112 0.010254 0.011068
0 0.385498 0.281576 0.021973 0.027995
0 0.227783 0.269857 0.010000 0.010000
0 0.445801 0.271484 0.010000 0.010000
0 0.814209 0.270182 0.010000 0.010000
0 0.100000 0.274089 0.010742 0.010000
0 0.550049 0.273112 0.010000 0.010000
0 0.378906 0.286784 0.020508 0.031901
0 0.356201 0.273438 0.010000 0.010000
0 0.900000 0.275716 0.010000 0.010000
0 0.308594 0.276042 0.010000 0.010000
0 0.868652 0.279297 0.010000 0.010000
0 0.288330 0.280273 0.010000 0.010000
0 0.585205 0.281901 0.010000 0.011719
0 0.595459 0.277344 0.010000 0.010000
0 0.784424 0.278320 0.010000 0.010000
0 0.100000 0.282227 0.010000 0.010000
0 0.217773 0.280273 0.010000 0.010000
0 0.508789 0.281250 0.010000 0.010000
0 0.538086 0.280599 0.010000 0.010000
0 0.670898 0.280599 0.010000 0.010000
0 0.197998 0.285156 0.010000 0.011719
0 0.247314 0.285156 0.017090 0.013021
0 0.360596 0.291341 0.017090 0.025391
0 0.654785 0.282878 0.010000 0.010000
0 0.100000 0.287109 0.010000 0.013021
0 0.432129 0.282227 0.010000 0.010000
0 0.632080 0.285156 0.013184 0.010000
0 0.900000 0.287109 0.010000 0.013021
0 0.157227 0.283529 0.010000 0.010000
0 0.261475 0.291016 0.010000 0.019531
0 0.475342 0.285482 0.010000 0.010000
0 0.810059 0.285156 0.010742 0.010000
0 0.328125 0.286458 0.010742 0.010000
0 0.499268 0.287109 0.012207 0.010000
0 0.100000 0.292318 0.011230 0.014323
0 0.459961 0.288086 0.010000 0.010000
0 0.553955 0.292969 0.010000 0.011719
0 0.346436 0.291667 0.010000 0.010000
0 0.900000 0.293620 0.010000 0.011719
0 0.426025 0.297201 0.010000 0.016276
0 0.476074 0.292969 0.010000 0.010000
0 0.601318 0.291667 0.010000 0.010000
0 0.312256 0.292969 0.010000 0.010000
0 0.472168 0.294922 0.010000 0.010000
0 0.515625 0.294271 0.010000 0.010000
0 0.522949 0.294922 0.010000 0.010000
0 0.900000 0.296875 0.010000 0.010000
0 0.302002 0.301107 0.010000 0.011068
0 0.588135 0.297852 0.010000 0.010000
0 0.814453 0.313477 0.060547 0.033203
0 0.240967 0.300456 0.010000 0.010000
0 0.555420 0.299154 0.010000 0.010000
0 0.156982 0.305339 0.010000 0.011719
0 0.270508 0.307617 0.010000 0.014974
0 0.481445 0.302083 0.010000 0.010000
0 0.900000 0.303711 0.010000 0.010000
0 0.216797 0.303711 0.010000 0.010000
0 0.204102 0.307617 0.010000 0.010000
0 0.232178 0.305339 0.010000 0.010000
0 0.676758 0.305664 0.010000 0.010000
0 0.810547 0.306641 0.010000 0.010000
0 0.340088 0.309896 0.010000 0.010000
0 0.656250 0.307617 0.010000 0.010000
0 0.860840 0.311198 0.010000 0.010417
0 0.900000 0.311198 0.010000 0.010000
0 0.253662 0.313802 0.010000 0.010417
0 0.310059 0.312826 0.011719 0.010000
0 0.723633 0.310872 0.010000 0.010000
0 0.677979 0.417643 0.338379 0.216797
0 0.100000 0.313802 0.010000 0.010000
0 0.326172 0.317383 0.010000 0.012370
0 0.848877 0.321615 0.016113 0.019531
0 0.900000 0.316732 0.010000 0.010000
0 0.231201 0.316732 0.010000 0.010000
0 0.296387 0.315755 0.010000 0.010000
0 0.847168 0.322591 0.012695 0.017578
0 0.100000 0.319010 0.010000 0.010000
0 0.284912 0.344727 0.078613 0.059245
0 0.333496 0.319987 0.010000 0.010000
0 0.113281 0.319336 0.010000 0.010000
0 0.352051 0.317383 0.010000 0.010000
0 0.856445 0.322917 0.010000 0.013021
0 0.100000 0.328451 0.010742 0.018880
0 0.251221 0.325195 0.016113 0.010000
0 0.714355 0.323568 0.010000 0.010000
0 0.755371 0.322917 0.015625 0.010000
0 0.833252 0.321289 0.010000 0.010000
0 0.185059 0.324219 0.010000 0.010000
0 0.308105 0.325195 0.010000 0.010000
0 0.214844 0.327474 0.010000 0.010000
0 0.321289 0.327474 0.010000 0.010000
0 0.900000 0.329102 0.010000 0.010000
0 0.100000 0.330729 0.010000 0.010000
0 0.338623 0.329102 0.010000 0.010000
0 0.622559 0.330404 0.010000 0.010000
0 0.900000 0.331055 0.010000 0.010000
0 0.146484 0.331380 0.010000 0.010000
0 0.342773 0.334310 0.010000 0.010000
0 0.100000 0.337565 0.010000 0.013672
0 0.173340 0.334310 0.010000 0.010000
0 0.342041 0.335612 0.010000 0.010000
0 0.630859 0.336263 0.010000 0.010000
0 0.858154 0.365234 0.085449 0.066406
0 0.531738 0.335286 0.010000 0.010000
0 0.642822 0.334635 0.010000 0.010000
0 0.761230 0.335286 0.010000 0.010000
0 0.900000 0.334310 0.010000 0.010000
0 0.214355 0.336914 0.010000 0.010000
0 0.242188 0.336263 0.010000 0.010000
0 0.345459 0.338867 0.010000 0.010000
0 0.900000 0.342122 0.010742 0.013672
0 0.100000 0.337240 0.010000 0.010000
0 0.329834 0.338216 0.010000 0.010000
0 0.615479 0.340169 0.010000 0.010000
0 0.345215 0.341797 0.010000 0.010000
0 0.884277 0.345052 0.010000 0.010000
0 0.871826 0.343424 0.010000 0.010000
0 0.100000 0.347982 0.010000 0.011068
0 0.120605 0.347331 0.010000 0.010000
0 0.150146 0.346029 0.010000 0.010000
0 0.181396 0.344727 0.010000 0.010000
0 0.900000 0.346354 0.010000 0.010000
0 0.406250 0.348958 0.010000 0.010000
0 0.200684 0.348633 0.010000 0.010000
0 0.414307 0.350260 0.010000 0.010000
0 0.671143 0.348307 0.010000 0.010000
0 0.900000 0.356120 0.010000 0.019531
0 0.164062 0.353190 0.010000 0.011068
0 0.235352 0.350911 0.010000 0.010000
0 0.480957 0.348958 0.010000 0.010000
0 0.705811 0.349609 0.010000 0.010000
0 0.857178 0.351237 0.010000 0.010000
0 0.100000 0.350911 0.010000 0.010000
0 0.188721 0.351888 0.010000 0.010000
0 0.344238 0.351237 0.010000 0.010000
0 0.400391 0.353190 0.010000 0.010000
0 0.140381 0.353516 0.010000 0.010000
0 0.168701 0.352214 0.010000 0.010000
0 0.418701 0.352539 0.010000 0.010000
0 0.695557 0.352865 0.010000 0.010000
0 0.798340 0.358724 0.014648 0.016927
0 0.175537 0.356120 0.010000 0.010000
0 0.343994 0.354167 0.010000 0.010000
0 0.100000 0.359701 0.010000 0.011068
0 0.102783 0.355794 0.010000 0.010000
0 0.420166 0.357747 0.010000 0.010000
0 0.900000 0.360026 0.010000 0.010000
0 0.100000 0.359375 0.010000 0.010000
0 0.112061 0.360677 0.010000 0.010000
0 0.420410 0.361654 0.010000 0.010000
0 0.100000 0.361654 0.010000 0.010000
0 0.724609 0.362630 0.010000 0.010000
0 0.900000 0.363932 0.010000 0.010000
0 0.435791 0.363932 0.010000 0.010000
0 0.464111 0.362305 0.010000 0.010000
0 0.351807 0.364583 0.010000 0.010000
0 0.421387 0.366536 0.010000 0.010000
0 0.461182 0.365885 0.010000 0.010000
0 0.723877 0.366862 0.010000 0.010000
0 0.311035 0.368164 0.012695 0.010000
0 0.431152 0.367513 0.010000 0.010000
0 0.484131 0.367188 0.010000 0.010000
0 0.694580 0.390625 0.036621 0.050781
0 0.157715 0.370117 0.010000 0.010000
0 0.588135 0.367188 0.010000 0.010000
0 0.507080 0.369141 0.010000 0.010000
0 0.646973 0.370117 0.010000 0.010000
0 0.727539 0.382487 0.028320 0.029297
0 0.899658 0.373047 0.010000 0.010417
0 0.171143 0.372070 0.010000 0.010000
0 0.243652 0.370768 0.010000 0.010000
0 0.481689 0.374674 0.010254 0.011068
0 0.811523 0.370768 0.010000 0.010000
0 0.900000 0.375326 0.010000 0.012370
0 0.142334 0.374023 0.010000 0.010000
0 0.505859 0.374674 0.010000 0.010000
0 0.100000 0.375000 0.010000 0.010000
0 0.448730 0.374674 0.010000 0.010000
0 0.744629 0.373698 0.010000 0.010000
0 0.113281 0.379557 0.010000 0.011719
0 0.267822 0.378255 0.011230 0.010000
0 0.900000 0.375651 0.010000 0.010000
0 0.380859 0.376302 0.012695 0.010000
0 0.619629 0.378255 0.010000 0.010000
0 0.676514 0.376302 0.010000 0.010000
0 0.900000 0.377930 0.010000 0.010000
0 0.428711 0.377930 0.010000 0.010000
0 0.100000 0.384115 0.010000 0.013021
0 0.458252 0.449544 0.104980 0.143880
0 0.624268 0.384115 0.012207 0.011719
0 0.637939 0.384440 0.010000 0.011068
0 0.365234 0.381510 0.010000 0.010000
0 0.374512 0.381836 0.010000 0.010000
0 0.429443 0.381836 0.010000 0.010000
0 0.253906 0.387370 0.010000 0.011719
0 0.900000 0.386068 0.010000 0.010000
0 0.900000 0.388346 0.010000 0.010000
0 0.364502 0.386068 0.010000 0.010000
0 0.549805 0.385742 0.010000 0.010000
0 0.152344 0.387695 0.010000 0.010000
0 0.833496 0.387695 0.010000 0.010000
0 0.348877 0.390951 0.010000 0.010000
0 0.184814 0.390951 0.010000 0.010000
0 0.860596 0.404622 0.017090 0.033203
0 0.900000 0.395833 0.013672 0.015625
0 0.237793 0.393229 0.010000 0.010000
0 0.501465 0.392578 0.010000 0.010000
0 0.135254 0.395182 0.010000 0.010000
0 0.399414 0.393229 0.010000 0.010000
0 0.887939 0.392904 0.010000 0.010000
0 0.822021 0.454753 0.176270 0.128255
0 0.900000 0.394531 0.010000 0.010000
0 0.100000 0.393880 0.010000 0.010000
0 0.513428 0.396484 0.010000 0.010000
0 0.674072 0.397786 0.010000 0.010417
0 0.900000 0.394857 0.010000 0.010000
0 0.504639 0.397135 0.010000 0.010000
0 0.313721 0.398438 0.010000 0.010000
0 0.144775 0.400391 0.010000 0.010000
0 0.100000 0.401693 0.010000 0.010000
0 0.426514 0.404297 0.010000 0.010417
0 0.755371 0.437500 0.034180 0.076823
0 0.866943 0.401693 0.010000 0.010000
0 0.880859 0.406250 0.010000 0.015625
0 0.640137 0.402669 0.010000 0.010000
0 0.737793 0.402018 0.010000 0.010000
0 0.675537 0.402669 0.010000 0.010000
0 0.695068 0.402669 0.010000 0.010000
0 0.411377 0.404622 0.010000 0.010000
0 0.736572 0.404622 0.010000 0.010000
0 0.736084 0.409180 0.010000 0.010000
0 0.330322 0.407878 0.010000 0.010000
0 0.344971 0.409831 0.010254 0.010000
0 0.563721 0.409831 0.010000 0.010000
0 0.713379 0.409831 0.010000 0.010000
0 0.410156 0.411458 0.010000 0.010000
0 0.619141 0.409831 0.010000 0.010000
0 0.257812 0.413411 0.010000 0.010000
0 0.329590 0.505208 0.156250 0.188802
0 0.130371 0.414062 0.010000 0.010000
0 0.189941 0.414714 0.010000 0.010000
0 0.554199 0.412435 0.010000 0.010000
0 0.112305 0.422201 0.010000 0.010000
0 0.590332 0.417318 0.010000 0.010000
0 0.100000 0.420898 0.010000 0.010000
0 0.607666 0.420898 0.010000 0.010000
0 0.714600 0.423503 0.010000 0.010000
0 0.737549 0.419596 0.010000 0.010000
0 0.100000 0.439453 0.016602 0.039062
0 0.134277 0.424154 0.010000 0.010000
0 0.100000 0.425781 0.012695 0.010000
0 0.100000 0.425781 0.010000 0.010417
0 0.447510 0.423828 0.010000 0.010000
0 0.776123 0.436523 0.011230 0.031901
0 0.900000 0.424479 0.010000 0.010000
0 0.268311 0.424479 0.010000 0.010000
0 0.447510 0.427734 0.010000 0.010417
0 0.839600 0.432292 0.031738 0.016927
0 0.856445 0.424479 0.010000 0.010000
0 0.718994 0.428060 0.010000 0.010000
0 0.723389 0.430339 0.010000 0.011719
0 0.856201 0.425781 0.010000 0.010000
0 0.100000 0.429688 0.010000 0.010000
0 0.255615 0.428060 0.010000 0.010000
0 0.854736 0.428385 0.010000 0.010000
0 0.100000 0.430990 0.010000 0.010000
0 0.100000 0.432943 0.010000 0.010000
0 0.146240 0.430990 0.010000 0.010000
0 0.314697 0.432617 0.010000 0.010000
0 0.900000 0.435872 0.010000 0.010000
0 0.100000 0.438477 0.012695 0.012370
0 0.100000 0.435547 0.010000 0.010000
0 0.452881 0.436198 0.010000 0.010000
0 0.510986 0.436849 0.010000 0.010000
0 0.545654 0.439128 0.010000 0.012370
0 0.605713 0.463542 0.026855 0.061198
0 0.724365 0.435872 0.010000 0.010000
0 0.100000 0.435872 0.010000 0.010000
0 0.521240 0.440104 0.018066 0.010417
0 0.553955 0.441732 0.010000 0.012370
0 0.900000 0.440104 0.010000 0.010000
0 0.413574 0.441406 0.010000 0.010417
0 0.669189 0.443034 0.015137 0.012370
0 0.452881 0.440104 0.010000 0.010000
0 0.100000 0.440430 0.010000 0.010000
0 0.483154 0.441732 0.010000 0.010000
0 0.661621 0.440755 0.010000 0.010000
0 0.100000 0.444336 0.010000 0.010000
0 0.252930 0.442708 0.012695 0.010000
0 0.481689 0.444336 0.010000 0.010000
0 0.582764 0.441406 0.010000 0.010000
0 0.585938 0.443034 0.010000 0.010000
0 0.595215 0.443685 0.010000 0.010000
0 0.586426 0.452148 0.015625 0.020182
0 0.900000 0.444010 0.010000 0.010000
0 0.479004 0.452474 0.014648 0.019531
0 0.113770 0.446940 0.010000 0.010000
0 0.242920 0.456706 0.020020 0.022786
0 0.900000 0.447266 0.010000 0.010000
0 0.100000 0.448568 0.010000 0.010000
0 0.365479 0.469401 0.032715 0.045573
0 0.100000 0.450846 0.010000 0.010000
0 0.239258 0.455729 0.010000 0.010417
0 0.444824 0.461914 0.018555 0.021484
0 0.441162 0.451497 0.010000 0.010000
0 0.250488 0.458984 0.010000 0.014323
0 0.461914 0.457031 0.010000 0.010000
0 0.249756 0.458984 0.010000 0.010000
0 0.327637 0.459635 0.010000 0.010000
0 0.900000 0.458333 0.010000 0.010000
0 0.408936 0.465820 0.013184 0.020182
0 0.100000 0.463542 0.010000 0.013021
0 0.249268 0.461914 0.010000 0.010000
0 0.505615 0.469076 0.010000 0.022786
0 0.231201 0.464193 0.010000 0.010417
0 0.786865 0.461263 0.010000 0.010000
0 0.788574 0.459635 0.010000 0.010000
0 0.100830 0.461263 0.010000 0.010000
0 0.507568 0.466146 0.010000 0.013021
0 0.511963 0.467448 0.010000 0.014323
0 0.527344 0.464193 0.010000 0.010000
0 0.782227 0.465169 0.011719 0.011068
0 0.226807 0.465820 0.010000 0.010000
0 0.478027 0.465495 0.013672 0.010000
0 0.576416 0.463216 0.010000 0.010000
0 0.258057 0.465169 0.010000 0.010000
0 0.283203 0.465169 0.010000 0.010000
0 0.771973 0.465495 0.010000 0.010000
0 0.642090 0.466146 0.010000 0.010000
0 0.702637 0.466146 0.010000 0.010000
0 0.718018 0.466146 0.010000 0.010000
0 0.867676 0.464844 0.010000 0.010000
0 0.181885 0.467448 0.010000 0.010000
0 0.701904 0.469076 0.010000 0.010000
0 0.775635 0.467122 0.010000 0.010000
0 0.161865 0.468099 0.010000 0.010000
0 0.475586 0.468099 0.010000 0.010000
0 0.698242 0.470052 0.010000 0.010000
0 0.830566 0.469401 0.010000 0.010000
0 0.900000 0.471029 0.010000 0.010000
0 0.100000 0.471680 0.010000 0.010000
0 0.226562 0.470703 0.010000 0.010000
0 0.263184 0.468750 0.010000 0.010000
0 0.721680 0.480469 0.014648 0.026042
0 0.758057 0.469401 0.010000 0.010000
0 0.100000 0.473307 0.010000 0.010000
0 0.574951 0.470378 0.010000 0.010000
0 0.216553 0.472005 0.010000 0.010000
0 0.575928 0.473958 0.010000 0.010000
0 0.696533 0.473307 0.010000 0.010000
0 0.714355 0.474935 0.010000 0.010000
0 0.235596 0.472982 0.010000 0.010000
0 0.770264 0.473633 0.010000 0.010000
0 0.165039 0.474284 0.010000 0.010000
0 0.243652 0.584635 0.141602 0.222656
0 0.510498 0.476888 0.010254 0.010000
0 0.692383 0.485026 0.016602 0.023438
0 0.100000 0.477865 0.010000 0.010000
0 0.522705 0.476562 0.013184 0.010000
0 0.900000 0.475260 0.010000 0.010000
0 0.100000 0.480143 0.010000 0.010000
0 0.827393 0.476888 0.010000 0.010000
0 0.737793 0.483073 0.010000 0.010417
0 0.168457 0.545898 0.067383 0.132161
0 0.812012 0.481120 0.010000 0.010000
0 0.900000 0.482096 0.010000 0.010000
0 0.355957 0.483073 0.010000 0.010000
0 0.732666 0.484375 0.010000 0.010000
0 0.100000 0.488281 0.010000 0.010000
0 0.100000 0.490560 0.010000 0.011068
0 0.347168 0.486654 0.010000 0.010000
0 0.349121 0.490234 0.010000 0.010000
0 0.900000 0.489583 0.010000 0.010000
0 0.582764 0.489909 0.010000 0.010000
0 0.900000 0.489258 0.010000 0.010000
0 0.259033 0.492839 0.010000 0.010000
0 0.593018 0.492513 0.010000 0.010000
0 0.598877 0.493490 0.011230 0.010000
0 0.605225 0.493164 0.010000 0.010000
0 0.260742 0.497721 0.010000 0.010000
0 0.667236 0.500651 0.024902 0.016927
0 0.669189 0.493490 0.010000 0.010000
0 0.596924 0.495443 0.010000 0.010000
0 0.698730 0.515625 0.098633 0.039062
0 0.552246 0.500651 0.010000 0.010000
0 0.900000 0.501302 0.010000 0.010000
0 0.174072 0.504232 0.010000 0.010000
0 0.547607 0.503581 0.010000 0.010000
0 0.256104 0.504883 0.010000 0.010000
0 0.257080 0.506510 0.010000 0.010000
0 0.544434 0.507487 0.010000 0.010000
0 0.900000 0.511719 0.010000 0.010000
0 0.261475 0.511068 0.010000 0.010000
0 0.185547 0.551432 0.048828 0.080729
0 0.650146 0.513346 0.010000 0.010000
0 0.900000 0.514648 0.010000 0.010000
0 0.100000 0.513346 0.010000 0.010000
0 0.261719 0.513346 0.010000 0.010000
0 0.168457 0.514974 0.010000 0.010000
0 0.412842 0.514974 0.010000 0.010000
0 0.652832 0.515625 0.010000 0.010000
0 0.501709 0.516276 0.010000 0.010000
0 0.401367 0.522786 0.010000 0.014323
0 0.500000 0.546875 0.083984 0.062500
0 0.853516 0.518229 0.010000 0.010000
0 0.247803 0.521484 0.010000 0.010000
0 0.852295 0.521159 0.010000 0.010000
0 0.900000 0.521810 0.010000 0.010000
0 0.283447 0.521810 0.010000 0.010000
0 0.455566 0.523112 0.010742 0.010000
0 0.900000 0.524089 0.010000 0.010000
0 0.100000 0.522461 0.010000 0.010000
0 0.322266 0.522786 0.010000 0.010000
0 0.534180 0.521810 0.010000 0.010000
0 0.832764 0.524414 0.010000 0.010000
0 0.454346 0.526693 0.010254 0.010000
0 0.556396 0.555013 0.050293 0.065755
0 0.900000 0.525716 0.010000 0.010000
0 0.453125 0.528971 0.014648 0.011068
0 0.833984 0.527669 0.010000 0.010000
0 0.837646 0.528971 0.010000 0.010000
0 0.194092 0.538737 0.011230 0.021484
0 0.428223 0.531901 0.010000 0.010000
0 0.891113 0.529297 0.010000 0.010000
0 0.900000 0.531576 0.010000 0.010000
0 0.100000 0.532552 0.010000 0.010000
0 0.424561 0.530599 0.010000 0.010000
0 0.453857 0.532878 0.011230 0.010000
0 0.560059 0.531901 0.010000 0.010000
0 0.900000 0.531576 0.010000 0.010000
0 0.583496 0.551758 0.046875 0.043620
0 0.624756 0.541667 0.010000 0.023438
0 0.634521 0.532227 0.010000 0.010000
0 0.623535 0.559896 0.059570 0.058594
0 0.652100 0.534505 0.011230 0.010000
0 0.717773 0.532878 0.010000 0.010000
0 0.900000 0.531250 0.010000 0.010000
0 0.678711 0.539714 0.010000 0.016927
0 0.675049 0.537760 0.010000 0.010417
0 0.717285 0.536458 0.010000 0.010000
0 0.323730 0.558268 0.018555 0.048828
0 0.699951 0.535482 0.010000 0.010000
0 0.715332 0.538737 0.010000 0.010000
0 0.469238 0.544271 0.010000 0.018229
0 0.707275 0.542318 0.014160 0.013021
0 0.285889 0.539714 0.010000 0.010000
0 0.845947 0.537760 0.010000 0.010000
0 0.900000 0.541667 0.010000 0.010000
0 0.667236 0.545247 0.010000 0.012370
0 0.848389 0.541341 0.010000 0.010000
0 0.900000 0.542643 0.010000 0.010000
0 0.207275 0.550781 0.018066 0.015625
0 0.486816 0.544596 0.010000 0.010000
0 0.900000 0.546224 0.010000 0.010000
0 0.412598 0.551107 0.010000 0.010000
0 0.273438 0.549154 0.010000 0.010000
0 0.690186 0.552083 0.012207 0.010000
0 0.695557 0.554036 0.014160 0.011719
0 0.900000 0.553711 0.010000 0.010000
0 0.100000 0.554036 0.010000 0.010000
0 0.457275 0.555990 0.010000 0.010000
0 0.674805 0.553385 0.010000 0.010000
0 0.680420 0.557617 0.010000 0.010000
0 0.451904 0.559245 0.010000 0.010000
0 0.583496 0.558919 0.010000 0.010000
0 0.450439 0.564128 0.010000 0.010000
0 0.540771 0.564779 0.010000 0.010000
0 0.583252 0.561849 0.010000 0.010000
0 0.900000 0.562500 0.010000 0.010000
0 0.582764 0.567057 0.011230 0.010000
0 0.292969 0.568685 0.010000 0.010000
0 0.449219 0.570312 0.010000 0.010417
0 0.578857 0.569336 0.010000 0.010000
0 0.689697 0.571289 0.010000 0.010000
0 0.900000 0.567383 0.010000 0.010000
0 0.900000 0.571615 0.010000 0.010417
0 0.165283 0.569336 0.010000 0.010000
0 0.293945 0.569336 0.010000 0.010000
0 0.328857 0.569987 0.010000 0.010000
0 0.207764 0.571940 0.010000 0.010000
0 0.427246 0.576823 0.010000 0.011719
0 0.593262 0.574544 0.010000 0.010000
0 0.650635 0.574544 0.010000 0.010000
0 0.792969 0.573893 0.010000 0.010000
0 0.295166 0.573242 0.010000 0.010000
0 0.321777 0.573242 0.010000 0.010000
0 0.332031 0.573893 0.010000 0.010000
0 0.491455 0.589518 0.079590 0.035807
0 0.311035 0.589844 0.024414 0.033854
0 0.332520 0.576497 0.010000 0.010000
0 0.576904 0.575195 0.010000 0.010000
0 0.196045 0.577148 0.010000 0.010000
0 0.743896 0.580404 0.010000 0.011068
0 0.332520 0.580078 0.010000 0.010000
0 0.389160 0.577148 0.010000 0.010000
0 0.389648 0.578776 0.010000 0.010000
0 0.391602 0.579753 0.010000 0.010000
0 0.431152 0.579102 0.010000 0.010000
0 0.564697 0.579753 0.010000 0.010000
0 0.526611 0.579427 0.010000 0.010000
0 0.674316 0.582031 0.010000 0.010000
0 0.900000 0.581706 0.010000 0.010000
0 0.349854 0.585612 0.010000 0.013672
0 0.598389 0.579753 0.010000 0.010000
0 0.600098 0.580078 0.010000 0.010000
0 0.631836 0.582357 0.010000 0.010000
0 0.824951 0.583333 0.010000 0.010000
0 0.900000 0.581380 0.010000 0.010000
0 0.249756 0.582682 0.010000 0.010000
0 0.418213 0.583659 0.010000 0.010000
0 0.537598 0.587891 0.010000 0.016927
0 0.582275 0.583659 0.010000 0.010000
0 0.900000 0.582682 0.010000 0.010000
0 0.586426 0.585938 0.010742 0.010000
0 0.698242 0.586914 0.010000 0.011068
0 0.541016 0.592773 0.010000 0.017578
0 0.659912 0.586589 0.010000 0.010000
0 0.289062 0.586589 0.010000 0.010000
0 0.720703 0.585938 0.010000 0.010000
0 0.781250 0.588867 0.010000 0.010000
0 0.839600 0.589193 0.010000 0.010000
0 0.450439 0.592122 0.010000 0.010000
0 0.562256 0.593099 0.010000 0.010417
0 0.602051 0.590169 0.010742 0.010000
0 0.703125 0.591471 0.010000 0.010000
0 0.622803 0.590169 0.010000 0.010000
0 0.530762 0.592773 0.010000 0.010000
0 0.550293 0.595378 0.010000 0.011068
0 0.131348 0.598633 0.010000 0.013672
0 0.208008 0.591797 0.010000 0.010000
0 0.246582 0.595378 0.010000 0.010000
0 0.249512 0.594727 0.010000 0.010000
0 0.545166 0.597982 0.010000 0.010000
0 0.900000 0.596680 0.010000 0.010000
0 0.210449 0.597656 0.010000 0.010000
0 0.245850 0.601562 0.010000 0.015625
0 0.401123 0.597656 0.010000 0.010000
0 0.413086 0.599935 0.010000 0.011068
0 0.469238 0.595703 0.010000 0.010000
0 0.791504 0.597331 0.010000 0.010000
0 0.390137 0.599935 0.010000 0.010000
0 0.431152 0.599284 0.010000 0.010000
0 0.561035 0.599284 0.010000 0.010000
0 0.718262 0.597982 0.010000 0.010000
0 0.900000 0.598307 0.010000 0.010000
0 0.486816 0.601237 0.010000 0.010000
0 0.537109 0.600586 0.010000 0.010000
0 0.563477 0.600911 0.010000 0.010000
0 0.530762 0.604167 0.010000 0.013021
0 0.750732 0.601237 0.010000 0.010000
0 0.139648 0.601237 0.010000 0.010000
0 0.534180 0.603516 0.010000 0.010000
0 0.597656 0.601888 0.010000 0.010000
0 0.643066 0.603516 0.010000 0.010000
0 0.728760 0.603516 0.010000 0.010000
0 0.756836 0.604167 0.010000 0.010000
0 0.823242 0.608073 0.010000 0.015625
0 0.128906 0.608724 0.010000 0.013021
0 0.347168 0.612305 0.013672 0.020182
0 0.203125 0.604492 0.010000 0.010000
0 0.481689 0.605143 0.010000 0.010000
0 0.621338 0.605469 0.010000 0.010000
0 0.715088 0.607422 0.010000 0.010000
0 0.900000 0.606445 0.010000 0.010000
0 0.319336 0.606120 0.010000 0.010000
0 0.582031 0.610026 0.011719 0.011719
0 0.135498 0.614258 0.015137 0.016276
0 0.360596 0.616211 0.016113 0.018880
0 0.900000 0.608724 0.010000 0.010000
0 0.388672 0.613281 0.010000 0.010417
0 0.406006 0.616862 0.010254 0.014974
0 0.622559 0.612305 0.010000 0.010000
0 0.860352 0.615234 0.010000 0.010417
0 0.900000 0.612630 0.010000 0.010000
0 0.900000 0.611328 0.010000 0.010000
0 0.197021 0.616862 0.014160 0.011068
0 0.360352 0.617513 0.010000 0.012370
0 0.895996 0.613281 0.010000 0.010000
0 0.200195 0.613281 0.010000 0.010000
0 0.222656 0.627279 0.046875 0.030599
0 0.717041 0.614909 0.010000 0.010000
0 0.900000 0.615560 0.010000 0.010000
0 0.141846 0.617839 0.010000 0.010000
0 0.562744 0.618815 0.010000 0.010000
0 0.802979 0.619466 0.010254 0.010000
0 0.145752 0.621419 0.010254 0.010000
0 0.352783 0.620443 0.010000 0.010000
0 0.253418 0.682943 0.173828 0.131510
0 0.517334 0.620443 0.010000 0.010000
0 0.524902 0.621094 0.010000 0.010000
0 0.392090 0.625651 0.010000 0.013021
0 0.634521 0.621745 0.010000 0.010000
0 0.779785 0.624674 0.010000 0.010000
0 0.860596 0.627930 0.010000 0.016276
0 0.900000 0.621419 0.010000 0.010000
0 0.900000 0.626628 0.010000 0.010000
0 0.564697 0.625000 0.010000 0.010000
0 0.822998 0.626302 0.010000 0.010000
0 0.899414 0.627930 0.010000 0.011068
0 0.126709 0.664388 0.086426 0.081380
0 0.900000 0.629557 0.010000 0.010000
0 0.167969 0.629232 0.010000 0.010000
0 0.174316 0.630208 0.015625 0.010000
0 0.181885 0.630534 0.010000 0.010000
0 0.184570 0.631510 0.010000 0.010000
0 0.381836 0.631510 0.013672 0.010000
0 0.186768 0.633138 0.010000 0.010000
0 0.345459 0.645182 0.015137 0.031250
0 0.721680 0.635417 0.010000 0.013021
0 0.748291 0.633464 0.010000 0.010000
0 0.376709 0.635742 0.012207 0.010000
0 0.900000 0.633464 0.010000 0.010000
0 0.125244 0.638346 0.010000 0.012370
0 0.362793 0.637370 0.010000 0.010417
0 0.192627 0.664388 0.068848 0.061849
0 0.427490 0.637044 0.010000 0.010000
0 0.116943 0.639323 0.010000 0.010000
0 0.502441 0.638346 0.010000 0.010000
0 0.640137 0.638346 0.010000 0.010000
0 0.770996 0.638346 0.010000 0.010000
0 0.100000 0.639323 0.010000 0.010000
0 0.506348 0.647135 0.010000 0.020833
0 0.517334 0.639648 0.010000 0.010000
0 0.416748 0.643555 0.010000 0.010000
0 0.506836 0.645182 0.010000 0.011719
0 0.817871 0.643229 0.010000 0.010000
0 0.900000 0.645182 0.010000 0.010000
0 0.489258 0.646159 0.010000 0.010000
0 0.777832 0.648438 0.010000 0.010000
0 0.100000 0.650716 0.010000 0.010000
0 0.111328 0.652669 0.010742 0.010000
0 0.100000 0.650716 0.010000 0.010000
0 0.900000 0.655599 0.010000 0.011719
0 0.157471 0.652344 0.010000 0.010000
0 0.478027 0.657878 0.010742 0.010000
0 0.674072 0.654297 0.010000 0.010000
0 0.900000 0.656250 0.010000 0.010000
0 0.368164 0.655924 0.010000 0.010000
0 0.875732 0.655273 0.010000 0.010000
0 0.414551 0.656250 0.010000 0.010000
0 0.461914 0.659831 0.010000 0.010000
0 0.856445 0.658529 0.012695 0.010000
0 0.371582 0.658529 0.010000 0.010000
0 0.419434 0.660807 0.010000 0.010000
0 0.502686 0.659831 0.010000 0.010000
0 0.840088 0.660482 0.011230 0.010000
0 0.824219 0.661458 0.010742 0.010000
0 0.900000 0.662109 0.010000 0.010000
0 0.404297 0.662109 0.010000 0.010000
0 0.645264 0.663411 0.010000 0.010000
0 0.246094 0.664714 0.010000 0.010000
0 0.658447 0.664714 0.010000 0.010000
0 0.258545 0.670573 0.010000 0.013021
0 0.900000 0.668294 0.010000 0.010000
0 0.100000 0.669596 0.013184 0.010000
0 0.174805 0.668620 0.010000 0.010000
0 0.394775 0.672852 0.010000 0.010000
0 0.900000 0.671875 0.010000 0.010000
0 0.860107 0.673177 0.010000 0.010000
0 0.100000 0.673828 0.010000 0.010000
0 0.100000 0.674479 0.010000 0.010000
0 0.505859 0.675456 0.010000 0.010000
0 0.900000 0.678711 0.013672 0.010000
0 0.100000 0.717122 0.154785 0.083984
0 0.128174 0.679036 0.010000 0.010000
0 0.261230 0.675781 0.010000 0.010000
0 0.429443 0.677734 0.010000 0.010000
0 0.674316 0.677409 0.010000 0.010000
0 0.900000 0.676432 0.010000 0.010000
0 0.288330 0.677083 0.010000 0.010000
0 0.474609 0.676432 0.010000 0.010000
0 0.662354 0.678060 0.010000 0.010000
0 0.100000 0.677734 0.010000 0.010000
0 0.900000 0.679036 0.010000 0.010000
0 0.124023 0.681315 0.010000 0.010000
0 0.711670 0.681315 0.013184 0.010000
0 0.727051 0.680664 0.010000 0.010000
0 0.812988 0.682292 0.010000 0.010000
0 0.120850 0.682617 0.010000 0.010000
0 0.136230 0.681966 0.010000 0.010000
0 0.142090 0.690430 0.010742 0.017578
0 0.349365 0.686523 0.010000 0.010000
0 0.900000 0.686523 0.010000 0.010000
0 0.178467 0.686523 0.010000 0.010000
0 0.100000 0.687174 0.010000 0.010000
0 0.361328 0.687500 0.010000 0.010000
0 0.365234 0.692383 0.010000 0.010000
0 0.502197 0.692383 0.010000 0.010000
0 0.900000 0.693034 0.010000 0.011068
0 0.398193 0.694336 0.010000 0.010000
0 0.409668 0.693359 0.010000 0.010000
0 0.465576 0.701172 0.015137 0.020833
0 0.822021 0.695638 0.010000 0.010000
0 0.900000 0.695312 0.010000 0.010417
0 0.787354 0.702148 0.010254 0.020182
0 0.100000 0.695964 0.022461 0.010000
0 0.383057 0.697917 0.010000 0.010000
0 0.423828 0.695638 0.010000 0.010000
0 0.535645 0.696289 0.010000 0.010000
0 0.692871 0.701172 0.011719 0.014323
0 0.515869 0.702148 0.010000 0.012370
0 0.551514 0.697917 0.010000 0.010000
0 0.100000 0.707682 0.010000 0.020833
0 0.148682 0.704427 0.010000 0.013021
0 0.760254 0.707031 0.010000 0.016927
0 0.350098 0.702474 0.010000 0.010000
0 0.526123 0.703776 0.010000 0.010000
0 0.742432 0.703125 0.010000 0.010000
0 0.152344 0.702799 0.010000 0.010000
0 0.100000 0.709310 0.023438 0.013672
0 0.657959 0.713216 0.011230 0.017578
0 0.287354 0.710938 0.010000 0.010417
0 0.900000 0.713216 0.010000 0.013672
0 0.100000 0.710938 0.010000 0.010000
0 0.100000 0.714518 0.012695 0.014974
0 0.410645 0.710938 0.010000 0.010000
0 0.199219 0.710612 0.010000 0.010000
0 0.475098 0.712240 0.010000 0.010000
0 0.642090 0.709635 0.010000 0.010000
0 0.613037 0.713867 0.010000 0.010000
0 0.752197 0.711914 0.010000 0.010000
0 0.826416 0.714518 0.010000 0.010000
0 0.900000 0.712565 0.010000 0.010000
0 0.100000 0.716146 0.010000 0.010000
0 0.566895 0.717122 0.010000 0.010000
0 0.779541 0.715169 0.010000 0.010000
0 0.397949 0.716797 0.010000 0.010000
0 0.358643 0.718099 0.010000 0.010000
0 0.672852 0.718424 0.010000 0.010000
0 0.711426 0.720378 0.010000 0.011068
0 0.768311 0.719727 0.010000 0.010000
0 0.158691 0.721029 0.010000 0.010000
0 0.100000 0.742513 0.051758 0.048828
0 0.900000 0.723958 0.010000 0.013021
0 0.900000 0.722005 0.012695 0.010000
0 0.482666 0.724935 0.010000 0.011068
0 0.537598 0.725260 0.010742 0.011719
0 0.900000 0.725911 0.010000 0.011719
0 0.793213 0.729167 0.010000 0.015625
0 0.812988 0.725911 0.010000 0.010000
0 0.314453 0.726237 0.010000 0.010000
0 0.411621 0.729492 0.010000 0.010000
0 0.371094 0.729818 0.010000 0.010000
0 0.900000 0.732422 0.010000 0.010000
0 0.100000 0.731120 0.010000 0.010000
0 0.459473 0.731771 0.010000 0.010000
0 0.310791 0.732096 0.010000 0.010000
0 0.349609 0.733398 0.010000 0.010000
0 0.576660 0.739258 0.010000 0.013672
0 0.581299 0.739258 0.010000 0.014974
0 0.900000 0.743490 0.010742 0.023438
0 0.655273 0.736654 0.010000 0.010000
0 0.768799 0.734701 0.010000 0.010000
0 0.872803 0.736654 0.010000 0.010000
0 0.786377 0.735352 0.010000 0.010000
0 0.338623 0.738607 0.010000 0.010000
0 0.217285 0.741862 0.010742 0.010000
0 0.363770 0.744792 0.010000 0.011719
0 0.495605 0.744792 0.010000 0.011719
0 0.629639 0.742513 0.010000 0.010000
0 0.392578 0.740885 0.010000 0.010000
0 0.600098 0.743164 0.010000 0.010000
0 0.617920 0.743164 0.010000 0.010000
0 0.389648 0.743815 0.010000 0.010000
0 0.410156 0.746094 0.010000 0.010000
0 0.741455 0.747396 0.010000 0.011719
0 0.217529 0.746094 0.010000 0.010000
0 0.465332 0.746745 0.010000 0.010000
0 0.900000 0.747721 0.010000 0.010000
0 0.555908 0.746745 0.010000 0.010000
0 0.118896 0.748047 0.010000 0.010000
0 0.121094 0.748372 0.010000 0.010000
0 0.175537 0.753255 0.010000 0.013021
0 0.811768 0.753255 0.010000 0.014323
0 0.701660 0.752279 0.010000 0.010000
0 0.100000 0.809570 0.163574 0.120443
0 0.513672 0.752279 0.010000 0.010000
0 0.693848 0.754557 0.010000 0.010417
0 0.197021 0.751302 0.010000 0.010000
0 0.475342 0.753255 0.010000 0.010000
0 0.900000 0.753255 0.010000 0.010000
0 0.197998 0.753906 0.010000 0.010000
0 0.376709 0.755859 0.010000 0.010000
0 0.900000 0.754557 0.010000 0.010000
0 0.302734 0.755208 0.010000 0.010000
0 0.425781 0.760742 0.010000 0.016276
0 0.783203 0.755859 0.010000 0.010000
0 0.900000 0.754232 0.010000 0.010000
0 0.482178 0.756510 0.010000 0.010000
0 0.544922 0.757812 0.010000 0.010000
0 0.900000 0.762370 0.010000 0.014323
0 0.646484 0.760742 0.010000 0.010000
0 0.837402 0.760417 0.010000 0.010000
0 0.319336 0.761719 0.010000 0.010000
0 0.620361 0.760742 0.010000 0.010000
0 0.678467 0.763672 0.012207 0.010417
0 0.215576 0.763672 0.010254 0.010000
0 0.411377 0.763997 0.010000 0.010000
0 0.900000 0.761393 0.010000 0.010000
0 0.286377 0.763346 0.010000 0.010000
0 0.331299 0.764648 0.010000 0.010000
0 0.218018 0.768229 0.010000 0.010000
0 0.100000 0.769857 0.011719 0.010000
0 0.762451 0.769531 0.010000 0.010000
0 0.900000 0.769531 0.010000 0.010000
0 0.900000 0.770833 0.010000 0.010000
0 0.100000 0.768229 0.010000 0.010000
0 0.100000 0.769531 0.010000 0.010000
0 0.186523 0.769206 0.010000 0.010000
0 0.200684 0.770508 0.010000 0.010000
0 0.652344 0.771159 0.010000 0.010000
0 0.222168 0.772135 0.010000 0.010000
0 0.900000 0.771484 0.010000 0.010000
0 0.100000 0.771159 0.010000 0.010000
0 0.519287 0.771484 0.010000 0.010000
0 0.555908 0.774414 0.010000 0.010000
0 0.687744 0.782878 0.012207 0.025391
0 0.100000 0.783529 0.011719 0.024089
0 0.224365 0.775391 0.010000 0.010000
0 0.565918 0.772786 0.010000 0.010000
0 0.460693 0.777669 0.010000 0.010000
0 0.669922 0.775391 0.010742 0.010000
0 0.100000 0.782552 0.015625 0.013021
0 0.621582 0.779297 0.010000 0.010000
0 0.100000 0.778971 0.010000 0.010000
0 0.169189 0.779622 0.010000 0.010000
0 0.900000 0.781576 0.010000 0.010000
0 0.170410 0.782878 0.010000 0.010000
0 0.539551 0.785807 0.010000 0.010417
0 0.600342 0.784180 0.010000 0.010000
0 0.171631 0.785156 0.010000 0.010000
0 0.872070 0.783854 0.010000 0.010000
0 0.900000 0.789714 0.010000 0.013021
0 0.100000 0.789062 0.010000 0.010000
0 0.475098 0.788411 0.010000 0.010000
0 0.644043 0.787435 0.010000 0.010000
0 0.900000 0.785807 0.010000 0.010000
0 0.100000 0.788086 0.010000 0.010000
0 0.100000 0.790365 0.010000 0.010000
0 0.233887 0.791341 0.010000 0.010000
0 0.100000 0.805990 0.028320 0.032552
0 0.413330 0.796875 0.010000 0.011719
0 0.760010 0.799479 0.010000 0.018229
0 0.152832 0.795573 0.010000 0.010000
0 0.457764 0.796875 0.010000 0.010000
0 0.553711 0.800781 0.010000 0.013021
0 0.646240 0.797526 0.010000 0.010000
0 0.663574 0.799805 0.010000 0.010000
0 0.101807 0.797526 0.010000 0.010000
0 0.499756 0.799154 0.010000 0.010000
0 0.104980 0.800781 0.010000 0.010000
0 0.808838 0.804036 0.010000 0.010417
0 0.900000 0.806641 0.018555 0.014323
0 0.564209 0.806641 0.010000 0.010417
0 0.621338 0.807292 0.010000 0.013021
0 0.880371 0.802083 0.010000 0.010000
0 0.465088 0.806315 0.010000 0.010000
0 0.900000 0.805990 0.010000 0.010000
0 0.123535 0.809896 0.010000 0.011719
0 0.453857 0.807292 0.010000 0.010000
0 0.785645 0.809245 0.010000 0.010417
0 0.834961 0.805990 0.010000 0.010000
0 0.742432 0.805990 0.010000 0.010000
0 0.895508 0.811523 0.019531 0.012370
0 0.900000 0.806966 0.010000 0.010000
0 0.900000 0.806966 0.010000 0.010000
0 0.198486 0.816406 0.015137 0.016927
0 0.796631 0.812500 0.010000 0.010000
0 0.100000 0.814128 0.010000 0.010000
0 0.100000 0.814453 0.010000 0.010000
0 0.651123 0.816732 0.010000 0.011068
0 0.100000 0.815430 0.010000 0.010000
0 0.846680 0.815104 0.010000 0.010000
0 0.100000 0.817383 0.010000 0.010000
0 0.250244 0.818685 0.010000 0.010000
0 0.434570 0.817057 0.010000 0.010000
0 0.851074 0.817708 0.010000 0.010000
0 0.100000 0.819336 0.010000 0.010000
0 0.821289 0.821289 0.010000 0.010000
0 0.100000 0.825521 0.010000 0.010417
0 0.350586 0.824219 0.010000 0.010000
0 0.521973 0.824219 0.010000 0.010000
0 0.603516 0.822917 0.010000 0.010000
0 0.810303 0.822591 0.010000 0.010000
0 0.194092 0.830404 0.010000 0.016276
0 0.408447 0.823568 0.010000 0.010000
0 0.268311 0.825195 0.010000 0.010000
0 0.299072 0.825846 0.010000 0.010000
0 0.390137 0.828451 0.010000 0.011068
0 0.475830 0.827799 0.010000 0.010000
0 0.100000 0.832357 0.010000 0.010000
0 0.100000 0.831380 0.010000 0.010000
0 0.100000 0.830078 0.010000 0.010000
0 0.458252 0.831055 0.010000 0.010000
0 0.900000 0.833008 0.016602 0.012370
0 0.900000 0.830078 0.010254 0.010000
0 0.900000 0.828125 0.010000 0.010000
0 0.360840 0.830078 0.010000 0.010000
0 0.858398 0.830404 0.010000 0.010000
0 0.881348 0.834310 0.010000 0.012370
0 0.100000 0.834635 0.010000 0.010000
0 0.100000 0.835286 0.010000 0.010000
0 0.152588 0.834961 0.010000 0.010000
0 0.258301 0.833008 0.010000 0.010000
0 0.562256 0.835938 0.010000 0.010000
0 0.581299 0.833659 0.010000 0.010000
0 0.710693 0.832682 0.010000 0.010000
0 0.208740 0.834635 0.010000 0.010000
0 0.723633 0.837891 0.010000 0.011719
0 0.798828 0.836589 0.010000 0.010000
0 0.372803 0.836914 0.010000 0.010000
0 0.663330 0.834310 0.010000 0.010000
0 0.112549 0.837240 0.010000 0.010000
0 0.224854 0.839193 0.010000 0.010000
0 0.452637 0.839518 0.010000 0.010000
0 0.760010 0.842448 0.010000 0.015625
0 0.900000 0.838216 0.010000 0.010000
0 0.151367 0.844401 0.010742 0.013021
0 0.493896 0.839518 0.010000 0.010000
0 0.794189 0.838867 0.010000 0.010000
0 0.732910 0.842448 0.010000 0.010000
0 0.900000 0.841797 0.010000 0.010000
0 0.542969 0.841146 0.010000 0.010000
0 0.549316 0.842122 0.010000 0.010000
0 0.315918 0.842448 0.010000 0.010000
0 0.432617 0.843424 0.010000 0.010000
0 0.395752 0.844727 0.010000 0.010000
0 0.657471 0.844076 0.010000 0.010000
0 0.238770 0.844401 0.010000 0.010000
0 0.278564 0.845052 0.010000 0.010000
0 0.294678 0.845052 0.010000 0.010000
0 0.695557 0.845703 0.010000 0.010000
0 0.499512 0.847982 0.010000 0.010000
0 0.100000 0.849284 0.010000 0.010000
0 0.626221 0.849284 0.010000 0.010000
0 0.217529 0.850260 0.010000 0.010000
0 0.900000 0.853190 0.016602 0.010000
0 0.100000 0.850911 0.010000 0.010000
0 0.100000 0.853190 0.010000 0.010000
0 0.100000 0.854818 0.010000 0.010000
0 0.113770 0.853841 0.010000 0.010000
0 0.427734 0.855143 0.010000 0.010000
0 0.521729 0.856771 0.010000 0.010417
0 0.166016 0.855143 0.010000 0.010000
0 0.248535 0.860352 0.010000 0.013672
0 0.265137 0.856120 0.010000 0.010000
0 0.468994 0.855143 0.010254 0.010000
0 0.100000 0.854818 0.011719 0.010000
0 0.866699 0.866536 0.010742 0.023438
0 0.230225 0.858398 0.010000 0.010000
0 0.687988 0.859049 0.010000 0.010000
0 0.712158 0.859049 0.010000 0.010000
0 0.479980 0.858724 0.010000 0.010000
0 0.583740 0.861979 0.010000 0.010417
0 0.900000 0.861654 0.010000 0.010000
0 0.100000 0.860677 0.010000 0.010000
0 0.100000 0.864583 0.014160 0.010000
0 0.100000 0.862956 0.010000 0.010000
0 0.180176 0.860677 0.010000 0.010000
0 0.399170 0.860677 0.010000 0.010000
0 0.562744 0.860677 0.010000 0.010000
0 0.549072 0.864258 0.010000 0.010000
0 0.567139 0.864258 0.010000 0.010000
0 0.738770 0.863607 0.010000 0.010000
0 0.201172 0.868164 0.010000 0.011068
0 0.648682 0.863281 0.010000 0.010000
0 0.776855 0.865885 0.010000 0.010000
0 0.700439 0.866862 0.010000 0.010000
0 0.308838 0.871419 0.010000 0.011068
0 0.673096 0.867188 0.010000 0.010000
0 0.846924 0.871745 0.010000 0.010417
0 0.156494 0.871094 0.010000 0.010000
0 0.461182 0.871745 0.010000 0.010000
0 0.507324 0.871745 0.010000 0.010000
0 0.135986 0.870768 0.010000 0.010000
0 0.217773 0.871094 0.010000 0.010000
0 0.421143 0.872070 0.010000 0.010000
0 0.896729 0.872721 0.010000 0.010000
0 0.437500 0.874023 0.010000 0.010000
0 0.714600 0.880208 0.010000 0.016927
0 0.252930 0.875651 0.010000 0.010000
0 0.327881 0.874349 0.010000 0.010000
0 0.566895 0.874349 0.010000 0.010000
0 0.900000 0.873698 0.010000 0.010000
0 0.171631 0.878581 0.010000 0.010000
0 0.481689 0.876953 0.010000 0.010000
0 0.724854 0.876302 0.010000 0.010000
0 0.544434 0.878581 0.010000 0.010000
0 0.900000 0.878255 0.010000 0.010000
0 0.533936 0.878255 0.010000 0.010000
0 0.517334 0.878906 0.010000 0.010000
0 0.677246 0.886068 0.010000 0.015625
0 0.230225 0.891276 0.016113 0.020833
0 0.347168 0.886068 0.010000 0.010000
0 0.425781 0.888021 0.010000 0.010417
0 0.900000 0.883789 0.010000 0.010000
0 0.202148 0.887370 0.010000 0.010000
0 0.254883 0.888021 0.010000 0.010000
0 0.756348 0.889648 0.010000 0.010000
0 0.851074 0.887370 0.010000 0.010000
0 0.561035 0.892253 0.010000 0.010000
0 0.238770 0.893880 0.010000 0.010000
0 0.856445 0.890951 0.010000 0.010000
0 0.900000 0.893229 0.010000 0.010000
0 0.166260 0.892578 0.010000 0.010000
0 0.481201 0.894531 0.010000 0.010000
0 0.317627 0.899740 0.010000 0.014323
0 0.343750 0.896484 0.010000 0.010000
0 0.791260 0.893880 0.010000 0.010000
0 0.258789 0.896810 0.010000 0.010000
0 0.597412 0.898112 0.010000 0.010000
0 0.614502 0.895508 0.010000 0.010000
0 0.525879 0.900000 0.010000 0.010000
0 0.900000 0.900000 0.015625 0.012370
0 0.900000 0.900000 0.014648 0.010000
0 0.628418 0.900000 0.010000 0.011068
0 0.840576 0.899089 0.010000 0.010000
0 0.900000 0.900000 0.010000 0.010000
0 0.900000 0.900000 0.010000 0.010000
0 0.359131 0.900000 0.010000 0.010000
0 0.588135 0.900000 0.010000 0.010000
0 0.649658 0.900000 0.010000 0.010000
0 0.151855 0.900000 0.010000 0.010000
0 0.374756 0.900000 0.010000 0.010000
0 0.500732 0.900000 0.010000 0.010000
0 0.507812 0.900000 0.010000 0.010000
0 0.567871 0.900000 0.010000 0.010000
0 0.900000 0.900000 0.010000 0.010000
0 0.179443 0.900000 0.010000 0.010000
0 0.248779 0.900000 0.014160 0.010000
0 0.831787 0.900000 0.010000 0.010000
0 0.197510 0.900000 0.010000 0.010000
0 0.240723 0.900000 0.010000 0.016276
0 0.256592 0.900000 0.010000 0.010000
0 0.331055 0.900000 0.010000 0.010000
0 0.167725 0.900000 0.010000 0.010000
0 0.278809 0.900000 0.010000 0.010000
0 0.813477 0.900000 0.010000 0.010000
0 0.619873 0.900000 0.010000 0.010000
0 0.366211 0.900000 0.010000 0.010000
0 0.798828 0.900000 0.010000 0.027995
0 0.900000 0.900000 0.010742 0.013021
0 0.760986 0.900000 0.010000 0.010000
0 0.183105 0.900000 0.011719 0.011068
0 0.371582 0.900000 0.010000 0.010000
0 0.376221 0.900000 0.010000 0.010000
0 0.459229 0.900000 0.010000 0.010000
0 0.854492 0.900000 0.010000 0.010000
0 0.900000 0.900000 0.010742 0.013021
0 0.100000 0.900000 0.010000 0.010000
0 0.502441 0.900000 0.010000 0.010000
0 0.100000 0.900000 0.010000 0.010000
0 0.900000 0.900000 0.010000 0.010000
0 0.283447 0.900000 0.010000 0.013021
0 0.862061 0.900000 0.010000 0.010000
0 0.370850 0.900000 0.010000 0.010000
0 0.900000 0.900000 0.010000 0.010000
0 0.257080 0.900000 0.010000 0.010000
0 0.727539 0.900000 0.010000 0.010000
0 0.207275 0.900000 0.010000 0.010000
0 0.900000 0.900000 0.053711 0.014974
0 0.654053 0.900000 0.010000 0.011719
0 0.477783 0.900000 0.010000 0.010000
0 0.826904 0.900000 0.010000 0.010000
0 0.900000 0.900000 0.017090 0.014323
0 0.194580 0.900000 0.010000 0.010000
0 0.734375 0.900000 0.010000 0.010000
0 0.853516 0.900000 0.010000 0.010000
0 0.878662 0.900000 0.010000 0.010000
0 0.900000 0.900000 0.010000 0.010000
0 0.727295 0.900000 0.010000 0.010000
0 0.900000 0.900000 0.010000 0.010000
0 0.900000 0.900000 0.010000 0.010000
0 0.155273 0.900000 0.010000 0.010000
0 0.180176 0.900000 0.010000 0.010000
0 0.209717 0.900000 0.010000 0.010000
0 0.466309 0.900000 0.010000 0.013021
0 0.625977 0.900000 0.010000 0.010000
0 0.810547 0.900000 0.010000 0.010000
0 0.312012 0.900000 0.010000 0.010000
0 0.521240 0.900000 0.010000 0.010000
0 0.892090 0.900000 0.010000 0.010000
0 0.257080 0.900000 0.010000 0.010000
0 0.398926 0.900000 0.010000 0.010000
0 0.100000 0.900000 0.010000 0.010000
0 0.113281 0.900000 0.010000 0.016927
0 0.142090 0.900000 0.010000 0.010000
0 0.837891 0.900000 0.010000 0.010000
0 0.100000 0.900000 0.010000 0.010000
0 0.858398 0.900000 0.010000 0.010000
0 0.321289 0.900000 0.010000 0.010000
0 0.100000 0.900000 0.010000 0.010000
0 0.586914 0.900000 0.010000 0.010000
0 0.878662 0.900000 0.010000 0.011719
0 0.900000 0.900000 0.010000 0.011719
0 0.446045 0.900000 0.010000 0.010000
0 0.100000 0.900000 0.010000 0.010000
0 0.530029 0.900000 0.011230 0.011068
0 0.784668 0.900000 0.010000 0.010000
0 0.900000 0.900000 0.010000 0.010000
0 0.100000 0.900000 0.010000 0.016276
0 0.557129 0.900000 0.010000 0.010000
0 0.138672 0.900000 0.010000 0.011068
0 0.231934 0.900000 0.010000 0.010000
0 0.802246 0.900000 0.010742 0.010000
0 0.750977 0.900000 0.010000 0.010000
0 0.900000 0.900000 0.010000 0.010000
0 0.156738 0.900000 0.010000 0.014974
0 0.470703 0.900000 0.010000 0.010000
0 0.605225 0.900000 0.010000 0.010000
0 0.900000 0.900000 0.010000 0.010000
0 0.900000 0.900000 0.010000 0.010000
0 0.900000 0.900000 0.010000 0.020182
0 0.421631 0.900000 0.013184 0.010000
0 0.489258 0.900000 0.010000 0.010000
0 0.900000 0.900000 0.010000 0.014974
0 0.900000 0.900000 0.011230 0.010417
0 0.233643 0.900000 0.010000 0.010000
0 0.507324 0.900000 0.010000 0.010000
0 0.900000 0.900000 0.010000 0.010000
0 0.178223 0.900000 0.010000 0.018229
0 0.769043 0.900000 0.010000 0.010000
0 0.823730 0.900000 0.010000 0.010000
0 0.900000 0.900000 0.010000 0.010000
0 0.900000 0.900000 0.010000 0.010000
0 0.100000 0.900000 0.010000 0.010000
0 0.442383 0.900000 0.010000 0.010000
0 0.580811 0.900000 0.010000 0.010000
0 0.900000 0.900000 0.010000 0.010000
0 0.900000 0.900000 0.010000 0.010000
0 0.644531 0.900000 0.010000 0.010000
0 0.853760 0.900000 0.014160 0.010000
0 0.100000 0.900000 0.010000 0.010000
0 0.311523 0.900000 0.010000 0.010000
0 0.500000 0.900000 0.010000 0.010000
0 0.819092 0.900000 0.010000 0.010000
0 0.900000 0.900000 0.010000 0.014974
0 0.657715 0.900000 0.010000 0.010000
0 0.430908 0.900000 0.010000 0.010000
0 0.458252 0.900000 0.010000 0.010000
0 0.900000 0.900000 0.010000 0.011068
0 0.757812 0.900000 0.015625 0.011068
0 0.653320 0.900000 0.010000 0.010000
0 0.676270 0.900000 0.010000 0.010000
0 0.794922 0.900000 0.010000 0.010000
0 0.100000 0.900000 0.010000 0.010000
0 0.395508 0.900000 0.010000 0.012370
0 0.810303 0.900000 0.010000 0.010000
0 0.900000 0.900000 0.010000 0.012370
0 0.149170 0.900000 0.010000 0.010000
0 0.222168 0.900000 0.010000 0.010000
0 0.519287 0.900000 0.010000 0.010000
0 0.615234 0.900000 0.010000 0.010000
0 0.714355 0.900000 0.010000 0.010000
0 0.900000 0.900000 0.010000 0.010000
0 0.100000 0.900000 0.010000 0.010000
0 0.297852 0.900000 0.010000 0.010000
0 0.618408 0.900000 0.010000 0.010000
0 0.603027 0.900000 0.010000 0.010000
0 0.900000 0.900000 0.010000 0.010000
0 0.900000 0.900000 0.010000 0.010000
0 0.631348 0.900000 0.010000 0.010000
0 0.482178 0.900000 0.010000 0.010000
0 0.106934 0.900000 0.010000 0.010000
0 0.146973 0.900000 0.010000 0.010000
0 0.716064 0.900000 0.010000 0.010000
0 0.850342 0.900000 0.027832 0.010000
0 0.900000 0.900000 0.010000 0.010000
0 0.900000 0.900000 0.010000 0.010000
0 0.900000 0.900000 0.010000 0.010000
0 0.100000 0.900000 0.011230 0.010000
0 0.100000 0.900000 0.010000 0.010000
0 0.100000 0.900000 0.010000 0.010000
0 0.100000 0.900000 0.010000 0.010000
0 0.100000 0.900000 0.016113 0.010000
0 0.122070 0.900000 0.010000 0.010000
0 0.160645 0.900000 0.018555 0.010000
0 0.207520 0.900000 0.031250 0.010000
0 0.289062 0.900000 0.010000 0.010000
0 0.297852 0.900000 0.010000 0.010000
0 0.337158 0.900000 0.010000 0.010000
0 0.381592 0.900000 0.023926 0.010000
0 0.403320 0.900000 0.010000 0.010000
0 0.410400 0.900000 0.010000 0.010000
0 0.440674 0.900000 0.028809 0.010000
0 0.460205 0.900000 0.010000 0.010000
0 0.467041 0.900000 0.010000 0.010000
0 0.490723 0.900000 0.012695 0.010000
0 0.509766 0.900000 0.020508 0.010000
0 0.525635 0.900000 0.010000 0.010000
0 0.530029 0.900000 0.010000 0.010000
0 0.536621 0.900000 0.010000 0.010000
0 0.555420 0.900000 0.010000 0.010000
0 0.581055 0.900000 0.018555 0.010000
0 0.606689 0.900000 0.025879 0.010000
0 0.652588 0.900000 0.010000 0.010000
0 0.686035 0.900000 0.011719 0.010000
0 0.732666 0.900000 0.010000 0.010000
0 0.754639 0.900000 0.011230 0.010000
0 0.772217 0.900000 0.018066 0.010000
0 0.830078 0.900000 0.010000 0.010000
0 0.872070 0.900000 0.010000 0.010000
0 0.891602 0.900000 0.010000 0.010000
0 0.900000 0.900000 0.010000 0.010000
0 0.900000 0.900000 0.010000 0.010000
0 0.900000 0.900000 0.010000 0.010000
0 0.900000 0.900000 0.010000 0.010000
0 0.900000 0.900000 0.011230 0.010000
0 0.278076 0.900000 0.010000 0.010000
0 0.309326 0.900000 0.012207 0.010000
0 0.792236 0.900000 0.010000 0.010000
0 0.812988 0.900000 0.010000 0.010000
0 0.900000 0.900000 0.010000 0.010000
0 0.900000 0.900000 0.010000 0.010000
