1 0.500000 0.500000 0.500000 0.500000
0 0.100000 0.100000 0.010000 0.010000
0 0.169678 0.100000 0.010000 0.010000
0 0.821777 0.100000 0.010000 0.010000
0 0.204834 0.100000 0.010000 0.010000
0 0.121826 0.100000 0.010000 0.010000
0 0.900000 0.100000 0.010000 0.010000
0 0.900000 0.100000 0.010000 0.010000
0 0.900000 0.100000 0.010000 0.011719
0 0.349854 0.100000 0.010000 0.010000
0 0.314209 0.100000 0.010000 0.010000
0 0.728271 0.100000 0.010000 0.010000
0 0.744629 0.100000 0.010000 0.010417
0 0.443848 0.100000 0.010000 0.010000
0 0.614258 0.100000 0.010000 0.010000
0 0.816162 0.100000 0.010000 0.010000
0 0.412109 0.100000 0.010000 0.010000
0 0.874268 0.100000 0.010000 0.010000
0 0.862793 0.100000 0.010000 0.010000
0 0.435547 0.100000 0.010000 0.010000
0 0.254150 0.100000 0.010000 0.010000
0 0.892090 0.100000 0.010000 0.010000
0 0.174072 0.105794 0.010000 0.010000
0 0.329346 0.105143 0.010000 0.010000
0 0.465820 0.106771 0.010000 0.010000
0 0.797852 0.111003 0.010000 0.010000
0 0.854004 0.114909 0.010000 0.010000
0 0.475830 0.122070 0.010000 0.010000
0 0.557617 0.126628 0.010000 0.010000
0 0.100000 0.128581 0.010000 0.010000
0 0.292725 0.131836 0.010000 0.010000
0 0.187500 0.135417 0.010000 0.010000
0 0.735596 0.142578 0.010000 0.010000
0 0.900000 0.144531 0.010000 0.010000
0 0.506592 0.148112 0.010000 0.010000
0 0.900000 0.147461 0.010000 0.010000
0 0.207031 0.150065 0.010000 0.010000
0 0.229248 0.152669 0.010000 0.010000
0 0.467773 0.161458 0.010000 0.010000
0 0.653076 0.162109 0.010000 0.010000
0 0.339355 0.168294 0.010000 0.010000
0 0.537598 0.170247 0.010000 0.010000
0 0.593750 0.173828 0.010000 0.010000
0 0.708252 0.181966 0.010000 0.010000
0 0.681885 0.183268 0.010000 0.010000
0 0.873047 0.185221 0.010000 0.010000
0 0.569580 0.193685 0.010000 0.010000
0 0.219482 0.194336 0.010000 0.010000
0 0.402100 0.198568 0.010000 0.010000
0 0.671387 0.218099 0.010000 0.010000
0 0.215332 0.225260 0.010000 0.010000
0 0.900000 0.225586 0.010000 0.010000
0 0.408203 0.233398 0.010000 0.010000
0 0.384033 0.242188 0.010000 0.010000
0 0.442627 0.242188 0.010000 0.010000
0 0.553955 0.241536 0.010000 0.010000
0 0.786621 0.243490 0.010000 0.010000
0 0.427246 0.251302 0.010000 0.010000
0 0.277344 0.255859 0.010000 0.010000
0 0.753906 0.266276 0.010000 0.010000
0 0.592773 0.267253 0.010000 0.010000
0 0.272461 0.276042 0.010000 0.010000
0 0.520996 0.277669 0.010000 0.010000
0 0.458252 0.279297 0.010000 0.010000
0 0.836914 0.278971 0.010000 0.010000
0 0.636719 0.285156 0.010000 0.014323
0 0.633301 0.284505 0.010000 0.010000
0 0.648926 0.294596 0.022461 0.027995
0 0.900000 0.284180 0.010000 0.010000
0 0.631836 0.284505 0.010000 0.010000
0 0.645508 0.283529 0.010000 0.010000
0 0.653809 0.285807 0.010000 0.010000
0 0.176514 0.284831 0.010000 0.010000
0 0.570801 0.284831 0.010000 0.010000
0 0.653809 0.288086 0.010000 0.010000
0 0.660156 0.287435 0.010000 0.010000
0 0.900000 0.289714 0.010000 0.010000
0 0.438477 0.295247 0.010000 0.010000
0 0.656494 0.295247 0.010000 0.010000
0 0.438477 0.295247 0.010000 0.010000
0 0.811768 0.304036 0.010000 0.010000
0 0.160889 0.315104 0.010000 0.010000
0 0.870605 0.317708 0.010000 0.010000
0 0.105225 0.320312 0.010000 0.010000
0 0.564453 0.329753 0.021484 0.024089
0 0.212402 0.323893 0.010000 0.010000
0 0.656982 0.320638 0.010000 0.010000
0 0.707031 0.331706 0.012695 0.016276
0 0.580078 0.329753 0.010000 0.010000
0 0.574219 0.329427 0.010000 0.010000
0 0.382568 0.337891 0.010000 0.010000
0 0.838135 0.340820 0.010000 0.010000
0 0.821045 0.340495 0.010000 0.010000
0 0.100000 0.343099 0.010000 0.010000
0 0.699707 0.349935 0.010000 0.010000
0 0.717773 0.350260 0.010000 0.010000
0 0.704102 0.352214 0.010000 0.010000
0 0.713379 0.350586 0.010000 0.010000
0 0.718750 0.352214 0.010000 0.010000
0 0.243896 0.359701 0.010000 0.010000
0 0.528076 0.358724 0.010000 0.010000
0 0.592285 0.365560 0.010000 0.010000
0 0.673340 0.365885 0.010000 0.010000
0 0.672607 0.374674 0.010000 0.010000
0 0.532715 0.375000 0.010000 0.010000
0 0.679199 0.375977 0.010000 0.010000
0 0.820068 0.382487 0.010000 0.011068
0 0.551025 0.401042 0.014160 0.039062
0 0.184082 0.386393 0.010000 0.010000
0 0.635498 0.388346 0.010000 0.010000
0 0.443604 0.391276 0.010000 0.010000
0 0.317627 0.393880 0.010000 0.010000
0 0.180420 0.397135 0.010000 0.010000
0 0.829102 0.396159 0.010000 0.010000
0 0.490967 0.402344 0.010000 0.010000
0 0.376709 0.411458 0.010000 0.010000
0 0.206055 0.413737 0.010000 0.010000
0 0.672607 0.415039 0.010000 0.010000
0 0.812744 0.415039 0.010000 0.010000
0 0.728271 0.419922 0.010000 0.010000
0 0.900000 0.423828 0.010000 0.010000
0 0.141602 0.425130 0.010000 0.010000
0 0.100000 0.434896 0.010000 0.010000
0 0.751465 0.442383 0.012695 0.016276
0 0.333252 0.438477 0.010000 0.010000
0 0.516357 0.442057 0.010000 0.010000
0 0.855957 0.444336 0.010000 0.010000
0 0.517334 0.447917 0.010000 0.010000
0 0.210205 0.445638 0.010000 0.010000
0 0.621826 0.446289 0.010000 0.010000
0 0.623535 0.446289 0.010000 0.010000
0 0.515869 0.449544 0.010000 0.010000
0 0.756836 0.450521 0.010000 0.010000
0 0.708496 0.464518 0.010000 0.010000
0 0.706787 0.464518 0.010000 0.010000
0 0.900000 0.468099 0.010000 0.010000
0 0.799805 0.472005 0.010000 0.010000
0 0.362061 0.485026 0.012207 0.026042
0 0.511963 0.476237 0.010000 0.010000
0 0.858643 0.478190 0.010000 0.010000
0 0.372559 0.478190 0.010000 0.010000
0 0.518799 0.487956 0.010000 0.017578
0 0.411865 0.482096 0.010000 0.010000
0 0.406006 0.484701 0.010000 0.010000
0 0.411865 0.492188 0.019043 0.020833
0 0.587402 0.484049 0.010000 0.010000
0 0.255615 0.489909 0.010000 0.010000
0 0.273926 0.491862 0.010000 0.010000
0 0.421631 0.494792 0.010000 0.010000
0 0.900000 0.499674 0.010000 0.010000
0 0.100000 0.502604 0.010000 0.010000
0 0.447266 0.514648 0.010000 0.010000
0 0.495850 0.517904 0.010000 0.010000
0 0.900000 0.525065 0.010000 0.010000
0 0.199463 0.526693 0.010000 0.010000
0 0.854004 0.538737 0.010000 0.010000
0 0.326172 0.541667 0.010000 0.010000
0 0.757568 0.545573 0.010000 0.010000
0 0.372559 0.552083 0.010000 0.010000
0 0.627686 0.551758 0.010000 0.010000
0 0.215088 0.561849 0.010000 0.010000
0 0.323730 0.563151 0.010000 0.010000
0 0.437012 0.564453 0.010000 0.010000
0 0.331543 0.566081 0.010000 0.010000
0 0.131104 0.572266 0.010000 0.010000
0 0.347412 0.577148 0.012207 0.014974
0 0.779053 0.571940 0.010000 0.010000
0 0.769287 0.571615 0.010000 0.010000
0 0.367188 0.576823 0.010000 0.010000
0 0.854492 0.578776 0.010000 0.010000
0 0.340820 0.579427 0.010000 0.010000
0 0.623779 0.579102 0.010000 0.010000
0 0.900000 0.579427 0.010000 0.010000
0 0.805420 0.585612 0.010000 0.010000
0 0.232666 0.586589 0.010000 0.010000
0 0.100000 0.589844 0.010000 0.010000
0 0.715576 0.591797 0.010000 0.010000
0 0.827393 0.591471 0.010000 0.010000
0 0.586670 0.598633 0.010000 0.010000
0 0.456787 0.597331 0.010000 0.010000
0 0.837646 0.610026 0.010000 0.010000
0 0.900000 0.608724 0.010000 0.010000
0 0.196045 0.613932 0.010000 0.010000
0 0.319824 0.620768 0.010000 0.020182
0 0.322754 0.612956 0.010000 0.010000
0 0.900000 0.620117 0.010000 0.010000
0 0.232178 0.620117 0.010000 0.010000
0 0.705078 0.622396 0.010000 0.010000
0 0.312012 0.627930 0.010000 0.010000
0 0.114258 0.628906 0.010000 0.010000
0 0.900000 0.628581 0.010000 0.010000
0 0.900000 0.633464 0.010000 0.010000
0 0.821777 0.638346 0.010000 0.011068
0 0.900000 0.637044 0.010000 0.010000
0 0.900000 0.639648 0.010000 0.010000
0 0.593262 0.639974 0.010000 0.010000
0 0.900000 0.642578 0.010000 0.010000
0 0.747559 0.646484 0.010000 0.010000
0 0.421631 0.652995 0.010000 0.010000
0 0.652588 0.656250 0.010000 0.010000
0 0.100000 0.660156 0.010000 0.010000
0 0.877441 0.669922 0.010000 0.010000
0 0.771973 0.675456 0.010000 0.010000
0 0.288086 0.681315 0.010000 0.010000
0 0.794678 0.683594 0.010000 0.010000
0 0.497314 0.686198 0.010000 0.010000
0 0.175049 0.691081 0.010000 0.010000
0 0.752441 0.699544 0.010000 0.010000
0 0.777100 0.699219 0.010000 0.010000
0 0.100000 0.703125 0.010000 0.010000
0 0.619873 0.704427 0.010000 0.010000
0 0.455322 0.705404 0.010000 0.010000
0 0.395508 0.718424 0.010000 0.010000
0 0.574951 0.718750 0.010000 0.010000
0 0.410156 0.735026 0.010000 0.010000
0 0.498291 0.736979 0.010000 0.010000
0 0.708252 0.746745 0.010000 0.011719
0 0.100000 0.749023 0.010000 0.010000
0 0.686035 0.747396 0.010000 0.010000
0 0.478516 0.756185 0.010000 0.010000
0 0.553711 0.752604 0.010000 0.010000
0 0.259277 0.757487 0.010000 0.010000
0 0.393066 0.758789 0.010000 0.010000
0 0.533447 0.757812 0.010000 0.010000
0 0.422607 0.769531 0.010000 0.010000
0 0.100000 0.769857 0.010000 0.010000
0 0.592285 0.778320 0.010000 0.010000
0 0.660645 0.781901 0.010000 0.010000
0 0.500488 0.783854 0.010000 0.010000
0 0.900000 0.785807 0.010000 0.010000
0 0.100000 0.785807 0.010000 0.010000
0 0.900000 0.795573 0.010000 0.010000
0 0.168457 0.806315 0.010000 0.010000
0 0.592773 0.815104 0.010000 0.010000
0 0.307373 0.817383 0.010000 0.010000
0 0.416504 0.815755 0.010000 0.010000
0 0.487061 0.819010 0.010000 0.010000
0 0.827148 0.819987 0.010000 0.010000
0 0.900000 0.828776 0.010000 0.011719
0 0.900000 0.829102 0.010000 0.010000
0 0.900000 0.832031 0.010000 0.010417
0 0.397461 0.831706 0.010000 0.010000
0 0.576660 0.845703 0.010000 0.010000
0 0.347412 0.848633 0.010000 0.010000
0 0.347412 0.848633 0.010000 0.010000
0 0.900000 0.851562 0.010000 0.010000
0 0.418213 0.858073 0.010000 0.010000
0 0.100000 0.857096 0.010000 0.010000
0 0.180664 0.859375 0.010000 0.010000
0 0.457520 0.872070 0.010000 0.010000
0 0.149414 0.873047 0.010000 0.010000
0 0.149170 0.872721 0.010000 0.010000
0 0.900000 0.878255 0.010000 0.010000
0 0.811768 0.890299 0.010000 0.010000
0 0.900000 0.890951 0.010000 0.010000
0 0.736572 0.894206 0.010000 0.010000
0 0.356201 0.893555 0.010000 0.010000
0 0.428955 0.897461 0.010000 0.010000
0 0.691406 0.900000 0.010000 0.010000
0 0.900000 0.900000 0.010000 0.010000
0 0.872314 0.900000 0.010000 0.010000
0 0.390381 0.900000 0.010000 0.010000
0 0.100000 0.900000 0.010000 0.010000
0 0.612305 0.900000 0.010000 0.010000
0 0.292725 0.900000 0.010000 0.010000
0 0.574463 0.900000 0.010000 0.010000
0 0.809570 0.900000 0.010000 0.010000
0 0.690674 0.900000 0.010000 0.010000
0 0.447266 0.900000 0.010000 0.010000
0 0.900000 0.900000 0.010000 0.010000
0 0.199707 0.900000 0.010000 0.010000
0 0.732910 0.900000 0.010000 0.010000
0 0.100000 0.900000 0.010000 0.011068
0 0.661377 0.900000 0.010000 0.010000
0 0.804443 0.900000 0.010000 0.010000
0 0.837891 0.900000 0.010000 0.010000
0 0.111816 0.900000 0.010000 0.010000
0 0.170898 0.900000 0.010000 0.010000
0 0.623535 0.900000 0.010000 0.010000
0 0.207764 0.900000 0.010000 0.010000
0 0.790039 0.900000 0.010000 0.010000
0 0.863281 0.900000 0.010000 0.010000
0 0.100000 0.900000 0.010000 0.010000
0 0.494629 0.900000 0.010000 0.010000
