0 0.323592 0.615685 0.044991 0.042625
0 0.333134 0.114502 0.045134 0.042929
0 0.658748 0.100000 0.037557 0.032344
0 0.682141 0.657051 0.034132 0.031705
0 0.480970 0.100000 0.038678 0.038457
0 0.193026 0.615416 0.038698 0.033993
0 0.711088 0.592197 0.037711 0.036797
0 0.582438 0.569238 0.045399 0.042512
0 0.233535 0.824425 0.036982 0.035711
0 0.490015 0.900000 0.036618 0.031792
0 0.718309 0.806522 0.038352 0.034480
0 0.657641 0.302664 0.046445 0.043018
0 0.401254 0.400814 0.036168 0.034664
0 0.178729 0.350072 0.041934 0.039600
1 0.790513 0.408503 0.090344 0.078019
1 0.231703 0.504160 0.086269 0.082182
