1 0.500000 0.500000 0.500000 0.500000
0 0.121094 0.100000 0.010000 0.010000
0 0.100000 0.100000 0.010000 0.010000
0 0.272705 0.100000 0.010000 0.010000
0 0.804443 0.100000 0.010000 0.010000
0 0.887939 0.100000 0.010000 0.010000
0 0.261719 0.100000 0.010000 0.010000
0 0.803223 0.100000 0.010000 0.010000
0 0.297119 0.100000 0.010000 0.010000
0 0.100000 0.112630 0.010000 0.010000
0 0.450439 0.116862 0.010000 0.010000
0 0.112305 0.122721 0.010000 0.010000
0 0.526367 0.138672 0.010000 0.010000
0 0.483887 0.142253 0.010000 0.010000
0 0.900000 0.161784 0.010000 0.010000
0 0.349365 0.161784 0.010000 0.010000
0 0.790771 0.169922 0.010000 0.010000
0 0.900000 0.182617 0.010000 0.010000
0 0.803955 0.183919 0.010000 0.010000
0 0.829834 0.207031 0.010000 0.010000
0 0.736084 0.210286 0.010000 0.010000
0 0.144287 0.221354 0.010000 0.010000
0 0.720215 0.236003 0.010000 0.010000
0 0.100000 0.236654 0.010000 0.010000
0 0.893555 0.236654 0.010000 0.010000
0 0.885498 0.238607 0.010000 0.010000
0 0.866455 0.244141 0.010000 0.010000
0 0.128418 0.250651 0.010000 0.010000
0 0.846680 0.252604 0.010000 0.010000
0 0.865234 0.261719 0.010000 0.010417
0 0.159668 0.270182 0.010000 0.010000
0 0.143066 0.272135 0.010000 0.010000
0 0.420898 0.272461 0.010000 0.010000
0 0.711670 0.272461 0.010000 0.010000
0 0.179199 0.274089 0.010000 0.010000
0 0.100000 0.277344 0.010000 0.010000
0 0.421387 0.277344 0.010000 0.010000
0 0.476318 0.295573 0.010000 0.010000
0 0.781250 0.305990 0.010000 0.010000
0 0.841553 0.310547 0.010000 0.010000
0 0.900000 0.312826 0.010254 0.010000
0 0.120850 0.324219 0.010000 0.010000
0 0.251221 0.324870 0.010000 0.010000
0 0.690918 0.333008 0.010000 0.010000
0 0.100000 0.336263 0.010000 0.010000
0 0.100000 0.359375 0.010000 0.010000
0 0.900000 0.376628 0.010000 0.010000
0 0.854492 0.374674 0.010000 0.010000
0 0.690918 0.381185 0.010000 0.010000
0 0.189697 0.396810 0.010000 0.010000
0 0.100000 0.407878 0.010000 0.010000
0 0.900000 0.409831 0.010000 0.010000
0 0.836182 0.410482 0.010000 0.010000
0 0.900000 0.411133 0.010000 0.010000
0 0.862305 0.411133 0.010000 0.010000
0 0.900000 0.424805 0.010000 0.010000
0 0.577637 0.436198 0.010742 0.018229
0 0.569580 0.437826 0.010000 0.010000
0 0.572266 0.439128 0.010000 0.010000
0 0.588867 0.439128 0.010000 0.010000
0 0.588867 0.440755 0.010000 0.010000
0 0.793213 0.448893 0.011230 0.017578
0 0.800537 0.445638 0.010000 0.010000
0 0.571777 0.453125 0.023438 0.016927
0 0.832031 0.450521 0.010000 0.010000
0 0.515137 0.452474 0.010000 0.010000
0 0.100000 0.455404 0.010000 0.010000
0 0.551270 0.454102 0.010000 0.010000
0 0.886230 0.457031 0.010000 0.010000
0 0.284912 0.458333 0.010000 0.010000
0 0.557129 0.457682 0.010000 0.010000
0 0.519043 0.470378 0.011719 0.017578
0 0.558105 0.463216 0.010000 0.010000
0 0.633545 0.464518 0.010000 0.010000
0 0.183350 0.479167 0.011230 0.015625
0 0.714600 0.480469 0.010000 0.010000
0 0.186035 0.494141 0.011719 0.011719
0 0.701416 0.504557 0.010000 0.010000
0 0.226562 0.514323 0.023438 0.026042
0 0.240967 0.502604 0.010000 0.010000
0 0.682373 0.506185 0.010000 0.010000
0 0.100098 0.504883 0.010000 0.010000
0 0.239258 0.506510 0.010000 0.010000
0 0.240479 0.504883 0.010000 0.010000
0 0.729736 0.507487 0.010000 0.010000
0 0.384033 0.507487 0.010000 0.010000
0 0.403564 0.517904 0.010000 0.010000
0 0.449951 0.529948 0.010000 0.010000
0 0.721436 0.535807 0.010000 0.010000
0 0.396729 0.535807 0.010000 0.010000
0 0.100000 0.546224 0.010000 0.010000
0 0.708252 0.547852 0.010000 0.010000
0 0.742188 0.551432 0.010000 0.010000
0 0.146973 0.556315 0.010000 0.010000
0 0.100000 0.556315 0.010000 0.010000
0 0.697021 0.563477 0.010000 0.010000
0 0.128662 0.566081 0.010000 0.010000
0 0.150879 0.567708 0.010000 0.010000
0 0.352295 0.567383 0.010000 0.010000
0 0.491699 0.573568 0.010000 0.010000
0 0.100000 0.573893 0.010000 0.010000
0 0.332031 0.572591 0.010000 0.010000
0 0.900000 0.576172 0.010000 0.010000
0 0.239746 0.579102 0.010000 0.010000
0 0.334229 0.579102 0.010000 0.010000
0 0.237549 0.581055 0.010000 0.010000
0 0.347900 0.584310 0.010000 0.010000
0 0.140625 0.588867 0.010000 0.010000
0 0.132324 0.586589 0.010000 0.010000
0 0.140625 0.588867 0.010000 0.010000
0 0.132568 0.589518 0.010000 0.010000
0 0.292236 0.590820 0.010000 0.010000
0 0.145508 0.595378 0.010000 0.010000
0 0.314941 0.597656 0.010000 0.010000
0 0.334229 0.599609 0.010000 0.010000
0 0.900000 0.611328 0.010000 0.010000
0 0.603760 0.613932 0.010000 0.010000
0 0.100000 0.616536 0.010000 0.010000
0 0.356201 0.618490 0.010000 0.010000
0 0.797852 0.623698 0.010000 0.010000
0 0.858398 0.631185 0.010000 0.010000
0 0.192383 0.634440 0.010000 0.010000
0 0.270508 0.642253 0.014648 0.017578
0 0.198242 0.649089 0.010000 0.010417
0 0.522461 0.648112 0.010000 0.010000
0 0.686523 0.653971 0.010000 0.010000
0 0.776611 0.653320 0.010000 0.010000
0 0.393555 0.657227 0.010000 0.010000
0 0.745605 0.658854 0.010000 0.010000
0 0.260254 0.662760 0.010000 0.010000
0 0.133057 0.674805 0.010000 0.010000
0 0.340576 0.688477 0.010000 0.010000
0 0.571289 0.689779 0.010000 0.010000
0 0.591553 0.706706 0.010000 0.010000
0 0.192871 0.711914 0.010000 0.010000
0 0.192627 0.713216 0.010000 0.010000
0 0.164062 0.722656 0.010000 0.010000
0 0.408203 0.732096 0.010000 0.010000
0 0.672607 0.745117 0.010000 0.010000
0 0.900000 0.744141 0.010000 0.010000
0 0.640137 0.761393 0.010000 0.010000
0 0.900000 0.763672 0.010000 0.010000
0 0.100000 0.776693 0.010000 0.010000
0 0.900000 0.782878 0.010000 0.010000
0 0.900000 0.786458 0.010000 0.010000
0 0.511230 0.805990 0.010000 0.010000
0 0.872559 0.809245 0.010000 0.010000
0 0.100000 0.812174 0.010000 0.010000
0 0.479492 0.814779 0.010000 0.010000
0 0.100000 0.813477 0.010000 0.010000
0 0.311523 0.818685 0.010000 0.010000
0 0.681885 0.816732 0.010000 0.010000
0 0.782715 0.831380 0.010000 0.010000
0 0.229248 0.844076 0.010000 0.010000
0 0.708008 0.845703 0.010000 0.010000
0 0.229492 0.892578 0.010000 0.010000
0 0.572021 0.895182 0.010000 0.010000
0 0.393311 0.900000 0.010000 0.010000
0 0.725098 0.900000 0.010000 0.010000
0 0.900000 0.900000 0.010000 0.010000
0 0.267090 0.900000 0.010000 0.010000
0 0.246094 0.900000 0.010000 0.010000
0 0.545166 0.900000 0.010000 0.010000
0 0.434814 0.900000 0.010000 0.010000
0 0.448242 0.900000 0.010000 0.010000
0 0.234863 0.900000 0.010000 0.010000
0 0.100000 0.900000 0.010000 0.010000
0 0.100000 0.900000 0.010000 0.010000
0 0.474365 0.900000 0.010000 0.010000
0 0.760254 0.900000 0.010000 0.010000
