0 0.100000 0.100000 0.010000 0.010000
1 0.500000 0.500000 0.500000 0.500000
0 0.231445 0.100000 0.010000 0.010000
0 0.445801 0.100000 0.010000 0.010000
0 0.843262 0.100000 0.010000 0.010000
0 0.398438 0.100000 0.010000 0.010000
0 0.894531 0.100000 0.010000 0.010000
0 0.791504 0.100000 0.010000 0.010000
0 0.838623 0.100000 0.010000 0.010000
0 0.331543 0.100000 0.010000 0.010000
0 0.100000 0.100000 0.010000 0.010000
0 0.877686 0.100000 0.010000 0.010000
0 0.166260 0.100000 0.010000 0.013021
0 0.480713 0.100000 0.010000 0.010000
0 0.818848 0.100000 0.010000 0.010000
0 0.855469 0.100000 0.010000 0.010000
0 0.555664 0.100000 0.010000 0.010000
0 0.161133 0.100000 0.010000 0.010000
0 0.247559 0.100000 0.010000 0.010000
0 0.100000 0.100000 0.010000 0.010000
0 0.360840 0.100000 0.010000 0.010000
0 0.623535 0.100000 0.010000 0.010000
0 0.619385 0.100000 0.010000 0.010000
0 0.900000 0.100000 0.010000 0.010000
0 0.259033 0.100000 0.010000 0.010000
0 0.872803 0.100000 0.010000 0.010000
0 0.263428 0.100000 0.010000 0.010000
0 0.257324 0.100000 0.010000 0.010000
0 0.100000 0.100000 0.010000 0.010000
0 0.211914 0.100000 0.010000 0.010000
0 0.788330 0.100000 0.010000 0.010000
0 0.693359 0.100000 0.010000 0.010000
0 0.173096 0.100000 0.010000 0.010000
0 0.870361 0.100000 0.010000 0.010000
0 0.291504 0.100260 0.010000 0.010000
0 0.179199 0.102539 0.010000 0.010000
0 0.597656 0.101888 0.010000 0.010000
0 0.302490 0.104818 0.010000 0.010000
0 0.840088 0.106771 0.010000 0.010000
0 0.451172 0.113281 0.010000 0.010000
0 0.298340 0.110352 0.010000 0.010000
0 0.580566 0.113281 0.010000 0.010000
0 0.819580 0.113932 0.010000 0.010000
0 0.284424 0.117513 0.010000 0.010000
0 0.320312 0.122070 0.010000 0.010000
0 0.766113 0.122396 0.010000 0.010000
0 0.342529 0.124674 0.010000 0.010000
0 0.689453 0.134115 0.010000 0.010000
0 0.699463 0.135742 0.010000 0.010000
0 0.793213 0.137370 0.010000 0.010000
0 0.887695 0.144206 0.010000 0.010000
0 0.895020 0.145182 0.010000 0.010000
0 0.279541 0.160482 0.010000 0.010000
0 0.100000 0.177734 0.010000 0.010000
0 0.197266 0.183594 0.010000 0.010000
0 0.900000 0.188151 0.010000 0.010000
0 0.303467 0.194336 0.010000 0.010000
0 0.711914 0.197917 0.010000 0.010000
0 0.852051 0.200195 0.010000 0.010000
0 0.823975 0.203451 0.010000 0.010000
0 0.874268 0.203451 0.010000 0.010000
0 0.264404 0.204427 0.010000 0.010000
0 0.700684 0.215820 0.026367 0.025391
0 0.131592 0.207357 0.010000 0.010000
0 0.758301 0.212240 0.010000 0.010000
0 0.720947 0.213867 0.010000 0.010000
0 0.769775 0.219076 0.010000 0.010000
0 0.100000 0.219401 0.010000 0.010000
0 0.349365 0.220378 0.010000 0.010000
0 0.771484 0.220378 0.010000 0.010000
0 0.211182 0.229492 0.010000 0.010000
0 0.100000 0.239909 0.010000 0.010000
0 0.820068 0.247396 0.010000 0.010000
0 0.318359 0.250000 0.010000 0.010000
0 0.320557 0.258138 0.010000 0.010000
0 0.640625 0.263346 0.010000 0.010000
0 0.489014 0.277344 0.010000 0.010000
0 0.486084 0.278971 0.010000 0.010000
0 0.455322 0.288737 0.010000 0.010000
0 0.608398 0.291341 0.010000 0.010000
0 0.440186 0.302734 0.013184 0.022135
0 0.900000 0.305664 0.010000 0.010000
0 0.890137 0.316081 0.010000 0.010000
0 0.574219 0.315755 0.010000 0.010000
0 0.900000 0.320964 0.010000 0.010000
0 0.432129 0.320964 0.010000 0.010000
0 0.557617 0.332031 0.010000 0.011719
0 0.548828 0.335938 0.010000 0.010000
0 0.485840 0.364583 0.021484 0.032552
0 0.492920 0.383464 0.029785 0.062500
0 0.499268 0.353841 0.010000 0.010000
0 0.100000 0.363281 0.010000 0.010000
0 0.900000 0.369466 0.010000 0.010000
0 0.364746 0.374023 0.010000 0.010000
0 0.726074 0.384766 0.010000 0.010000
0 0.644531 0.382812 0.010000 0.010000
0 0.654053 0.386068 0.010000 0.010000
0 0.130859 0.400391 0.010000 0.010000
0 0.293457 0.406576 0.010000 0.010000
0 0.900000 0.405599 0.010000 0.010000
0 0.531738 0.418294 0.014648 0.026693
0 0.900000 0.414062 0.010000 0.010000
0 0.601562 0.422852 0.010000 0.010000
0 0.240723 0.420573 0.010000 0.010000
0 0.787598 0.420898 0.010000 0.010000
0 0.255859 0.425456 0.010000 0.010000
0 0.627197 0.426432 0.010000 0.010000
0 0.253418 0.428060 0.010000 0.010000
0 0.250000 0.426432 0.010000 0.010000
0 0.259033 0.429688 0.010000 0.010000
0 0.255371 0.430339 0.010000 0.010000
0 0.733887 0.432292 0.010000 0.010000
0 0.731445 0.433594 0.010000 0.010000
0 0.739502 0.434245 0.010000 0.010000
0 0.238037 0.439779 0.010000 0.010000
0 0.100000 0.444336 0.015137 0.010000
0 0.606934 0.443359 0.010000 0.010000
0 0.884521 0.443685 0.010000 0.010000
0 0.227295 0.444661 0.010000 0.010000
0 0.563477 0.457031 0.011719 0.018229
0 0.512939 0.455078 0.010000 0.010417
0 0.900000 0.481445 0.010000 0.010000
0 0.109619 0.496419 0.010000 0.010000
0 0.352539 0.494792 0.010000 0.010000
0 0.125000 0.505859 0.010000 0.015625
0 0.647705 0.501628 0.010000 0.010000
0 0.637695 0.499349 0.010000 0.010000
0 0.193848 0.513021 0.010000 0.010000
0 0.900000 0.513997 0.010000 0.010000
0 0.590088 0.515625 0.010000 0.010000
0 0.100000 0.517578 0.010742 0.010000
0 0.584961 0.518880 0.010000 0.010000
0 0.574707 0.524414 0.010000 0.010000
0 0.685547 0.521159 0.010000 0.010000
0 0.259521 0.527018 0.010000 0.010000
0 0.229980 0.528971 0.010000 0.010000
0 0.705078 0.529948 0.010000 0.010000
0 0.709717 0.529948 0.010000 0.010000
0 0.711426 0.529297 0.010000 0.010000
0 0.100000 0.537760 0.014648 0.013021
0 0.100000 0.538411 0.010000 0.010417
0 0.100000 0.540039 0.010000 0.013672
0 0.498779 0.533529 0.010000 0.010000
0 0.709717 0.537760 0.010000 0.010000
0 0.100000 0.537760 0.010000 0.010000
0 0.528320 0.543294 0.010000 0.012370
0 0.169922 0.551432 0.018555 0.019531
0 0.709717 0.542643 0.010000 0.010000
0 0.259521 0.544271 0.010000 0.010000
0 0.100000 0.545247 0.010000 0.010000
0 0.506348 0.553385 0.010000 0.010000
0 0.767578 0.554036 0.010000 0.010000
0 0.177979 0.553385 0.010000 0.010000
0 0.100000 0.562500 0.010000 0.010000
0 0.613770 0.566732 0.010000 0.011068
0 0.100000 0.566406 0.010000 0.010000
0 0.867188 0.569010 0.010000 0.010000
0 0.783691 0.571615 0.010000 0.010000
0 0.569336 0.584310 0.017578 0.020182
0 0.353027 0.580404 0.010000 0.010000
0 0.100000 0.583984 0.010000 0.010000
0 0.100000 0.589518 0.010000 0.010000
0 0.100000 0.594076 0.010000 0.010000
0 0.100000 0.597005 0.010000 0.010000
0 0.210693 0.603841 0.010000 0.010000
0 0.209229 0.603841 0.010000 0.010000
0 0.231689 0.610026 0.015137 0.016927
0 0.466797 0.608398 0.010000 0.010000
0 0.218750 0.615234 0.010000 0.010000
0 0.354736 0.611979 0.010000 0.010000
0 0.215332 0.615234 0.010000 0.010000
0 0.672607 0.613281 0.010000 0.010000
0 0.221191 0.616862 0.010000 0.010000
0 0.237061 0.621094 0.010000 0.010000
0 0.119873 0.633464 0.010000 0.019531
0 0.396484 0.627279 0.010000 0.010000
0 0.412109 0.647786 0.013672 0.041667
0 0.510986 0.629232 0.010000 0.010000
0 0.100000 0.632161 0.010000 0.010000
0 0.395752 0.634115 0.010000 0.010000
0 0.512451 0.634766 0.010000 0.010000
0 0.100000 0.636068 0.010000 0.010000
0 0.399414 0.646159 0.018555 0.020182
0 0.154785 0.650065 0.010742 0.020182
0 0.869629 0.643229 0.010000 0.010000
0 0.156982 0.656576 0.010000 0.010000
0 0.158447 0.656250 0.010000 0.010000
0 0.177734 0.654622 0.010000 0.010000
0 0.493896 0.656576 0.010000 0.010000
0 0.164307 0.659180 0.010000 0.010000
0 0.402832 0.664714 0.010000 0.010000
0 0.375977 0.668620 0.010000 0.010000
0 0.287842 0.677734 0.010000 0.010000
0 0.532715 0.679362 0.010000 0.010000
0 0.723389 0.680013 0.010000 0.010000
0 0.430420 0.683594 0.010000 0.010000
0 0.100000 0.687174 0.010000 0.010000
0 0.682129 0.688802 0.010000 0.010000
0 0.779785 0.688802 0.010000 0.010000
0 0.160400 0.690430 0.010000 0.010000
0 0.900000 0.691406 0.010000 0.010000
0 0.502930 0.699870 0.010000 0.015625
0 0.103760 0.695312 0.010000 0.010000
0 0.264893 0.696289 0.010000 0.010000
0 0.241699 0.697591 0.010000 0.010000
0 0.106934 0.697591 0.010000 0.010000
0 0.240479 0.698568 0.010000 0.010000
0 0.900000 0.701497 0.010000 0.010000
0 0.900000 0.705404 0.010000 0.010000
0 0.100000 0.705404 0.010000 0.010000
0 0.900000 0.706380 0.010000 0.010000
0 0.100000 0.721354 0.010000 0.010000
0 0.875977 0.720378 0.010000 0.010000
0 0.870117 0.731771 0.010742 0.016927
0 0.280029 0.729818 0.010000 0.010000
0 0.865234 0.732096 0.010000 0.010000
0 0.100000 0.734375 0.010000 0.010000
0 0.100000 0.735677 0.010000 0.010000
0 0.807861 0.736328 0.010000 0.010000
0 0.878662 0.737305 0.010000 0.010000
0 0.100000 0.741536 0.010000 0.010000
0 0.863281 0.739909 0.010000 0.010000
0 0.900000 0.740234 0.014648 0.010000
0 0.859619 0.741862 0.010000 0.010000
0 0.892334 0.741862 0.010000 0.010000
0 0.900000 0.742513 0.010000 0.010000
0 0.862061 0.745443 0.010000 0.010000
0 0.810547 0.750326 0.010000 0.010000
0 0.900000 0.749023 0.010000 0.010000
0 0.373535 0.764648 0.012695 0.017578
0 0.376953 0.757812 0.010000 0.010000
0 0.777588 0.762695 0.010000 0.010000
0 0.334717 0.776367 0.016113 0.027995
0 0.786865 0.763997 0.010000 0.010000
0 0.368408 0.772786 0.010000 0.010417
0 0.842285 0.771484 0.010000 0.010000
0 0.845215 0.770833 0.010000 0.010000
0 0.198486 0.771810 0.010000 0.010000
0 0.353516 0.781576 0.012695 0.024089
0 0.847656 0.771159 0.010000 0.010000
0 0.142090 0.773438 0.010000 0.010000
0 0.366211 0.779297 0.015625 0.016927
0 0.367920 0.772461 0.010000 0.010000
0 0.140869 0.780273 0.010000 0.010000
0 0.373291 0.782227 0.010000 0.010000
0 0.840088 0.781901 0.010000 0.010000
0 0.100000 0.785482 0.010000 0.010000
0 0.258057 0.788737 0.010000 0.010000
0 0.895264 0.786784 0.010000 0.010000
0 0.100000 0.788411 0.010000 0.010000
0 0.900000 0.787760 0.010000 0.010000
0 0.100000 0.790690 0.010000 0.010000
0 0.900000 0.796875 0.010000 0.016927
0 0.100000 0.793945 0.010000 0.010000
0 0.231689 0.795898 0.010000 0.011068
0 0.100000 0.795898 0.010000 0.010000
0 0.100000 0.796875 0.010000 0.010000
0 0.100000 0.808594 0.010000 0.010000
0 0.100000 0.811198 0.010000 0.010000
0 0.100000 0.809245 0.010000 0.010000
0 0.100000 0.811198 0.010000 0.010000
0 0.808838 0.813802 0.010000 0.010000
0 0.757324 0.814453 0.010000 0.010000
0 0.776855 0.816081 0.010000 0.010000
0 0.475098 0.835938 0.010000 0.010000
0 0.510010 0.849609 0.010000 0.010000
0 0.167236 0.849609 0.010000 0.010000
0 0.796875 0.851562 0.010000 0.010000
0 0.770020 0.857096 0.010000 0.010000
0 0.230713 0.859049 0.010000 0.010000
0 0.744873 0.861003 0.010000 0.010000
0 0.797852 0.867188 0.010000 0.010000
0 0.100000 0.876953 0.020020 0.023438
0 0.692871 0.884115 0.015625 0.018229
0 0.765137 0.881185 0.010000 0.010000
0 0.677490 0.890625 0.016113 0.022135
0 0.604736 0.885091 0.010000 0.010000
0 0.684082 0.885091 0.010000 0.010000
0 0.669189 0.900000 0.010000 0.010000
0 0.489258 0.900000 0.010000 0.010000
0 0.584229 0.900000 0.010000 0.010000
0 0.819092 0.900000 0.010000 0.010000
0 0.806641 0.900000 0.010000 0.010000
0 0.568604 0.900000 0.010000 0.010000
0 0.539551 0.900000 0.010000 0.010000
0 0.543213 0.900000 0.010000 0.010000
0 0.607910 0.900000 0.010000 0.010000
0 0.570557 0.900000 0.010000 0.010000
0 0.534424 0.900000 0.010000 0.010000
0 0.583984 0.900000 0.010000 0.010000
0 0.100000 0.900000 0.010000 0.010000
0 0.532959 0.900000 0.010000 0.010000
0 0.739990 0.900000 0.031738 0.011068
0 0.468506 0.900000 0.010000 0.010000
0 0.722656 0.900000 0.010000 0.010000
