1 0.500000 0.500000 0.500000 0.500000
0 0.311768 0.100000 0.010000 0.010000
0 0.518555 0.100000 0.010000 0.010000
0 0.554932 0.100000 0.010000 0.010000
0 0.793457 0.100000 0.044922 0.051432
0 0.308838 0.100000 0.010000 0.010000
0 0.812500 0.100000 0.010000 0.010000
0 0.595215 0.100000 0.010000 0.010000
0 0.806396 0.100000 0.010000 0.010000
0 0.326904 0.100000 0.010000 0.010000
0 0.337158 0.100000 0.010000 0.010000
0 0.402344 0.100000 0.010000 0.010000
0 0.310791 0.100000 0.010000 0.010000
0 0.321777 0.100000 0.010000 0.010000
0 0.526611 0.100000 0.010000 0.010000
0 0.327637 0.100000 0.010000 0.010000
0 0.774902 0.100000 0.010000 0.010000
0 0.780762 0.100000 0.010000 0.010000
0 0.337891 0.100000 0.010000 0.010000
0 0.796875 0.100000 0.010000 0.010000
0 0.478027 0.100000 0.010000 0.010000
0 0.864990 0.100000 0.010000 0.010000
0 0.865479 0.100000 0.010000 0.010000
0 0.874268 0.100000 0.010000 0.010000
0 0.854980 0.100000 0.010000 0.010000
0 0.885254 0.100000 0.010000 0.010000
0 0.856445 0.100000 0.010000 0.010000
0 0.484131 0.100000 0.010000 0.010000
0 0.100000 0.100000 0.010000 0.010000
0 0.608398 0.100000 0.010000 0.010000
0 0.740479 0.100000 0.010000 0.010000
0 0.869141 0.100000 0.010000 0.010000
0 0.877686 0.100000 0.010000 0.010000
0 0.698242 0.100000 0.010000 0.010000
0 0.525879 0.100000 0.010000 0.010000
0 0.738525 0.100000 0.010000 0.010000
0 0.270996 0.100000 0.010000 0.010000
0 0.240234 0.100000 0.010000 0.010000
0 0.900000 0.100000 0.010000 0.010000
0 0.519775 0.100000 0.010000 0.010000
0 0.873291 0.100000 0.010000 0.010000
0 0.642334 0.100000 0.010000 0.010000
0 0.725098 0.100000 0.010000 0.010000
0 0.548584 0.103841 0.010000 0.010000
0 0.548584 0.112305 0.010000 0.020182
0 0.900000 0.111003 0.010000 0.010000
0 0.537598 0.119792 0.015625 0.022135
0 0.544922 0.110026 0.010000 0.010000
0 0.243408 0.125000 0.010000 0.010000
0 0.663330 0.129557 0.010000 0.010000
0 0.249268 0.131510 0.010000 0.010000
0 0.540283 0.134440 0.010000 0.010000
0 0.232666 0.138021 0.010000 0.010000
0 0.258789 0.144206 0.010000 0.010000
0 0.260010 0.144857 0.010000 0.010000
0 0.259521 0.161458 0.010000 0.010000
0 0.684570 0.165039 0.010000 0.010000
0 0.100000 0.172526 0.010000 0.010000
0 0.733887 0.173828 0.010000 0.010000
0 0.537842 0.181641 0.010000 0.010000
0 0.534912 0.190104 0.015137 0.018229
0 0.485596 0.182943 0.010000 0.010000
0 0.641846 0.186523 0.010000 0.010000
0 0.640381 0.187500 0.010000 0.010000
0 0.638672 0.188802 0.010000 0.010000
0 0.584473 0.191732 0.010000 0.010000
0 0.631592 0.194010 0.010000 0.010000
0 0.604004 0.196289 0.010000 0.010000
0 0.491455 0.195964 0.010000 0.010000
0 0.670410 0.198568 0.010000 0.010000
0 0.619873 0.201497 0.010000 0.010000
0 0.258789 0.201172 0.010000 0.010000
0 0.321045 0.205404 0.010000 0.010000
0 0.323730 0.206380 0.010000 0.010000
0 0.577148 0.205404 0.010000 0.010000
0 0.327148 0.207357 0.010000 0.010000
0 0.496338 0.208008 0.010000 0.010000
0 0.570312 0.207682 0.010000 0.010000
0 0.449219 0.211914 0.010000 0.010000
0 0.255859 0.229167 0.026367 0.036458
0 0.181396 0.215169 0.010000 0.010000
0 0.609863 0.221029 0.010000 0.010000
0 0.388184 0.242839 0.020508 0.037760
0 0.271240 0.231120 0.010000 0.011719
0 0.323242 0.229492 0.010000 0.010000
0 0.306641 0.229492 0.010000 0.010000
0 0.285156 0.235677 0.010000 0.010000
0 0.731934 0.235026 0.010000 0.010000
0 0.698975 0.240560 0.010000 0.010000
0 0.683594 0.257161 0.019531 0.031250
0 0.334229 0.246419 0.010000 0.010000
0 0.372559 0.245443 0.010000 0.010000
0 0.682861 0.247396 0.010000 0.010000
0 0.380859 0.248698 0.010000 0.010000
0 0.766846 0.245443 0.010000 0.010000
0 0.373047 0.247396 0.010000 0.010000
0 0.392578 0.256836 0.010000 0.010000
0 0.225098 0.260091 0.010000 0.010000
0 0.217041 0.266602 0.010000 0.010000
0 0.339844 0.263672 0.010000 0.010000
0 0.463623 0.269531 0.010000 0.010000
0 0.680176 0.270508 0.010000 0.010000
0 0.587402 0.275716 0.010000 0.010000
0 0.194092 0.282878 0.010000 0.010000
0 0.406006 0.296224 0.010000 0.010000
0 0.100000 0.298503 0.010000 0.010000
0 0.100000 0.304036 0.011719 0.011719
0 0.409668 0.301107 0.010000 0.010000
0 0.813965 0.304362 0.010000 0.010000
0 0.900000 0.304688 0.010000 0.010000
0 0.435547 0.308594 0.010000 0.010000
0 0.606201 0.307292 0.010000 0.010000
0 0.204346 0.308594 0.010000 0.010000
0 0.100000 0.312174 0.010000 0.010000
0 0.199463 0.316406 0.010000 0.010417
0 0.631348 0.312826 0.010000 0.010000
0 0.100000 0.318359 0.010000 0.010000
0 0.100000 0.330729 0.015625 0.031250
0 0.100000 0.324219 0.010000 0.015625
0 0.601807 0.319661 0.010000 0.010000
0 0.616699 0.330404 0.010000 0.025391
0 0.610840 0.322266 0.010000 0.010000
0 0.698486 0.341797 0.024902 0.042969
0 0.137207 0.326172 0.010000 0.010000
0 0.882080 0.335612 0.010000 0.010000
0 0.100000 0.336263 0.010000 0.010000
0 0.713623 0.336914 0.010000 0.010000
0 0.122314 0.337240 0.010000 0.010000
0 0.900000 0.340169 0.010000 0.010000
0 0.900000 0.342448 0.010000 0.011719
0 0.900000 0.341797 0.010000 0.010417
0 0.818848 0.343099 0.010000 0.010000
0 0.436035 0.343424 0.010000 0.010000
0 0.382812 0.366862 0.031250 0.043620
0 0.868652 0.348633 0.010000 0.010000
0 0.388672 0.354492 0.010000 0.011068
0 0.395508 0.349935 0.010000 0.010000
0 0.867432 0.350911 0.010000 0.010000
0 0.871338 0.349935 0.010000 0.010000
0 0.900000 0.349935 0.010000 0.010000
0 0.339844 0.355469 0.010000 0.010000
0 0.106201 0.355794 0.010000 0.010000
0 0.402344 0.359701 0.010000 0.010000
0 0.459473 0.361328 0.010000 0.010000
0 0.464600 0.361328 0.010000 0.010000
0 0.822998 0.358073 0.010000 0.010000
0 0.401611 0.360677 0.010000 0.010000
0 0.457031 0.359049 0.010000 0.010000
0 0.259277 0.362305 0.010000 0.010000
0 0.448975 0.361328 0.010000 0.010000
0 0.464600 0.362305 0.010000 0.010000
0 0.878174 0.366536 0.010000 0.010000
0 0.188232 0.371419 0.010000 0.010000
0 0.139160 0.378255 0.010000 0.010000
0 0.137207 0.379883 0.010000 0.010000
0 0.100000 0.385417 0.010000 0.010000
0 0.134033 0.388021 0.010000 0.010000
0 0.632080 0.392904 0.010000 0.010000
0 0.801270 0.397135 0.010000 0.010000
0 0.249023 0.399740 0.010000 0.010000
0 0.604980 0.400716 0.010000 0.010000
0 0.100000 0.405599 0.010000 0.010000
0 0.571045 0.402669 0.010000 0.010000
0 0.100000 0.404297 0.010000 0.010000
0 0.593994 0.405599 0.010000 0.010000
0 0.100000 0.405599 0.010000 0.010000
0 0.160645 0.407552 0.010000 0.010000
0 0.538574 0.407552 0.010000 0.010000
0 0.594238 0.408529 0.010000 0.010000
0 0.100000 0.410807 0.010000 0.010000
0 0.100000 0.411458 0.010000 0.010000
0 0.568115 0.412760 0.010000 0.010000
0 0.593750 0.414388 0.010000 0.010000
0 0.100000 0.416992 0.010000 0.010000
0 0.100000 0.416992 0.010000 0.010000
0 0.100000 0.417318 0.010000 0.010000
0 0.594238 0.416016 0.010000 0.010000
0 0.850586 0.416992 0.010000 0.010000
0 0.590088 0.419596 0.010000 0.010000
0 0.653809 0.420573 0.010000 0.010000
0 0.100000 0.421549 0.010000 0.010000
0 0.100000 0.421875 0.010000 0.010000
0 0.645508 0.421549 0.010000 0.010000
0 0.100000 0.427409 0.010000 0.010000
0 0.100000 0.427409 0.010000 0.010000
0 0.237549 0.430664 0.010000 0.010000
0 0.634766 0.429362 0.010000 0.010000
0 0.576660 0.432617 0.010000 0.010000
0 0.455566 0.450521 0.010000 0.010000
0 0.900000 0.451172 0.010000 0.010000
0 0.412598 0.455078 0.010000 0.010000
0 0.900000 0.458333 0.010000 0.010000
0 0.100000 0.458008 0.010000 0.010000
0 0.576660 0.459635 0.010000 0.010000
0 0.900000 0.458984 0.010000 0.010000
0 0.100000 0.462565 0.010000 0.010000
0 0.148682 0.482422 0.010000 0.010417
0 0.900000 0.482747 0.010000 0.010000
0 0.148682 0.482422 0.010000 0.010000
0 0.639160 0.490885 0.010000 0.010000
0 0.101318 0.491211 0.010000 0.010000
0 0.370117 0.492188 0.010000 0.010000
0 0.520996 0.493815 0.010000 0.010000
0 0.107910 0.497721 0.010000 0.010000
0 0.464844 0.497721 0.010000 0.010000
0 0.464844 0.499674 0.010000 0.010000
0 0.900000 0.502604 0.010000 0.011719
0 0.505615 0.499023 0.010000 0.010000
0 0.900000 0.502604 0.010000 0.010000
0 0.427734 0.501302 0.010000 0.010000
0 0.576172 0.501953 0.010000 0.010000
0 0.296875 0.503255 0.010000 0.010000
0 0.283447 0.504557 0.010000 0.010000
0 0.220215 0.510417 0.010000 0.010000
0 0.596924 0.512044 0.010000 0.010000
0 0.187256 0.516602 0.010000 0.010000
0 0.223389 0.514974 0.010000 0.010000
0 0.596680 0.513997 0.010000 0.010000
0 0.597168 0.516602 0.010000 0.010000
0 0.625977 0.518229 0.010000 0.010000
0 0.576660 0.520508 0.010000 0.010000
0 0.255615 0.523112 0.010000 0.010000
0 0.444580 0.526693 0.010000 0.010000
0 0.269043 0.530273 0.010000 0.010000
0 0.502441 0.526367 0.010000 0.010000
0 0.456055 0.529297 0.010000 0.010000
0 0.179443 0.528971 0.010000 0.010000
0 0.595215 0.532552 0.010000 0.010000
0 0.270020 0.532227 0.010000 0.010000
0 0.384277 0.540039 0.010000 0.010000
0 0.796875 0.545573 0.010000 0.010000
0 0.900000 0.546224 0.010000 0.010000
0 0.707764 0.550130 0.010000 0.010000
0 0.446777 0.550456 0.010000 0.010000
0 0.900000 0.549805 0.010000 0.010000
0 0.333984 0.556641 0.010000 0.010000
0 0.330078 0.557292 0.010000 0.010000
0 0.801025 0.563151 0.010000 0.010000
0 0.864258 0.567708 0.010000 0.010000
0 0.587402 0.575195 0.010000 0.010000
0 0.607666 0.580404 0.010000 0.010000
0 0.161133 0.583333 0.010000 0.010000
0 0.864746 0.587240 0.010000 0.010000
0 0.890381 0.587565 0.010000 0.010000
0 0.337891 0.588867 0.010000 0.010000
0 0.891357 0.589193 0.010000 0.010000
0 0.892334 0.589844 0.010000 0.010000
0 0.165039 0.592448 0.010000 0.010000
0 0.795166 0.591797 0.010000 0.010000
0 0.791016 0.592122 0.010000 0.010000
0 0.889160 0.593424 0.010000 0.010000
0 0.889893 0.604818 0.019043 0.024740
0 0.891602 0.594727 0.010000 0.010000
0 0.885254 0.599935 0.010000 0.010000
0 0.267334 0.598307 0.010000 0.010000
0 0.100000 0.604492 0.010000 0.011068
0 0.732422 0.605469 0.010000 0.010000
0 0.735840 0.604818 0.010000 0.010000
0 0.524170 0.606445 0.010000 0.010000
0 0.386963 0.607096 0.010000 0.010000
0 0.880127 0.610352 0.010000 0.010000
0 0.149902 0.613281 0.010000 0.010000
0 0.781006 0.619141 0.010000 0.015625
0 0.340332 0.615560 0.010000 0.010000
0 0.286133 0.614909 0.010000 0.010000
0 0.332520 0.621745 0.010000 0.015625
0 0.340332 0.616536 0.010000 0.010000
0 0.369629 0.615234 0.010000 0.010000
0 0.332764 0.620443 0.010000 0.010000
0 0.639404 0.617188 0.010000 0.010000
0 0.279541 0.619466 0.010000 0.010000
0 0.150879 0.620117 0.010000 0.010000
0 0.781006 0.620443 0.010000 0.010000
0 0.792969 0.621419 0.010000 0.010000
0 0.344238 0.629232 0.010000 0.014974
0 0.530762 0.623372 0.010000 0.010000
0 0.149658 0.623047 0.010000 0.010000
0 0.649170 0.624674 0.010000 0.010000
0 0.395020 0.624349 0.010000 0.010000
0 0.900000 0.630208 0.010000 0.011719
0 0.343018 0.629883 0.010000 0.010000
0 0.612793 0.627930 0.010000 0.010000
0 0.900000 0.627930 0.010000 0.010000
0 0.148193 0.631185 0.010000 0.010000
0 0.372803 0.628906 0.010000 0.010000
0 0.778076 0.630208 0.010000 0.010000
0 0.900000 0.632487 0.010000 0.011068
0 0.329102 0.629557 0.010000 0.010000
0 0.674072 0.628581 0.010000 0.010000
0 0.786621 0.629232 0.010000 0.010000
0 0.492676 0.638346 0.014648 0.014974
0 0.698486 0.632812 0.010000 0.010000
0 0.590088 0.632487 0.010000 0.010000
0 0.612549 0.632161 0.010000 0.010000
0 0.691650 0.646484 0.032715 0.028646
0 0.283447 0.634440 0.010000 0.010000
0 0.900000 0.639648 0.010000 0.010000
0 0.348633 0.640951 0.010000 0.010000
0 0.784912 0.639648 0.010000 0.010000
0 0.900000 0.640625 0.010000 0.010000
0 0.343750 0.641276 0.010000 0.010000
0 0.900000 0.643229 0.010000 0.010000
0 0.820557 0.645182 0.010000 0.010000
0 0.505615 0.645833 0.010000 0.010000
0 0.561768 0.650065 0.010000 0.010000
0 0.327637 0.646484 0.010000 0.010000
0 0.442139 0.652018 0.010000 0.011068
0 0.505615 0.648438 0.010000 0.010000
0 0.684570 0.650391 0.010000 0.010000
0 0.304443 0.652018 0.010000 0.010000
0 0.443359 0.657227 0.010000 0.010000
0 0.679932 0.659831 0.010000 0.010000
0 0.100000 0.665690 0.010000 0.010000
0 0.515381 0.663737 0.010000 0.010000
0 0.259277 0.666016 0.010000 0.010000
0 0.900000 0.667643 0.010000 0.010000
0 0.432373 0.669271 0.010000 0.010000
0 0.447021 0.668945 0.010000 0.010000
0 0.100000 0.673177 0.010000 0.010000
0 0.100000 0.674154 0.010000 0.010000
0 0.437988 0.675781 0.010000 0.010000
0 0.444824 0.674479 0.010000 0.010000
0 0.655762 0.674805 0.010000 0.010000
0 0.418945 0.679036 0.010000 0.010000
0 0.100000 0.682943 0.010000 0.010000
0 0.401855 0.681966 0.010000 0.010000
0 0.287842 0.683268 0.010000 0.010000
0 0.283447 0.685872 0.010000 0.010000
0 0.900000 0.685547 0.010000 0.010000
0 0.278809 0.687826 0.010000 0.010000
0 0.318359 0.696940 0.011719 0.014974
0 0.182861 0.694336 0.010000 0.010000
0 0.324463 0.697266 0.010000 0.010000
0 0.796631 0.702148 0.010000 0.010000
0 0.712646 0.703125 0.010000 0.010000
0 0.900000 0.706055 0.010000 0.010000
0 0.900000 0.705729 0.010000 0.010000
0 0.900000 0.709310 0.010000 0.010000
0 0.900000 0.718750 0.015137 0.016927
0 0.768066 0.712891 0.010000 0.010000
0 0.205566 0.714193 0.010000 0.010000
0 0.172363 0.718750 0.010000 0.010000
0 0.205811 0.723307 0.010000 0.010000
0 0.398193 0.721029 0.010000 0.010000
0 0.195557 0.724935 0.010000 0.010000
0 0.900000 0.723307 0.010000 0.010000
0 0.574951 0.723633 0.010000 0.010000
0 0.900000 0.724609 0.010000 0.010000
0 0.900000 0.738932 0.018066 0.027344
0 0.742432 0.730143 0.010000 0.010000
0 0.801758 0.732747 0.010000 0.010000
0 0.506104 0.736654 0.010000 0.010000
0 0.787354 0.735026 0.010000 0.010000
0 0.803711 0.735677 0.010000 0.010000
0 0.863770 0.736003 0.010000 0.010000
0 0.504395 0.736654 0.010000 0.010000
0 0.760742 0.736003 0.010000 0.010000
0 0.503174 0.737305 0.010000 0.010000
0 0.806885 0.737630 0.010000 0.010000
0 0.809326 0.740234 0.010000 0.010000
0 0.733643 0.743164 0.010000 0.010000
0 0.154785 0.745768 0.010000 0.010000
0 0.155273 0.747396 0.010000 0.011719
0 0.512695 0.744466 0.010000 0.010000
0 0.193604 0.746419 0.010000 0.010000
0 0.900000 0.747070 0.010000 0.010000
0 0.900000 0.748372 0.010000 0.010000
0 0.420166 0.749349 0.010000 0.010000
0 0.334473 0.755859 0.010000 0.010000
0 0.900000 0.755859 0.010000 0.010000
0 0.531738 0.761068 0.010000 0.011719
0 0.160889 0.758789 0.010000 0.010000
0 0.387451 0.757487 0.010000 0.010000
0 0.900000 0.760417 0.010000 0.010000
0 0.185303 0.764648 0.010000 0.010000
0 0.781494 0.766927 0.010000 0.010000
0 0.900000 0.771484 0.010000 0.010000
0 0.900000 0.772786 0.010000 0.010000
0 0.900000 0.777669 0.010000 0.010000
0 0.784912 0.784831 0.010000 0.011068
0 0.900000 0.784180 0.010000 0.010000
0 0.897949 0.786784 0.010000 0.011068
0 0.100000 0.785482 0.010000 0.010000
0 0.100000 0.787435 0.010000 0.010000
0 0.397461 0.787109 0.010000 0.010000
0 0.525146 0.788411 0.010000 0.010000
0 0.436035 0.793945 0.010000 0.010000
0 0.436523 0.795573 0.010000 0.010000
0 0.438232 0.798177 0.010000 0.010000
0 0.781982 0.797526 0.010000 0.010000
0 0.814209 0.795247 0.010000 0.010000
0 0.900000 0.796224 0.010000 0.010000
0 0.100000 0.805339 0.010000 0.010000
0 0.604248 0.806315 0.010000 0.010000
0 0.653809 0.806315 0.010000 0.010000
0 0.900000 0.809570 0.010000 0.010000
0 0.100000 0.811523 0.010000 0.010000
0 0.343506 0.818359 0.010000 0.011719
0 0.340820 0.818359 0.010000 0.010000
0 0.493896 0.819987 0.010000 0.010000
0 0.383301 0.821289 0.010000 0.010000
0 0.100000 0.827148 0.010000 0.011068
0 0.437012 0.825195 0.010000 0.010000
0 0.454590 0.825521 0.010000 0.010000
0 0.100000 0.826823 0.010000 0.010000
0 0.446777 0.824219 0.010000 0.010000
0 0.900000 0.826497 0.010000 0.010000
0 0.900000 0.825846 0.010000 0.010000
0 0.100000 0.828125 0.010000 0.010000
0 0.900000 0.827474 0.010000 0.010000
0 0.100000 0.830078 0.010000 0.010000
0 0.900000 0.829753 0.010000 0.010000
0 0.100000 0.837240 0.010000 0.010000
0 0.100000 0.837240 0.010000 0.010000
0 0.900000 0.836589 0.010000 0.010000
0 0.203613 0.839518 0.010000 0.010000
0 0.663574 0.838216 0.010000 0.010000
0 0.100000 0.840495 0.010000 0.010000
0 0.900000 0.840820 0.010000 0.010000
0 0.900000 0.844727 0.010000 0.010000
0 0.481201 0.848307 0.010000 0.010000
0 0.733154 0.848633 0.010000 0.010000
0 0.900000 0.854492 0.010000 0.010000
0 0.900000 0.853516 0.010000 0.010000
0 0.224854 0.855794 0.010000 0.010000
0 0.688232 0.856445 0.010000 0.010000
0 0.619873 0.856120 0.010000 0.010000
0 0.900000 0.859701 0.010254 0.010000
0 0.100000 0.863607 0.010000 0.011068
0 0.900000 0.859701 0.010000 0.010000
0 0.674561 0.861003 0.010000 0.010000
0 0.375244 0.868815 0.010000 0.010000
0 0.900000 0.868490 0.010000 0.010000
0 0.375244 0.869141 0.010000 0.010000
0 0.412354 0.871419 0.010000 0.010000
0 0.531250 0.877930 0.010000 0.010000
0 0.846191 0.879883 0.010000 0.010000
0 0.566895 0.878581 0.010000 0.010000
0 0.404297 0.880534 0.010000 0.010000
0 0.440674 0.884115 0.010000 0.010000
0 0.408936 0.884115 0.010000 0.010000
0 0.100000 0.884115 0.010000 0.010000
0 0.408447 0.885417 0.010000 0.010000
0 0.868408 0.900000 0.030762 0.041016
0 0.100000 0.887370 0.010000 0.010000
0 0.100000 0.890625 0.010000 0.010000
0 0.895508 0.894531 0.010000 0.010000
0 0.815430 0.896484 0.010000 0.010000
0 0.900000 0.899414 0.010000 0.010000
0 0.448486 0.900000 0.010000 0.010000
0 0.735596 0.900000 0.010000 0.010000
0 0.900000 0.900000 0.010000 0.010000
0 0.174316 0.900000 0.010000 0.010000
0 0.900000 0.900000 0.010000 0.010000
0 0.729736 0.900000 0.010000 0.010000
0 0.900000 0.900000 0.010000 0.010000
0 0.900000 0.900000 0.010000 0.010000
0 0.862061 0.900000 0.010000 0.010000
0 0.864258 0.900000 0.010000 0.010000
0 0.725586 0.900000 0.010000 0.010000
0 0.581543 0.900000 0.010000 0.010000
0 0.900000 0.900000 0.010000 0.010000
0 0.174561 0.900000 0.010000 0.010000
0 0.572510 0.900000 0.010000 0.010000
0 0.574951 0.900000 0.010000 0.010000
0 0.733643 0.900000 0.010000 0.010000
0 0.719727 0.900000 0.010000 0.010000
0 0.534912 0.900000 0.010000 0.010000
0 0.329834 0.900000 0.010000 0.010000
0 0.128418 0.900000 0.010000 0.010000
0 0.650879 0.900000 0.010000 0.010000
0 0.100000 0.900000 0.010000 0.010000
0 0.100000 0.900000 0.010000 0.010000
0 0.100000 0.900000 0.010000 0.010000
0 0.702881 0.900000 0.010000 0.010000
0 0.100000 0.900000 0.010000 0.010000
0 0.725342 0.900000 0.010000 0.010000
0 0.491455 0.900000 0.010000 0.010000
0 0.245605 0.900000 0.010000 0.010000
0 0.477539 0.900000 0.010000 0.010000
0 0.725098 0.900000 0.010000 0.010000
0 0.713867 0.900000 0.010000 0.010000
0 0.139648 0.900000 0.010000 0.010000
0 0.100000 0.900000 0.010000 0.011068
0 0.229980 0.900000 0.010000 0.010000
0 0.100000 0.900000 0.010000 0.010000
0 0.100000 0.900000 0.010000 0.010000
0 0.716797 0.900000 0.010000 0.010000
0 0.100000 0.900000 0.010000 0.010000
0 0.175049 0.900000 0.010000 0.011068
0 0.326416 0.900000 0.010000 0.010000
0 0.234131 0.900000 0.010000 0.010000
0 0.678955 0.900000 0.010000 0.013021
0 0.679199 0.900000 0.010000 0.010000
0 0.100000 0.900000 0.010000 0.010000
0 0.100000 0.900000 0.010000 0.010000
0 0.100000 0.900000 0.010000 0.010000
0 0.100000 0.900000 0.010000 0.010000
0 0.100000 0.900000 0.010000 0.010000
0 0.308105 0.900000 0.010000 0.010000
0 0.410400 0.900000 0.010000 0.010000
0 0.260010 0.900000 0.010000 0.010000
