1 0.500000 0.500000 0.500000 0.500000
0 0.187500 0.100000 0.010000 0.010000
0 0.845703 0.100000 0.010000 0.010000
0 0.849609 0.100000 0.010000 0.010000
0 0.857910 0.100000 0.019531 0.017578
0 0.885010 0.100000 0.013184 0.018229
0 0.260986 0.100000 0.010000 0.010000
0 0.100000 0.100000 0.010000 0.010000
0 0.533936 0.100000 0.010000 0.010000
0 0.369629 0.100000 0.010000 0.010000
0 0.900000 0.100000 0.013672 0.026693
0 0.696045 0.100000 0.010000 0.010000
0 0.348389 0.100000 0.010000 0.010000
0 0.483643 0.100000 0.010000 0.010000
0 0.478271 0.100000 0.010000 0.010000
0 0.119873 0.100000 0.010000 0.010000
0 0.369141 0.100000 0.010000 0.010000
0 0.656982 0.100000 0.010000 0.010000
0 0.129150 0.100000 0.010000 0.010000
0 0.662354 0.100000 0.010000 0.010000
0 0.100000 0.100000 0.010000 0.010000
0 0.645508 0.100000 0.010000 0.010000
0 0.666992 0.100000 0.010000 0.010000
0 0.641357 0.100000 0.010000 0.010000
0 0.900000 0.100000 0.011719 0.018229
0 0.900000 0.100000 0.010000 0.010417
0 0.785645 0.107096 0.010000 0.010000
0 0.177734 0.123372 0.010000 0.011068
0 0.528564 0.143229 0.010254 0.015625
0 0.596924 0.150391 0.010000 0.010000
0 0.311523 0.152995 0.010000 0.010000
0 0.494385 0.154948 0.010000 0.010000
0 0.900000 0.160807 0.010000 0.010000
0 0.900000 0.166016 0.010000 0.010000
0 0.900000 0.168945 0.010000 0.010000
0 0.479980 0.175781 0.010000 0.014323
0 0.900000 0.170898 0.010000 0.010000
0 0.100000 0.173503 0.010000 0.010000
0 0.478027 0.174154 0.010000 0.010000
0 0.900000 0.178385 0.010000 0.010000
0 0.573975 0.188477 0.019043 0.018880
0 0.100000 0.188477 0.010000 0.010000
0 0.580811 0.189128 0.010000 0.010000
0 0.335205 0.191081 0.010000 0.010000
0 0.334961 0.192708 0.010000 0.010000
0 0.900000 0.192057 0.010000 0.010000
0 0.479248 0.194336 0.010000 0.010000
0 0.100000 0.206055 0.022949 0.018880
0 0.376221 0.198893 0.010000 0.010000
0 0.319580 0.202148 0.010000 0.010000
0 0.332275 0.204753 0.010000 0.010000
0 0.847656 0.201823 0.010000 0.010000
0 0.322998 0.206055 0.010000 0.010000
0 0.322266 0.207682 0.010000 0.010000
0 0.344971 0.211589 0.010000 0.010000
0 0.900000 0.220703 0.017090 0.019531
0 0.821289 0.218750 0.010000 0.010000
0 0.606201 0.224935 0.010000 0.010000
0 0.822021 0.225586 0.010000 0.010000
0 0.160156 0.228841 0.010000 0.010000
0 0.421387 0.227214 0.010000 0.010000
0 0.160645 0.227865 0.010000 0.010000
0 0.133057 0.231771 0.010000 0.010000
0 0.370850 0.234049 0.010000 0.010000
0 0.179443 0.233398 0.010000 0.010000
0 0.100000 0.237305 0.010000 0.010000
0 0.370605 0.238607 0.010000 0.010000
0 0.839844 0.237630 0.010000 0.010000
0 0.360352 0.240885 0.010000 0.010000
0 0.629883 0.249349 0.018555 0.019531
0 0.100000 0.243815 0.010000 0.010000
0 0.619873 0.241536 0.010000 0.010000
0 0.100000 0.248047 0.010000 0.010000
0 0.873047 0.244466 0.010000 0.010000
0 0.624512 0.246419 0.010000 0.010000
0 0.292480 0.247070 0.010000 0.010000
0 0.620850 0.252279 0.010000 0.010000
0 0.292725 0.249349 0.010000 0.010000
0 0.618164 0.252604 0.010000 0.010000
0 0.100000 0.251628 0.010000 0.010000
0 0.640381 0.252930 0.010000 0.010000
0 0.100000 0.256836 0.010000 0.010000
0 0.289062 0.255859 0.010000 0.010000
0 0.293945 0.259440 0.010000 0.010000
0 0.640137 0.257161 0.010000 0.010000
0 0.382568 0.260742 0.010000 0.010000
0 0.100000 0.262044 0.010000 0.010000
0 0.523193 0.267578 0.010000 0.013021
0 0.900000 0.264323 0.010000 0.010000
0 0.147705 0.264974 0.010000 0.010000
0 0.607178 0.265625 0.010000 0.010000
0 0.100000 0.268555 0.010000 0.010000
0 0.100000 0.275391 0.010000 0.010417
0 0.154785 0.271484 0.010000 0.010000
0 0.799072 0.271159 0.010000 0.010000
0 0.336426 0.273763 0.010000 0.010000
0 0.802734 0.282552 0.017578 0.019531
0 0.100000 0.282227 0.010000 0.010000
0 0.347656 0.285482 0.010000 0.010000
0 0.900000 0.291341 0.010000 0.011068
0 0.323975 0.288411 0.010000 0.010000
0 0.807617 0.290039 0.010000 0.010000
0 0.896973 0.290365 0.010000 0.010000
0 0.900000 0.291341 0.010000 0.010000
0 0.466309 0.291667 0.010000 0.010000
0 0.348389 0.295247 0.010000 0.010000
0 0.354248 0.299154 0.014160 0.011068
0 0.567627 0.296549 0.010000 0.010000
0 0.239258 0.306641 0.010000 0.010000
0 0.361572 0.309570 0.010000 0.010000
0 0.684326 0.314128 0.010000 0.010000
0 0.518799 0.315104 0.010000 0.010000
0 0.689209 0.314779 0.010000 0.010000
0 0.900000 0.315104 0.010000 0.010000
0 0.831543 0.318685 0.010000 0.010000
0 0.197021 0.321289 0.010000 0.010000
0 0.900000 0.320964 0.010000 0.010000
0 0.900000 0.322591 0.010000 0.010000
0 0.659424 0.345052 0.024902 0.029948
0 0.667969 0.335938 0.010000 0.010000
0 0.846191 0.336914 0.010000 0.010000
0 0.900000 0.337565 0.010000 0.010000
0 0.100000 0.356445 0.022949 0.024089
0 0.900000 0.348958 0.010000 0.010000
0 0.877197 0.352214 0.010000 0.010000
0 0.900000 0.357096 0.010000 0.010000
0 0.503174 0.358398 0.010000 0.010000
0 0.100000 0.364909 0.010000 0.011068
0 0.499268 0.368815 0.010000 0.010000
0 0.100000 0.369141 0.010000 0.010000
0 0.100000 0.379232 0.010000 0.014974
0 0.473145 0.376953 0.010000 0.010000
0 0.230713 0.390625 0.010000 0.010000
0 0.775635 0.395508 0.010000 0.010000
0 0.201660 0.400391 0.010000 0.010417
0 0.774414 0.409505 0.018555 0.027344
0 0.745361 0.401693 0.010000 0.010000
0 0.736816 0.414062 0.014648 0.028646
0 0.742432 0.400391 0.010000 0.010000
0 0.756836 0.418620 0.014648 0.022135
0 0.769531 0.411133 0.010000 0.010000
0 0.596680 0.410807 0.010000 0.010000
0 0.765137 0.416667 0.010000 0.010000
0 0.472656 0.421224 0.010000 0.010000
0 0.469482 0.423828 0.010000 0.010000
0 0.472412 0.425130 0.010000 0.010000
0 0.634521 0.433594 0.010000 0.010417
0 0.236572 0.437500 0.010000 0.010000
0 0.369141 0.441081 0.010000 0.010000
0 0.371338 0.443034 0.010000 0.010000
0 0.414551 0.442708 0.010000 0.010000
0 0.161865 0.447917 0.010000 0.010000
0 0.373047 0.446615 0.010000 0.010000
0 0.256836 0.453451 0.010000 0.010000
0 0.256592 0.455404 0.010000 0.010000
0 0.251221 0.461263 0.010000 0.010000
0 0.246582 0.459310 0.010000 0.010000
0 0.256104 0.460938 0.010000 0.010000
0 0.280273 0.474284 0.010000 0.010000
0 0.570557 0.487956 0.010000 0.010000
0 0.493896 0.490234 0.010000 0.010000
0 0.376221 0.492839 0.010000 0.010000
0 0.632812 0.496419 0.010000 0.010000
0 0.225342 0.497396 0.010000 0.010000
0 0.372559 0.498698 0.010000 0.010000
0 0.457275 0.513021 0.019043 0.023438
0 0.205566 0.512370 0.010000 0.010000
0 0.262939 0.511393 0.010000 0.010000
0 0.243164 0.515625 0.010000 0.010000
0 0.338135 0.518880 0.010000 0.010000
0 0.551758 0.524740 0.021484 0.014323
0 0.475586 0.527669 0.010000 0.010000
0 0.539795 0.526367 0.010000 0.010000
0 0.308105 0.528646 0.010000 0.010000
0 0.309570 0.531901 0.010000 0.010000
0 0.540771 0.540690 0.010000 0.012370
0 0.900000 0.537109 0.010000 0.010000
0 0.892334 0.541667 0.010000 0.010000
0 0.100000 0.542643 0.010000 0.010000
0 0.398438 0.556641 0.013672 0.015625
0 0.767578 0.559245 0.010000 0.010000
0 0.353271 0.573893 0.015137 0.020182
0 0.385498 0.568034 0.010000 0.010000
0 0.115479 0.578125 0.010000 0.010000
0 0.900000 0.577474 0.010000 0.010000
0 0.229248 0.580078 0.010000 0.010000
0 0.226074 0.581380 0.010000 0.010000
0 0.233154 0.585612 0.010000 0.010000
0 0.205322 0.586589 0.010000 0.010000
0 0.100000 0.588216 0.010000 0.010000
0 0.575684 0.591797 0.010000 0.010417
0 0.900000 0.587565 0.010000 0.010000
0 0.100000 0.588867 0.010000 0.010000
0 0.209229 0.595052 0.010000 0.010000
0 0.310303 0.597005 0.010000 0.010000
0 0.345459 0.599609 0.010000 0.010000
0 0.324707 0.600911 0.010000 0.010000
0 0.900000 0.614258 0.010000 0.010000
0 0.810059 0.623372 0.010000 0.010000
0 0.100000 0.626628 0.010000 0.010000
0 0.375244 0.629232 0.010000 0.010000
0 0.819336 0.639648 0.010000 0.010000
0 0.835693 0.638997 0.010000 0.010000
0 0.751221 0.660156 0.010000 0.010000
0 0.882812 0.662109 0.010000 0.010000
0 0.883301 0.662760 0.010000 0.010000
0 0.880127 0.669596 0.010000 0.010000
0 0.149658 0.675456 0.010000 0.010000
0 0.383789 0.683594 0.010000 0.010000
0 0.613525 0.685221 0.010000 0.010000
0 0.463379 0.692057 0.010000 0.010000
0 0.580078 0.691406 0.010000 0.010000
0 0.100000 0.694010 0.010000 0.010000
0 0.100000 0.694987 0.010000 0.010000
0 0.100000 0.700521 0.016113 0.015625
0 0.337402 0.698568 0.010000 0.010000
0 0.413818 0.700846 0.010000 0.010000
0 0.847900 0.702474 0.010000 0.010000
0 0.228027 0.706706 0.010000 0.010000
0 0.100000 0.714844 0.011719 0.015625
0 0.100000 0.723958 0.010000 0.010000
0 0.805176 0.738932 0.010000 0.010000
0 0.828125 0.751953 0.010000 0.010000
0 0.663818 0.763021 0.010000 0.010000
0 0.790771 0.764648 0.010000 0.010000
0 0.562500 0.776693 0.010000 0.010000
0 0.677490 0.802734 0.010000 0.010000
0 0.798096 0.810221 0.010000 0.011068
0 0.229004 0.815755 0.010000 0.010000
0 0.834961 0.816406 0.010000 0.010000
0 0.111084 0.818359 0.010000 0.010000
0 0.327881 0.819336 0.010000 0.010000
0 0.100000 0.825195 0.012207 0.010000
0 0.687012 0.825846 0.010000 0.010000
0 0.278076 0.839518 0.010000 0.010000
0 0.455566 0.838542 0.010000 0.010000
0 0.473633 0.840169 0.010000 0.010000
0 0.900000 0.845378 0.010000 0.010000
0 0.415039 0.896484 0.010000 0.010000
0 0.821289 0.898763 0.010000 0.010000
0 0.714111 0.900000 0.010000 0.010000
0 0.100000 0.900000 0.010000 0.010000
0 0.247314 0.900000 0.010000 0.010000
0 0.208008 0.900000 0.010000 0.010000
0 0.771484 0.900000 0.010000 0.010000
0 0.872803 0.900000 0.010000 0.010000
0 0.233154 0.900000 0.010000 0.010000
0 0.237549 0.900000 0.010000 0.010000
0 0.211426 0.900000 0.010000 0.010000
0 0.503418 0.900000 0.010000 0.010000
0 0.217285 0.900000 0.010000 0.010000
0 0.173096 0.900000 0.010000 0.010000
0 0.229980 0.900000 0.010000 0.010000
0 0.811768 0.900000 0.010000 0.010000
0 0.100000 0.900000 0.010000 0.010000
0 0.147217 0.900000 0.010000 0.010000
0 0.512695 0.900000 0.010000 0.010000
0 0.338867 0.900000 0.010000 0.010000
0 0.350830 0.900000 0.010000 0.010000
0 0.452637 0.900000 0.010000 0.010000
