0 0.100000 0.100000 0.010000 0.010000
1 0.500000 0.500000 0.500000 0.500000
0 0.577393 0.100000 0.010000 0.010000
0 0.381104 0.100000 0.010000 0.010000
0 0.595703 0.100000 0.010000 0.010000
0 0.753418 0.100000 0.010000 0.010000
0 0.100000 0.100000 0.010000 0.010000
0 0.900000 0.100000 0.010000 0.010417
0 0.462158 0.100000 0.010000 0.010000
0 0.259277 0.100000 0.010000 0.010000
0 0.714844 0.100000 0.010000 0.010000
0 0.693848 0.100000 0.010000 0.010000
0 0.334229 0.100000 0.010000 0.010000
0 0.232666 0.100000 0.010000 0.010000
0 0.100000 0.100000 0.010000 0.010000
0 0.100000 0.100000 0.010000 0.010000
0 0.595459 0.100000 0.010000 0.010000
0 0.900000 0.100000 0.010000 0.010000
0 0.187744 0.100000 0.010000 0.010000
0 0.282715 0.100000 0.010000 0.010000
0 0.900000 0.100000 0.010000 0.010000
0 0.874756 0.100000 0.010000 0.010000
0 0.343994 0.100000 0.010000 0.010000
0 0.900000 0.100586 0.010000 0.010000
0 0.100000 0.109375 0.010000 0.010000
0 0.789795 0.112956 0.010000 0.010000
0 0.421875 0.116536 0.010000 0.010000
0 0.900000 0.117839 0.010000 0.010000
0 0.490234 0.121094 0.010000 0.010000
0 0.571045 0.121745 0.010000 0.010000
0 0.564209 0.128255 0.010000 0.010000
0 0.576416 0.128255 0.010000 0.010000
0 0.522949 0.129557 0.010000 0.010000
0 0.555664 0.132812 0.010000 0.010000
0 0.869629 0.146810 0.010000 0.010000
0 0.647949 0.150716 0.010000 0.010000
0 0.235107 0.164388 0.010000 0.010000
0 0.678223 0.161784 0.010000 0.010000
0 0.725586 0.175456 0.010000 0.010000
0 0.898682 0.187174 0.010000 0.010000
0 0.816650 0.189453 0.010000 0.010000
0 0.900000 0.195964 0.010000 0.010000
0 0.593506 0.204427 0.010000 0.010000
0 0.831543 0.209310 0.010000 0.010000
0 0.900000 0.219727 0.010000 0.010000
0 0.900000 0.222982 0.010000 0.010000
0 0.900000 0.224284 0.010000 0.010000
0 0.100000 0.238281 0.010000 0.010000
0 0.900000 0.245768 0.010000 0.010000
0 0.100000 0.250000 0.010000 0.010000
0 0.140137 0.253255 0.010000 0.010000
0 0.100000 0.256185 0.010000 0.010000
0 0.244385 0.260417 0.010000 0.010000
0 0.239990 0.263021 0.010000 0.010000
0 0.241943 0.264974 0.010000 0.010000
0 0.100342 0.268555 0.010000 0.010000
0 0.900000 0.277018 0.010000 0.010000
0 0.100000 0.292318 0.010000 0.014323
0 0.824951 0.290039 0.010000 0.010000
0 0.867920 0.293620 0.010000 0.010000
0 0.100000 0.297201 0.010000 0.010000
0 0.100000 0.300130 0.010000 0.010000
0 0.572266 0.298177 0.010000 0.010000
0 0.177734 0.308268 0.010000 0.010000
0 0.177002 0.317057 0.010000 0.010000
0 0.422852 0.325195 0.010000 0.010000
0 0.100000 0.326172 0.010000 0.010000
0 0.802490 0.330404 0.010000 0.010000
0 0.100000 0.339518 0.014648 0.012370
0 0.453613 0.338867 0.010000 0.010000
0 0.900000 0.344076 0.010000 0.010000
0 0.100000 0.355794 0.010000 0.010000
0 0.408447 0.364909 0.010000 0.010000
0 0.462402 0.367188 0.010000 0.010000
0 0.900000 0.367188 0.010000 0.010000
0 0.394531 0.367188 0.010000 0.010000
0 0.413818 0.370443 0.010000 0.010000
0 0.402100 0.371419 0.010000 0.010000
0 0.447021 0.372070 0.010000 0.010000
0 0.334229 0.373372 0.010000 0.010000
0 0.469238 0.379557 0.010000 0.010000
0 0.422363 0.380859 0.010000 0.010000
0 0.430664 0.384115 0.010000 0.010000
0 0.423096 0.389323 0.010000 0.010000
0 0.411865 0.393555 0.010000 0.010000
0 0.655518 0.394857 0.010000 0.010000
0 0.100000 0.402018 0.010000 0.011068
0 0.451416 0.398112 0.010000 0.010000
0 0.100000 0.401042 0.010000 0.010000
0 0.100000 0.400391 0.010000 0.010000
0 0.100000 0.402018 0.010000 0.010000
0 0.100000 0.402018 0.010000 0.010000
0 0.100000 0.402344 0.010000 0.010000
0 0.100000 0.409831 0.010000 0.010000
0 0.100000 0.408529 0.010000 0.010000
0 0.240723 0.414062 0.010000 0.010417
0 0.100000 0.426432 0.010000 0.010000
0 0.843018 0.430339 0.010000 0.010000
0 0.626221 0.430339 0.010000 0.010000
0 0.328613 0.442057 0.012695 0.022135
0 0.325439 0.436849 0.010000 0.010000
0 0.900000 0.439128 0.010000 0.010000
0 0.326416 0.447591 0.010000 0.010000
0 0.495361 0.452799 0.010000 0.010000
0 0.838135 0.468099 0.010000 0.010000
0 0.894531 0.474284 0.010000 0.010000
0 0.300049 0.478190 0.010000 0.010000
0 0.518555 0.480469 0.010000 0.010000
0 0.539795 0.483398 0.010000 0.010000
0 0.265381 0.495443 0.010000 0.010000
0 0.100000 0.510742 0.010000 0.010000
0 0.742676 0.516602 0.010000 0.010000
0 0.145020 0.516927 0.010000 0.010000
0 0.550049 0.555664 0.010000 0.010000
0 0.671143 0.562500 0.010000 0.010000
0 0.600342 0.569010 0.010000 0.010000
0 0.565674 0.580404 0.010000 0.010000
0 0.562988 0.634440 0.010000 0.010000
0 0.492676 0.636393 0.010000 0.010000
0 0.241943 0.661133 0.010000 0.010000
0 0.495117 0.680664 0.010000 0.010000
0 0.252441 0.692383 0.010000 0.010000
0 0.100000 0.708984 0.010000 0.010000
0 0.683105 0.718099 0.010000 0.010000
0 0.900000 0.719076 0.010000 0.010000
0 0.100000 0.752279 0.010000 0.010000
0 0.798340 0.759115 0.010000 0.010000
0 0.121094 0.763021 0.010000 0.010000
0 0.739014 0.774414 0.010000 0.010000
0 0.146240 0.782878 0.010000 0.010000
0 0.381592 0.783203 0.010000 0.010000
0 0.468018 0.787109 0.010000 0.010000
0 0.900000 0.808594 0.010000 0.010000
0 0.291016 0.817383 0.010000 0.010000
0 0.634766 0.818685 0.010000 0.010000
0 0.140381 0.829102 0.010000 0.010000
0 0.757568 0.851562 0.010000 0.010000
0 0.273682 0.857747 0.010000 0.010000
0 0.320068 0.861003 0.010000 0.010000
0 0.729736 0.864258 0.010000 0.010000
0 0.854736 0.883464 0.010000 0.010000
0 0.900000 0.893229 0.010000 0.010000
0 0.530029 0.894857 0.010000 0.010000
0 0.783447 0.900000 0.010000 0.011068
0 0.100000 0.900000 0.010000 0.010000
0 0.728027 0.900000 0.010000 0.010000
0 0.821777 0.900000 0.010000 0.010000
0 0.831299 0.900000 0.010000 0.011719
0 0.446777 0.900000 0.010000 0.010000
0 0.900000 0.900000 0.010000 0.010000
0 0.583252 0.900000 0.010000 0.010000
0 0.900000 0.900000 0.010000 0.010000
