1 0.500000 0.500000 0.500000 0.500000
0 0.100000 0.100000 0.010000 0.010000
0 0.201172 0.100000 0.010000 0.010000
0 0.353760 0.100000 0.010000 0.010000
0 0.451172 0.100000 0.010000 0.010000
0 0.453369 0.100000 0.010000 0.010000
0 0.719238 0.100000 0.010000 0.010000
0 0.900000 0.100000 0.010000 0.010000
0 0.900000 0.100000 0.010000 0.010000
0 0.704590 0.100000 0.010000 0.010000
0 0.833984 0.100000 0.010000 0.010000
0 0.678711 0.100000 0.010000 0.010000
0 0.180420 0.100000 0.010000 0.010000
0 0.491211 0.100000 0.010000 0.010000
0 0.539062 0.100000 0.010000 0.010000
0 0.826416 0.100000 0.010000 0.010000
0 0.828369 0.100000 0.010000 0.010000
0 0.829590 0.100000 0.010000 0.010000
0 0.523438 0.100000 0.010000 0.010000
0 0.516602 0.100000 0.010000 0.010000
0 0.399902 0.100000 0.010000 0.010000
0 0.665283 0.100000 0.018066 0.024089
0 0.562500 0.100000 0.010000 0.010000
0 0.366699 0.100000 0.010000 0.010000
0 0.100000 0.100000 0.010000 0.010000
0 0.322510 0.100000 0.010000 0.010000
0 0.205811 0.100000 0.010000 0.010000
0 0.735107 0.100000 0.010000 0.010000
0 0.735840 0.100000 0.013672 0.012370
0 0.442627 0.100000 0.010000 0.010000
0 0.733398 0.100000 0.010000 0.010000
0 0.443848 0.103841 0.010000 0.013672
0 0.742432 0.100000 0.010000 0.010000
0 0.817627 0.100000 0.010000 0.010000
0 0.361572 0.104492 0.010000 0.010000
0 0.446533 0.105469 0.010000 0.010000
0 0.444824 0.116862 0.012695 0.017578
0 0.633789 0.109049 0.010000 0.010000
0 0.457764 0.111979 0.010000 0.010000
0 0.128662 0.116536 0.010000 0.010000
0 0.701416 0.119466 0.010000 0.010000
0 0.448975 0.121745 0.010000 0.010000
0 0.451904 0.122070 0.010000 0.010000
0 0.714844 0.123047 0.010000 0.010000
0 0.820312 0.125326 0.010000 0.010000
0 0.615234 0.126628 0.010000 0.010000
0 0.100000 0.129557 0.010000 0.010000
0 0.281982 0.136719 0.010000 0.010000
0 0.545410 0.132812 0.010000 0.010000
0 0.678467 0.140625 0.010000 0.010417
0 0.638428 0.141602 0.010000 0.010000
0 0.100000 0.144857 0.010000 0.010000
0 0.407715 0.151367 0.010000 0.010000
0 0.809814 0.152344 0.010000 0.010000
0 0.773438 0.159180 0.010000 0.010000
0 0.100000 0.162435 0.010000 0.010000
0 0.900000 0.163086 0.010000 0.010000
0 0.622803 0.166667 0.010000 0.010000
0 0.117920 0.174805 0.010000 0.010000
0 0.589600 0.172852 0.010000 0.010000
0 0.621094 0.173503 0.010000 0.010000
0 0.900000 0.176107 0.010000 0.010000
0 0.100000 0.179362 0.010000 0.010000
0 0.589844 0.182617 0.010000 0.010000
0 0.651367 0.180339 0.010000 0.010000
0 0.100000 0.183268 0.010000 0.010000
0 0.430420 0.190430 0.010000 0.010000
0 0.281982 0.193685 0.010000 0.010000
0 0.370361 0.195312 0.010000 0.010000
0 0.618652 0.208008 0.010000 0.010000
0 0.900000 0.209310 0.010000 0.010000
0 0.876709 0.211589 0.010000 0.010000
0 0.100000 0.218750 0.010000 0.010000
0 0.598633 0.228841 0.010000 0.010000
0 0.224121 0.231120 0.010000 0.010000
0 0.857910 0.234375 0.010000 0.010000
0 0.794678 0.237305 0.010000 0.010000
0 0.157227 0.239583 0.010000 0.010000
0 0.108398 0.244466 0.010000 0.010000
0 0.880859 0.245443 0.010000 0.010000
0 0.170166 0.248698 0.010000 0.010000
0 0.167236 0.257812 0.010000 0.010000
0 0.268555 0.257487 0.010000 0.010000
0 0.900000 0.261068 0.010000 0.010000
0 0.100000 0.264648 0.010000 0.010000
0 0.570557 0.266276 0.010000 0.010000
0 0.590088 0.272461 0.010000 0.010000
0 0.684814 0.284505 0.010000 0.010000
0 0.182617 0.292318 0.010000 0.010000
0 0.442871 0.292643 0.010000 0.010000
0 0.510742 0.296875 0.010000 0.010000
0 0.900000 0.304036 0.010000 0.010000
0 0.189453 0.307617 0.010000 0.010000
0 0.567627 0.309245 0.010000 0.010000
0 0.701904 0.312500 0.010000 0.010000
0 0.500732 0.316081 0.010000 0.010000
0 0.900000 0.320638 0.010000 0.010000
0 0.187744 0.324870 0.010000 0.010000
0 0.242188 0.324544 0.010000 0.010000
0 0.399414 0.327474 0.010000 0.010000
0 0.637451 0.329427 0.010000 0.010000
0 0.391357 0.329753 0.010000 0.010000
0 0.637207 0.333984 0.010000 0.010000
0 0.291504 0.337565 0.010000 0.010000
0 0.288330 0.339518 0.010000 0.010000
0 0.384033 0.339518 0.010000 0.010000
0 0.633057 0.344076 0.010000 0.010000
0 0.792480 0.361979 0.010000 0.011719
0 0.597900 0.361003 0.010000 0.010000
0 0.100000 0.367188 0.010000 0.010000
0 0.900000 0.369141 0.010000 0.010000
0 0.470459 0.373372 0.010000 0.010000
0 0.753174 0.372070 0.010000 0.010000
0 0.795898 0.375651 0.010000 0.010000
0 0.755371 0.376628 0.010000 0.010000
0 0.900000 0.378255 0.010000 0.010000
0 0.698730 0.381185 0.010000 0.010000
0 0.414795 0.391602 0.013184 0.021484
0 0.766602 0.383464 0.010000 0.010000
0 0.274170 0.388346 0.010000 0.010000
0 0.795166 0.385091 0.010000 0.010000
0 0.410645 0.400065 0.010000 0.010000
0 0.330566 0.407878 0.010000 0.014974
0 0.732178 0.401367 0.010000 0.010000
0 0.564697 0.402018 0.010000 0.010000
0 0.559570 0.420573 0.021484 0.036458
0 0.735352 0.417318 0.021484 0.024740
0 0.304688 0.412760 0.010000 0.010000
0 0.195557 0.416016 0.010000 0.010000
0 0.185791 0.422526 0.010000 0.010000
0 0.345215 0.424479 0.010000 0.010000
0 0.546875 0.435221 0.010000 0.010000
0 0.900000 0.447917 0.014648 0.031250
0 0.900000 0.435221 0.010000 0.010000
0 0.100000 0.439779 0.010000 0.010000
0 0.887451 0.448242 0.014160 0.016276
0 0.385498 0.442057 0.010000 0.010000
0 0.623047 0.443034 0.010000 0.010000
0 0.154053 0.446940 0.010000 0.010000
0 0.777588 0.445964 0.010000 0.010000
0 0.357666 0.452799 0.010000 0.010000
0 0.244873 0.454102 0.010000 0.010000
0 0.437256 0.458984 0.010000 0.010000
0 0.431641 0.458008 0.010000 0.010000
0 0.721436 0.458984 0.010000 0.010000
0 0.395508 0.461589 0.010000 0.010000
0 0.100000 0.465820 0.010000 0.010000
0 0.459717 0.465820 0.010000 0.010000
0 0.523926 0.465820 0.010000 0.010000
0 0.283447 0.477214 0.010254 0.016927
0 0.346680 0.476237 0.010000 0.010000
0 0.246094 0.479167 0.010000 0.010000
0 0.480957 0.479492 0.010000 0.010000
0 0.442383 0.485026 0.010000 0.010417
0 0.238037 0.486328 0.010000 0.010000
0 0.451904 0.488281 0.010000 0.010000
0 0.445312 0.492513 0.010000 0.010000
0 0.450684 0.495117 0.010000 0.010000
0 0.100000 0.504883 0.010000 0.013672
0 0.809570 0.498698 0.010000 0.010000
0 0.100000 0.505534 0.010000 0.010000
0 0.657471 0.507487 0.010000 0.010000
0 0.651123 0.523763 0.014160 0.025391
0 0.733887 0.514323 0.010000 0.010000
0 0.890625 0.515625 0.010000 0.010000
0 0.100000 0.514974 0.010000 0.010000
0 0.643311 0.519857 0.010000 0.010000
0 0.100000 0.520833 0.010000 0.010000
0 0.100000 0.525065 0.010254 0.010000
0 0.100000 0.523763 0.010000 0.010000
0 0.642578 0.527344 0.010000 0.010000
0 0.100000 0.525716 0.010000 0.010000
0 0.405762 0.526042 0.010000 0.010000
0 0.646240 0.536458 0.010000 0.010000
0 0.652344 0.536133 0.010000 0.010000
0 0.100000 0.539062 0.010000 0.010000
0 0.652588 0.538737 0.010000 0.010000
0 0.447266 0.541016 0.010000 0.010000
0 0.869141 0.543620 0.010000 0.010000
0 0.854736 0.544271 0.010000 0.010000
0 0.900000 0.541341 0.010000 0.010000
0 0.644043 0.545573 0.010000 0.010000
0 0.650146 0.543294 0.010000 0.010000
0 0.100000 0.546549 0.010000 0.010000
0 0.649658 0.546224 0.010000 0.010000
0 0.900000 0.554362 0.010000 0.010000
0 0.871826 0.558919 0.010000 0.010000
0 0.900000 0.556641 0.010000 0.010000
0 0.900000 0.568034 0.010254 0.010000
0 0.731689 0.573568 0.010000 0.010000
0 0.896729 0.577148 0.010000 0.011068
0 0.840820 0.584310 0.019531 0.018880
0 0.554199 0.580404 0.010000 0.010000
0 0.900000 0.579753 0.010000 0.010000
0 0.100000 0.587240 0.010000 0.010000
0 0.611572 0.587565 0.010000 0.010000
0 0.215332 0.590495 0.010000 0.010000
0 0.841309 0.593750 0.010000 0.010000
0 0.892334 0.593750 0.010000 0.010000
0 0.900000 0.595703 0.010000 0.010000
0 0.100000 0.609049 0.011719 0.014974
0 0.187744 0.606445 0.010000 0.010000
0 0.256836 0.606445 0.010000 0.010000
0 0.567627 0.615234 0.016113 0.020833
0 0.100000 0.610026 0.010000 0.010000
0 0.484619 0.609701 0.010000 0.010000
0 0.810791 0.609701 0.010000 0.010000
0 0.294678 0.611328 0.010000 0.010000
0 0.679199 0.612956 0.010000 0.010000
0 0.100000 0.614909 0.010000 0.010000
0 0.157715 0.617188 0.010000 0.010000
0 0.619385 0.615885 0.010000 0.010000
0 0.160156 0.625326 0.013672 0.018880
0 0.100000 0.618490 0.010000 0.010000
0 0.309814 0.620117 0.010000 0.010000
0 0.896729 0.620443 0.010000 0.010000
0 0.302490 0.623698 0.010000 0.010000
0 0.305908 0.623372 0.010000 0.010000
0 0.369873 0.623698 0.010000 0.010000
0 0.854248 0.623372 0.010000 0.010000
0 0.195068 0.627604 0.010000 0.010000
0 0.522461 0.628255 0.010000 0.010000
0 0.681885 0.630534 0.010000 0.010000
0 0.517334 0.635091 0.010000 0.010000
0 0.528076 0.647461 0.021973 0.029297
0 0.665527 0.636068 0.010000 0.010000
0 0.195068 0.635417 0.010000 0.010000
0 0.526855 0.640299 0.010000 0.010000
0 0.518311 0.640951 0.010000 0.010000
0 0.539062 0.645182 0.010000 0.010000
0 0.517578 0.645833 0.010000 0.010000
0 0.836426 0.649740 0.010000 0.010000
0 0.521484 0.653320 0.010000 0.010000
0 0.740234 0.651042 0.010000 0.010000
0 0.834229 0.651693 0.010000 0.010000
0 0.847900 0.653971 0.010000 0.010000
0 0.894043 0.654622 0.010000 0.010000
0 0.663330 0.656901 0.010000 0.010000
0 0.531738 0.659180 0.010000 0.010000
0 0.821045 0.662760 0.010000 0.010000
0 0.100000 0.672201 0.010000 0.010000
0 0.100000 0.689779 0.010254 0.017578
0 0.888672 0.710286 0.025391 0.057292
0 0.894531 0.693359 0.010000 0.016927
0 0.100000 0.692057 0.010000 0.010000
0 0.100000 0.692708 0.010000 0.010000
0 0.375000 0.707031 0.015625 0.024740
0 0.471680 0.696940 0.010000 0.010000
0 0.213623 0.701497 0.010000 0.010000
0 0.186035 0.704753 0.010000 0.010000
0 0.900000 0.711589 0.010000 0.013021
0 0.587402 0.712240 0.010000 0.010000
0 0.100000 0.724609 0.019531 0.020833
0 0.885254 0.714844 0.010000 0.010000
0 0.100000 0.725260 0.010000 0.010000
0 0.100000 0.727539 0.010000 0.010000
0 0.100000 0.728190 0.010000 0.010000
0 0.398438 0.725911 0.010000 0.010000
0 0.100000 0.732096 0.010000 0.010000
0 0.900000 0.730469 0.010000 0.010000
0 0.414062 0.732747 0.010000 0.010000
0 0.100000 0.733724 0.010000 0.010000
0 0.393799 0.735352 0.010000 0.010000
0 0.406006 0.736003 0.010000 0.010000
0 0.243164 0.735677 0.010000 0.010000
0 0.900000 0.738281 0.010000 0.010000
0 0.413086 0.751302 0.025391 0.024740
0 0.802734 0.741536 0.010000 0.010000
0 0.477295 0.741862 0.010000 0.010000
0 0.400146 0.747396 0.010000 0.010000
0 0.552246 0.747070 0.010000 0.010000
0 0.266357 0.750651 0.010000 0.010000
0 0.100000 0.750977 0.010000 0.010000
0 0.513428 0.752279 0.010000 0.010000
0 0.900000 0.754883 0.010000 0.010000
0 0.636475 0.759440 0.010000 0.010000
0 0.900000 0.763021 0.010000 0.010000
0 0.462891 0.772135 0.018555 0.018229
0 0.567383 0.770182 0.010000 0.010000
0 0.627441 0.771159 0.010000 0.010000
0 0.478760 0.777018 0.010000 0.010000
0 0.695557 0.793294 0.010000 0.010000
0 0.517334 0.799154 0.010000 0.010000
0 0.608643 0.809896 0.010254 0.011719
0 0.597900 0.825195 0.033691 0.021484
0 0.170410 0.828776 0.011719 0.013021
0 0.582275 0.836589 0.010000 0.010000
0 0.230713 0.842773 0.010000 0.010000
0 0.100000 0.844727 0.010000 0.010000
0 0.340820 0.851237 0.010000 0.010000
0 0.100000 0.856771 0.010000 0.010000
0 0.680176 0.856120 0.010000 0.010000
0 0.104248 0.858073 0.010000 0.010000
0 0.249756 0.873372 0.021973 0.026693
0 0.767822 0.862305 0.010000 0.010000
0 0.123535 0.870117 0.010000 0.010000
0 0.842285 0.872070 0.010000 0.010000
0 0.444336 0.875651 0.010000 0.010000
0 0.304443 0.877604 0.010000 0.010000
0 0.900000 0.880534 0.010000 0.010000
0 0.637207 0.881510 0.010000 0.010000
0 0.291016 0.884440 0.010000 0.010000
0 0.152344 0.886719 0.010000 0.010000
0 0.587646 0.887044 0.010000 0.010000
0 0.112549 0.900000 0.025879 0.024089
0 0.367432 0.898112 0.010000 0.010000
0 0.123779 0.900000 0.010000 0.010000
0 0.124512 0.900000 0.010000 0.010000
0 0.606201 0.900000 0.010000 0.010000
0 0.467285 0.900000 0.010000 0.012370
0 0.237793 0.900000 0.010000 0.010000
0 0.900000 0.900000 0.010000 0.010000
0 0.463135 0.900000 0.010000 0.010000
0 0.287354 0.900000 0.010000 0.010000
0 0.258301 0.900000 0.010000 0.010000
0 0.886719 0.900000 0.010000 0.010000
0 0.257324 0.900000 0.010000 0.010000
0 0.577881 0.900000 0.010000 0.010000
0 0.796143 0.900000 0.010000 0.010000
0 0.577393 0.900000 0.010000 0.010000
0 0.755615 0.900000 0.010000 0.010000
0 0.100000 0.900000 0.010000 0.010000
0 0.857666 0.900000 0.010000 0.010000
0 0.601318 0.900000 0.010000 0.010000
0 0.900000 0.900000 0.010000 0.010000
0 0.100000 0.900000 0.010000 0.010000
