1 0.500000 0.500000 0.500000 0.500000
0 0.264893 0.100000 0.010000 0.010000
0 0.369385 0.100000 0.073730 0.042318
0 0.413086 0.100000 0.010000 0.010000
0 0.895508 0.100000 0.010000 0.010000
0 0.638184 0.100000 0.010000 0.010000
0 0.100000 0.100000 0.010000 0.010000
0 0.856689 0.100000 0.010000 0.010000
0 0.726562 0.100000 0.010000 0.010000
0 0.374268 0.100000 0.010000 0.010000
0 0.900000 0.100000 0.010000 0.010000
0 0.490723 0.100000 0.010000 0.010000
0 0.610352 0.100000 0.010000 0.010000
0 0.123047 0.100000 0.010000 0.010000
0 0.567383 0.100000 0.010000 0.010000
0 0.100000 0.100000 0.010000 0.010000
0 0.900000 0.100000 0.010000 0.010000
0 0.226562 0.100000 0.010000 0.010417
0 0.900000 0.100000 0.010000 0.010000
0 0.765625 0.100000 0.010000 0.010000
0 0.186035 0.100000 0.010000 0.010000
0 0.100000 0.100000 0.010000 0.010000
0 0.847656 0.100000 0.010000 0.010000
0 0.841553 0.100000 0.022949 0.031250
0 0.552246 0.100000 0.010000 0.010000
0 0.786621 0.100000 0.010000 0.010000
0 0.306885 0.100000 0.010000 0.010000
0 0.763672 0.100000 0.016602 0.014323
0 0.831299 0.100000 0.010000 0.010000
0 0.100000 0.100000 0.010000 0.011719
0 0.436279 0.100000 0.010000 0.010000
0 0.100000 0.100000 0.010000 0.010000
0 0.414551 0.100000 0.010000 0.010000
0 0.100000 0.100000 0.010000 0.010000
0 0.752197 0.100000 0.010000 0.010000
0 0.506592 0.102214 0.010000 0.010000
0 0.118408 0.106771 0.010000 0.010000
0 0.701416 0.109375 0.010000 0.010000
0 0.196289 0.113607 0.010000 0.010000
0 0.900000 0.123047 0.013672 0.013021
0 0.900000 0.123372 0.010000 0.010000
0 0.120605 0.127604 0.010000 0.010000
0 0.130127 0.128581 0.010000 0.010000
0 0.210938 0.126953 0.010000 0.010000
0 0.786621 0.148438 0.034180 0.040365
0 0.793457 0.130859 0.010000 0.010000
0 0.261963 0.135417 0.010000 0.010000
0 0.122559 0.138021 0.010000 0.010000
0 0.100000 0.151693 0.017578 0.027344
0 0.900000 0.138672 0.010000 0.010000
0 0.543945 0.143555 0.010000 0.010000
0 0.801514 0.140951 0.010000 0.010000
0 0.900000 0.152344 0.010000 0.010000
0 0.358154 0.157552 0.010000 0.016927
0 0.593262 0.150391 0.010000 0.010000
0 0.900000 0.152995 0.010000 0.010000
0 0.763184 0.162760 0.010000 0.016927
0 0.755371 0.157227 0.010000 0.010000
0 0.780273 0.159831 0.010000 0.010000
0 0.729004 0.178060 0.010000 0.010000
0 0.100000 0.177409 0.010000 0.010000
0 0.781006 0.180664 0.010000 0.010000
0 0.781494 0.181966 0.010000 0.010000
0 0.784180 0.183268 0.010000 0.010000
0 0.518555 0.184570 0.010000 0.010000
0 0.402588 0.187500 0.010000 0.010000
0 0.611572 0.188477 0.010000 0.010000
0 0.497803 0.209310 0.010000 0.010000
0 0.876465 0.220052 0.010000 0.010000
0 0.323730 0.234701 0.010000 0.010000
0 0.900000 0.238607 0.010000 0.010000
0 0.900000 0.240560 0.010000 0.010000
0 0.100000 0.241536 0.010000 0.010000
0 0.854492 0.242188 0.010000 0.010000
0 0.100000 0.248047 0.010000 0.010000
0 0.648926 0.248047 0.010000 0.010000
0 0.718262 0.247721 0.010000 0.010000
0 0.645020 0.250000 0.010000 0.010000
0 0.641602 0.266927 0.016602 0.028646
0 0.765625 0.254883 0.010000 0.010000
0 0.643555 0.256510 0.010000 0.010000
0 0.657227 0.263346 0.017578 0.018880
0 0.900000 0.256836 0.010000 0.010000
0 0.442627 0.267578 0.010000 0.010000
0 0.491455 0.269206 0.010000 0.010000
0 0.633057 0.269206 0.010000 0.010000
0 0.658203 0.270508 0.010000 0.010000
0 0.427490 0.274089 0.010000 0.010000
0 0.100000 0.279297 0.010000 0.010000
0 0.651123 0.283203 0.010000 0.010000
0 0.667480 0.284505 0.010000 0.010000
0 0.425293 0.290365 0.010000 0.010000
0 0.900000 0.296875 0.010000 0.010000
0 0.841797 0.305990 0.011719 0.014323
0 0.847412 0.301107 0.010000 0.010000
0 0.452393 0.303711 0.010000 0.010000
0 0.100000 0.306315 0.010000 0.010000
0 0.165039 0.311198 0.010000 0.010000
0 0.100000 0.313802 0.010000 0.010000
0 0.900000 0.315755 0.010000 0.010000
0 0.106445 0.322266 0.010000 0.010000
0 0.647461 0.326172 0.010000 0.010000
0 0.100000 0.345378 0.010000 0.010000
0 0.322266 0.349609 0.010000 0.011719
0 0.324219 0.346354 0.010000 0.010000
0 0.690674 0.356445 0.010000 0.010000
0 0.694580 0.358073 0.010000 0.010000
0 0.686768 0.358398 0.010000 0.010000
0 0.331787 0.360026 0.010000 0.010000
0 0.526611 0.371745 0.015137 0.023438
0 0.182617 0.364909 0.010000 0.010000
0 0.186523 0.364583 0.010000 0.010000
0 0.117676 0.368164 0.010000 0.010000
0 0.900000 0.368815 0.010000 0.010000
0 0.900000 0.369141 0.010000 0.010000
0 0.900000 0.370768 0.010000 0.010000
0 0.900000 0.370768 0.010000 0.010000
0 0.466797 0.374349 0.010000 0.010000
0 0.370605 0.385417 0.026367 0.028646
0 0.849121 0.373372 0.010000 0.010000
0 0.198975 0.374349 0.010000 0.010000
0 0.100000 0.376628 0.010000 0.010000
0 0.200439 0.375977 0.010000 0.010000
0 0.185303 0.385091 0.013184 0.016276
0 0.100000 0.381836 0.010000 0.010000
0 0.100000 0.382161 0.010000 0.010000
0 0.437988 0.386393 0.010000 0.010000
0 0.463867 0.388346 0.010000 0.010000
0 0.466797 0.391927 0.010000 0.010000
0 0.467285 0.390299 0.010000 0.010000
0 0.229248 0.399414 0.010000 0.017578
0 0.100000 0.394206 0.010000 0.010000
0 0.105957 0.394206 0.010000 0.010000
0 0.233154 0.397135 0.010000 0.010000
0 0.280518 0.406250 0.010000 0.010417
0 0.771484 0.403971 0.010000 0.010000
0 0.699219 0.405599 0.010000 0.010000
0 0.284180 0.415039 0.010000 0.010000
0 0.312012 0.414388 0.010000 0.010000
0 0.320801 0.424805 0.010000 0.010000
0 0.318359 0.428711 0.010000 0.012370
0 0.561768 0.425781 0.010000 0.010000
0 0.560791 0.430664 0.010000 0.010000
0 0.576416 0.435221 0.011230 0.016276
0 0.244629 0.440104 0.010000 0.010000
0 0.162842 0.441406 0.010000 0.010000
0 0.243896 0.445638 0.010000 0.010000
0 0.322021 0.444987 0.010000 0.010000
0 0.590088 0.445638 0.010000 0.010000
0 0.466553 0.452148 0.010000 0.010000
0 0.560791 0.475911 0.010000 0.010000
0 0.526123 0.483073 0.010000 0.010000
0 0.198242 0.485026 0.010000 0.010000
0 0.450684 0.483398 0.010000 0.010000
0 0.366211 0.485352 0.010000 0.010000
0 0.279785 0.494792 0.015625 0.020833
0 0.365234 0.488281 0.010000 0.010000
0 0.197754 0.490885 0.010000 0.010000
0 0.100000 0.492513 0.010000 0.010000
0 0.581787 0.495443 0.010000 0.010000
0 0.435791 0.496419 0.010000 0.010000
0 0.900000 0.496094 0.010000 0.010000
0 0.328369 0.501953 0.014160 0.011719
0 0.567139 0.498698 0.010000 0.010000
0 0.575928 0.498047 0.010000 0.010000
0 0.900000 0.499674 0.010000 0.010000
0 0.569336 0.499023 0.010000 0.010000
0 0.900000 0.500977 0.010000 0.010000
0 0.145752 0.514323 0.010000 0.010000
0 0.579102 0.522461 0.010000 0.010000
0 0.444580 0.521484 0.010000 0.010000
0 0.581543 0.524089 0.010000 0.010000
0 0.692871 0.524089 0.010000 0.010000
0 0.900000 0.526042 0.010000 0.010000
0 0.730225 0.533529 0.010000 0.010000
0 0.900000 0.532552 0.010000 0.010000
0 0.274414 0.540690 0.010000 0.010000
0 0.900000 0.543620 0.010000 0.010000
0 0.167969 0.547201 0.010000 0.010000
0 0.312500 0.550130 0.010000 0.010000
0 0.838379 0.554036 0.010000 0.010000
0 0.183594 0.555339 0.010000 0.010000
0 0.838623 0.566081 0.010000 0.010000
0 0.132080 0.569336 0.012207 0.011068
0 0.839111 0.565430 0.010000 0.010000
0 0.645508 0.569336 0.010000 0.010000
0 0.900000 0.567383 0.010000 0.010000
0 0.100000 0.579427 0.013672 0.018229
0 0.467041 0.571615 0.010000 0.010000
0 0.900000 0.577148 0.010000 0.010000
0 0.131348 0.584635 0.015625 0.018229
0 0.293701 0.591797 0.018066 0.028646
0 0.900000 0.582031 0.010000 0.010000
0 0.740234 0.587240 0.010000 0.010000
0 0.100000 0.586589 0.010000 0.010000
0 0.353516 0.591797 0.010000 0.010000
0 0.542236 0.596680 0.010000 0.010000
0 0.443359 0.605469 0.010000 0.010000
0 0.900000 0.611979 0.010000 0.010000
0 0.875488 0.611328 0.010000 0.010000
0 0.661133 0.613932 0.010000 0.010000
0 0.727051 0.615234 0.010000 0.010000
0 0.285889 0.616211 0.010000 0.010000
0 0.668213 0.613932 0.010000 0.010000
0 0.764893 0.620117 0.010000 0.012370
0 0.291260 0.617513 0.010000 0.010000
0 0.114502 0.621419 0.010000 0.010000
0 0.506348 0.621419 0.010000 0.010000
0 0.446045 0.631836 0.010000 0.010000
0 0.490967 0.634440 0.010000 0.010000
0 0.489258 0.635417 0.010000 0.010000
0 0.527588 0.635091 0.010000 0.010000
0 0.575928 0.634115 0.010000 0.010000
0 0.497559 0.641276 0.010000 0.010000
0 0.900000 0.641927 0.010000 0.010000
0 0.498535 0.649740 0.010000 0.010000
0 0.863281 0.646484 0.010000 0.010000
0 0.682373 0.656576 0.010000 0.010000
0 0.734619 0.658854 0.010000 0.010000
0 0.740234 0.659505 0.010000 0.010000
0 0.183105 0.661784 0.010000 0.010000
0 0.796143 0.663086 0.010000 0.010000
0 0.684814 0.668294 0.010000 0.010000
0 0.683105 0.672526 0.010000 0.010000
0 0.684082 0.670573 0.010000 0.010000
0 0.879883 0.673503 0.010000 0.010000
0 0.602539 0.671875 0.010000 0.010000
0 0.680908 0.672852 0.010000 0.010000
0 0.100000 0.676107 0.010000 0.010000
0 0.684814 0.677083 0.010000 0.010000
0 0.702881 0.679362 0.010000 0.010000
0 0.100000 0.681966 0.010000 0.010000
0 0.461914 0.698242 0.035156 0.033203
0 0.700439 0.682617 0.010000 0.010000
0 0.690186 0.684245 0.010000 0.010000
0 0.147217 0.693685 0.010000 0.010000
0 0.622314 0.691732 0.010000 0.010000
0 0.100000 0.699544 0.010000 0.010000
0 0.146973 0.698568 0.010000 0.010000
0 0.740479 0.697266 0.010000 0.010000
0 0.100000 0.708008 0.010000 0.010000
0 0.147949 0.706055 0.010000 0.010000
0 0.781982 0.708984 0.010000 0.010000
0 0.900000 0.715495 0.010000 0.010000
0 0.304932 0.718424 0.010000 0.010000
0 0.228271 0.721680 0.010000 0.010000
0 0.164307 0.730143 0.010000 0.010000
0 0.456543 0.732747 0.010000 0.010000
0 0.900000 0.736328 0.010000 0.010000
0 0.289551 0.743815 0.010000 0.010000
0 0.457275 0.749674 0.010000 0.010000
0 0.449463 0.749023 0.010000 0.010000
0 0.415527 0.750000 0.010000 0.010000
0 0.205322 0.752930 0.010000 0.010000
0 0.453125 0.753581 0.010000 0.010000
0 0.166260 0.754232 0.010000 0.010000
0 0.414062 0.753255 0.010000 0.010000
0 0.304443 0.766276 0.010000 0.010000
0 0.577393 0.769531 0.010000 0.010000
0 0.284180 0.768880 0.010000 0.010000
0 0.578613 0.769531 0.010000 0.010000
0 0.742188 0.771810 0.010000 0.010000
0 0.341553 0.779622 0.010000 0.010000
0 0.100000 0.783529 0.010000 0.010000
0 0.100000 0.783854 0.010000 0.010000
0 0.254395 0.793294 0.010000 0.010000
0 0.877930 0.793294 0.010000 0.010000
0 0.699463 0.802409 0.010000 0.010000
0 0.424561 0.804362 0.010000 0.010000
0 0.525146 0.801432 0.010000 0.010000
0 0.680176 0.803711 0.010000 0.010000
0 0.900000 0.804362 0.010000 0.010000
0 0.354736 0.806966 0.010000 0.010000
0 0.361084 0.812174 0.010254 0.016276
0 0.423828 0.805339 0.010000 0.010000
0 0.229248 0.811523 0.010000 0.010000
0 0.100000 0.814779 0.010000 0.010000
0 0.100000 0.842773 0.023926 0.056641
0 0.633789 0.816081 0.010000 0.010000
0 0.374756 0.826823 0.017090 0.016927
0 0.614502 0.821289 0.010000 0.010000
0 0.900000 0.821940 0.010000 0.010000
0 0.108887 0.822917 0.010000 0.010000
0 0.100000 0.825521 0.010000 0.010000
0 0.100000 0.828776 0.010000 0.010000
0 0.122803 0.827474 0.010000 0.010000
0 0.474854 0.833984 0.010000 0.010000
0 0.114990 0.839518 0.010000 0.010000
0 0.120605 0.837891 0.010000 0.010000
0 0.104248 0.844076 0.010254 0.011068
0 0.118896 0.841471 0.010000 0.010000
0 0.104736 0.843750 0.010000 0.010000
0 0.118896 0.846680 0.010000 0.010000
0 0.115479 0.853190 0.010000 0.010000
0 0.687012 0.851888 0.010000 0.010000
0 0.498047 0.858073 0.010000 0.010000
0 0.440186 0.860677 0.010000 0.010000
0 0.521240 0.866211 0.010000 0.010000
0 0.100000 0.875000 0.010000 0.010000
0 0.250732 0.877930 0.010000 0.010000
0 0.103760 0.879883 0.010000 0.010000
0 0.429932 0.888346 0.010000 0.010000
0 0.516357 0.891276 0.010000 0.010000
0 0.846436 0.890299 0.010000 0.010000
0 0.395020 0.893555 0.010000 0.010000
0 0.762207 0.895833 0.010000 0.010000
0 0.670898 0.900000 0.010000 0.010000
0 0.624268 0.900000 0.010000 0.010000
0 0.694580 0.900000 0.010000 0.010000
0 0.640137 0.900000 0.010000 0.010000
0 0.678223 0.900000 0.015625 0.012370
0 0.687012 0.900000 0.010000 0.010000
0 0.789795 0.900000 0.010000 0.010000
0 0.643799 0.900000 0.010000 0.010000
0 0.127686 0.900000 0.010000 0.010000
0 0.642578 0.900000 0.010000 0.010000
0 0.100000 0.900000 0.010000 0.010000
0 0.642090 0.900000 0.010000 0.010000
0 0.100000 0.900000 0.010000 0.010000
0 0.100000 0.900000 0.010000 0.010000
0 0.900000 0.900000 0.010000 0.010000
0 0.900000 0.900000 0.010000 0.010000
0 0.900000 0.900000 0.010000 0.010000
0 0.857910 0.900000 0.010000 0.010000
0 0.657959 0.900000 0.010000 0.010000
0 0.900000 0.900000 0.010000 0.010000
0 0.885986 0.900000 0.010000 0.010000
0 0.100000 0.900000 0.010000 0.010000
0 0.109131 0.900000 0.010254 0.010000
0 0.139160 0.900000 0.010000 0.010000
0 0.501465 0.900000 0.010000 0.010000
0 0.530518 0.900000 0.010000 0.010000
0 0.854248 0.900000 0.010000 0.010000
0 0.900000 0.900000 0.010000 0.010000
