1 0.500000 0.500000 0.500000 0.500000
0 0.383545 0.100000 0.010000 0.010000
0 0.634277 0.100000 0.010000 0.010000
0 0.641357 0.100000 0.012207 0.017578
0 0.666992 0.100000 0.035156 0.011068
0 0.864502 0.100000 0.010000 0.010000
0 0.888916 0.100000 0.010000 0.010000
0 0.893066 0.100000 0.010000 0.010000
0 0.899414 0.100000 0.010000 0.010000
0 0.900000 0.100000 0.010000 0.010000
0 0.648193 0.100000 0.010000 0.010000
0 0.100000 0.100000 0.010000 0.010000
0 0.900000 0.100000 0.010000 0.010000
0 0.100000 0.100000 0.010000 0.010000
0 0.100000 0.100000 0.010000 0.010000
0 0.639648 0.100000 0.010000 0.010000
0 0.635254 0.100000 0.010000 0.010000
0 0.642822 0.100000 0.010000 0.010000
0 0.727783 0.100000 0.010000 0.010000
0 0.217773 0.100000 0.010000 0.010000
0 0.773438 0.100000 0.010000 0.010000
0 0.900000 0.100000 0.010000 0.010000
0 0.795654 0.100000 0.010000 0.010000
0 0.898438 0.100000 0.010000 0.010000
0 0.269775 0.100000 0.010000 0.010000
0 0.662598 0.100000 0.010000 0.010000
0 0.241699 0.100000 0.010000 0.010000
0 0.177490 0.100000 0.010000 0.010000
0 0.100000 0.100000 0.010000 0.010000
0 0.753906 0.100000 0.010000 0.010000
0 0.267090 0.100000 0.010000 0.010000
0 0.508545 0.109701 0.010000 0.010000
0 0.900000 0.114583 0.010000 0.010000
0 0.834229 0.127604 0.011230 0.022135
0 0.900000 0.120768 0.010000 0.010000
0 0.262451 0.136719 0.016113 0.014323
0 0.617432 0.135417 0.010000 0.010000
0 0.410400 0.144531 0.011230 0.013021
0 0.494873 0.143229 0.010000 0.010000
0 0.346191 0.145833 0.010000 0.010000
0 0.481689 0.144857 0.010000 0.010000
0 0.657227 0.148763 0.010000 0.010000
0 0.442383 0.153320 0.010000 0.010000
0 0.666748 0.159180 0.010000 0.010000
0 0.791748 0.164388 0.010000 0.010000
0 0.505371 0.172526 0.010000 0.010000
0 0.664062 0.175130 0.010000 0.010000
0 0.100000 0.184896 0.010000 0.010000
0 0.683350 0.190755 0.010000 0.010000
0 0.608887 0.190430 0.010000 0.010000
0 0.554199 0.194661 0.010000 0.010000
0 0.769287 0.193685 0.010000 0.010000
0 0.554443 0.194987 0.010000 0.010000
0 0.399658 0.218099 0.010000 0.013021
0 0.337158 0.213542 0.010000 0.010000
0 0.798828 0.233724 0.029297 0.036458
0 0.614746 0.230143 0.010000 0.010000
0 0.339111 0.230469 0.010000 0.010000
0 0.535645 0.231120 0.010000 0.010000
0 0.100000 0.237630 0.010000 0.010000
0 0.570557 0.236328 0.010000 0.010000
0 0.614746 0.234375 0.010000 0.010000
0 0.100000 0.236979 0.010000 0.010000
0 0.571533 0.237305 0.010000 0.010000
0 0.899902 0.237305 0.010000 0.010000
0 0.100000 0.242188 0.011230 0.013021
0 0.651611 0.236979 0.010000 0.010000
0 0.245850 0.240560 0.010000 0.010000
0 0.413574 0.239909 0.010000 0.010000
0 0.531494 0.239583 0.010000 0.010000
0 0.900000 0.239583 0.010000 0.010000
0 0.242188 0.241536 0.010000 0.010000
0 0.900000 0.240560 0.010000 0.010000
0 0.100000 0.243490 0.010000 0.010000
0 0.717041 0.245117 0.010000 0.010000
0 0.900000 0.243164 0.010000 0.010000
0 0.493896 0.256836 0.010000 0.010000
0 0.447266 0.267578 0.010000 0.010000
0 0.450439 0.268229 0.010000 0.010000
0 0.635742 0.271484 0.010000 0.010000
0 0.900000 0.280599 0.018066 0.019531
0 0.601807 0.273763 0.010000 0.010000
0 0.556396 0.275391 0.010000 0.010000
0 0.900000 0.276367 0.010000 0.010000
0 0.638672 0.283203 0.010000 0.010000
0 0.900000 0.286133 0.010000 0.010000
0 0.497803 0.288086 0.010000 0.010000
0 0.424316 0.289714 0.010000 0.010000
0 0.435059 0.296875 0.010000 0.010000
0 0.622559 0.303060 0.010000 0.010000
0 0.592773 0.305013 0.010000 0.010000
0 0.588867 0.305990 0.010000 0.010000
0 0.593506 0.308919 0.010000 0.010000
0 0.726074 0.308594 0.010000 0.010000
0 0.133301 0.313151 0.010000 0.010000
0 0.283691 0.314779 0.010000 0.010000
0 0.684814 0.315755 0.010000 0.010000
0 0.284912 0.316406 0.010000 0.010000
0 0.672607 0.325846 0.010000 0.010000
0 0.634277 0.329102 0.010000 0.010000
0 0.671143 0.336263 0.010000 0.010000
0 0.321777 0.335938 0.010000 0.010000
0 0.663574 0.336914 0.010000 0.010000
0 0.670898 0.338542 0.010000 0.010000
0 0.670898 0.347982 0.019531 0.024089
0 0.713379 0.339518 0.010000 0.010000
0 0.155762 0.345378 0.011719 0.012370
0 0.160156 0.342448 0.010000 0.010000
0 0.663574 0.341146 0.010000 0.010000
0 0.148438 0.346354 0.010000 0.010000
0 0.251465 0.344727 0.010000 0.010000
0 0.154541 0.348958 0.010000 0.010000
0 0.100000 0.351888 0.010000 0.010000
0 0.491211 0.353516 0.010000 0.010000
0 0.614746 0.359375 0.010000 0.014323
0 0.616211 0.355143 0.010000 0.010000
0 0.291504 0.360352 0.010000 0.010000
0 0.100000 0.358073 0.010000 0.010000
0 0.417725 0.365885 0.011230 0.010000
0 0.719971 0.369466 0.010000 0.010000
0 0.375000 0.373698 0.010000 0.010000
0 0.786133 0.389974 0.010000 0.010000
0 0.782471 0.390951 0.010000 0.010000
0 0.362061 0.392578 0.010000 0.010000
0 0.418945 0.396484 0.010000 0.010000
0 0.554443 0.396159 0.010000 0.010000
0 0.418457 0.402995 0.010000 0.010000
0 0.411377 0.403320 0.010000 0.010000
0 0.412354 0.404297 0.010000 0.010000
0 0.418945 0.404622 0.010000 0.010000
0 0.900000 0.430013 0.023926 0.054036
0 0.893066 0.407552 0.010000 0.010000
0 0.697510 0.407552 0.010000 0.010000
0 0.569092 0.416016 0.010000 0.010000
0 0.663574 0.415690 0.010000 0.010000
0 0.207031 0.422526 0.010000 0.010000
0 0.818115 0.422852 0.010000 0.010000
0 0.574463 0.423828 0.010000 0.010000
0 0.884277 0.422852 0.010000 0.010000
0 0.376953 0.424805 0.010000 0.010000
0 0.212158 0.428385 0.010000 0.010000
0 0.205566 0.433594 0.019531 0.014323
0 0.387451 0.439128 0.017090 0.026693
0 0.372803 0.429688 0.010000 0.010000
0 0.820068 0.428711 0.010000 0.010000
0 0.205566 0.433594 0.015625 0.010417
0 0.460938 0.430990 0.010000 0.010000
0 0.553223 0.431641 0.010000 0.010000
0 0.209717 0.438802 0.013184 0.011719
0 0.776367 0.436849 0.010000 0.010000
0 0.552246 0.436523 0.010000 0.010000
0 0.166260 0.439128 0.010000 0.010000
0 0.219482 0.439779 0.010000 0.010000
0 0.367188 0.442383 0.010000 0.010000
0 0.211426 0.445638 0.010000 0.010000
0 0.100000 0.448568 0.010000 0.010000
0 0.100000 0.448242 0.010000 0.010000
0 0.100000 0.450195 0.010000 0.010000
0 0.325928 0.455729 0.016113 0.011719
0 0.861816 0.451823 0.010000 0.010000
0 0.100000 0.456706 0.010000 0.010000
0 0.237061 0.452799 0.010000 0.010000
0 0.236084 0.455404 0.010000 0.010000
0 0.233887 0.456380 0.010000 0.010000
0 0.120605 0.458984 0.010000 0.010000
0 0.788086 0.462240 0.010000 0.010000
0 0.499512 0.472982 0.010000 0.010000
0 0.638672 0.472982 0.010000 0.010000
0 0.100000 0.477865 0.010000 0.010000
0 0.267334 0.479492 0.010000 0.010000
0 0.486572 0.479167 0.010000 0.010000
0 0.133545 0.481120 0.010000 0.010000
0 0.371094 0.481445 0.010000 0.010000
0 0.294189 0.483073 0.010000 0.010000
0 0.100000 0.491211 0.010742 0.017578
0 0.401855 0.483724 0.010000 0.010000
0 0.257080 0.484701 0.010000 0.010000
0 0.422119 0.486003 0.010000 0.010000
0 0.411865 0.488281 0.010000 0.010000
0 0.806885 0.486979 0.010000 0.010000
0 0.100000 0.492839 0.010000 0.010000
0 0.280518 0.493490 0.010000 0.010000
0 0.100000 0.499349 0.010000 0.010000
0 0.509033 0.496745 0.010000 0.010000
0 0.100000 0.501953 0.010000 0.010000
0 0.100000 0.503906 0.010000 0.010000
0 0.608643 0.509440 0.010000 0.012370
0 0.596680 0.519531 0.013672 0.019531
0 0.731445 0.515625 0.013672 0.010000
0 0.725342 0.514974 0.010000 0.010000
0 0.883301 0.519206 0.010000 0.010000
0 0.618164 0.523438 0.010000 0.010000
0 0.900000 0.532552 0.010000 0.010000
0 0.658691 0.540039 0.010000 0.010000
0 0.661133 0.540690 0.010000 0.010000
0 0.900000 0.541016 0.010000 0.010000
0 0.594971 0.553385 0.010000 0.010000
0 0.601318 0.556641 0.010000 0.010000
0 0.626709 0.559245 0.010000 0.010000
0 0.625977 0.559245 0.010000 0.010000
0 0.900000 0.561198 0.010000 0.010000
0 0.900000 0.561198 0.010000 0.010000
0 0.213135 0.568034 0.010000 0.010000
0 0.209229 0.571615 0.010000 0.010000
0 0.644043 0.576823 0.010000 0.010000
0 0.510742 0.578125 0.010000 0.010000
0 0.656982 0.578451 0.010000 0.010000
0 0.425537 0.601562 0.010000 0.010000
0 0.559814 0.603190 0.010000 0.010000
0 0.515625 0.620443 0.010000 0.010000
0 0.900000 0.625326 0.010000 0.010000
0 0.263916 0.627604 0.010000 0.010000
0 0.100000 0.634766 0.010000 0.010000
0 0.100000 0.636068 0.010000 0.010000
0 0.446289 0.639648 0.010000 0.010000
0 0.100000 0.657552 0.010000 0.011719
0 0.371094 0.656901 0.010000 0.010417
0 0.562744 0.657227 0.010000 0.011068
0 0.324463 0.663411 0.015137 0.019531
0 0.340576 0.657227 0.010000 0.010000
0 0.900000 0.655599 0.010000 0.010000
0 0.100000 0.660482 0.010000 0.010000
0 0.691162 0.665690 0.010000 0.010000
0 0.804932 0.668620 0.010000 0.010000
0 0.870117 0.671224 0.010000 0.010000
0 0.482178 0.679036 0.010000 0.010000
0 0.273682 0.686849 0.010000 0.010000
0 0.472656 0.687174 0.010000 0.010000
0 0.900000 0.687826 0.010000 0.010000
0 0.542236 0.703451 0.010000 0.010000
0 0.580078 0.702474 0.010000 0.010000
0 0.134521 0.712891 0.010000 0.010417
0 0.545410 0.715495 0.010000 0.010000
0 0.563965 0.716146 0.010000 0.010000
0 0.900000 0.718750 0.010000 0.010000
0 0.328369 0.721029 0.010000 0.010000
0 0.231934 0.731771 0.010000 0.010417
0 0.382568 0.733073 0.010000 0.010000
0 0.381104 0.732747 0.010000 0.010000
0 0.718994 0.737630 0.010000 0.010000
0 0.247803 0.741536 0.010000 0.010000
0 0.900000 0.740234 0.010000 0.010000
0 0.155029 0.761068 0.012207 0.024740
0 0.421143 0.756510 0.010000 0.010000
0 0.612793 0.757487 0.010000 0.010000
0 0.100000 0.762370 0.010000 0.010000
0 0.439453 0.761393 0.010000 0.010000
0 0.139648 0.765625 0.010000 0.010000
0 0.696777 0.764974 0.010000 0.010000
0 0.714600 0.768555 0.010000 0.010000
0 0.900000 0.769857 0.010000 0.010000
0 0.100000 0.769531 0.010000 0.010000
0 0.127930 0.777018 0.010000 0.010000
0 0.260010 0.777669 0.010000 0.010000
0 0.735840 0.785807 0.010000 0.010000
0 0.797119 0.791667 0.010000 0.010000
0 0.822510 0.795247 0.010000 0.010000
0 0.900000 0.810221 0.010000 0.010000
0 0.355225 0.817708 0.010000 0.010000
0 0.126465 0.820312 0.010000 0.010000
0 0.204346 0.823242 0.010000 0.010000
0 0.900000 0.834961 0.010000 0.010000
0 0.494629 0.835286 0.010000 0.010000
0 0.881104 0.844401 0.010254 0.014323
0 0.749268 0.848633 0.010000 0.010000
0 0.706787 0.863281 0.010000 0.010000
0 0.773926 0.863607 0.010000 0.010000
0 0.328613 0.873047 0.010000 0.010000
0 0.493164 0.874349 0.010000 0.010000
0 0.100000 0.876628 0.010000 0.010000
0 0.723389 0.894857 0.010000 0.010000
0 0.513184 0.898438 0.010000 0.010000
0 0.135254 0.900000 0.010000 0.010000
0 0.740723 0.900000 0.010000 0.011068
0 0.593994 0.900000 0.010000 0.010000
0 0.900000 0.900000 0.010000 0.010000
0 0.900000 0.900000 0.010000 0.010000
0 0.261719 0.900000 0.010000 0.010000
0 0.706543 0.900000 0.010000 0.010000
0 0.900000 0.900000 0.010000 0.010000
0 0.900000 0.900000 0.010000 0.010000
0 0.217041 0.900000 0.010000 0.010000
0 0.876465 0.900000 0.010000 0.010000
0 0.267334 0.900000 0.010000 0.010000
0 0.579346 0.900000 0.010000 0.010000
0 0.142334 0.900000 0.010000 0.010000
