1 0.500000 0.500000 0.500000 0.500000
0 0.100000 0.100000 0.010000 0.010000
0 0.506836 0.100000 0.010000 0.010000
0 0.900000 0.100000 0.010000 0.010000
0 0.813965 0.100000 0.010000 0.010000
0 0.569092 0.100000 0.010000 0.010000
0 0.286377 0.100000 0.010000 0.010000
0 0.900000 0.100000 0.010000 0.010000
0 0.695068 0.100000 0.010000 0.010000
0 0.246582 0.100000 0.010000 0.010000
0 0.246826 0.100000 0.010000 0.010000
0 0.259033 0.100000 0.010000 0.010000
0 0.484375 0.100000 0.010000 0.010000
0 0.847900 0.100000 0.010000 0.010000
0 0.100000 0.100000 0.010000 0.010000
0 0.244873 0.100000 0.010000 0.010000
0 0.243652 0.100000 0.010000 0.010000
0 0.247803 0.100000 0.010000 0.010000
0 0.100000 0.100000 0.010000 0.010000
0 0.772461 0.100000 0.010000 0.010000
0 0.100000 0.100000 0.010000 0.010000
0 0.401123 0.100000 0.010000 0.010000
0 0.418945 0.100000 0.033203 0.047526
0 0.900000 0.100000 0.010000 0.010000
0 0.435791 0.100000 0.010000 0.010000
0 0.853516 0.100000 0.010000 0.010000
0 0.470215 0.100000 0.010000 0.010000
0 0.852295 0.100000 0.010000 0.010000
0 0.833984 0.100000 0.010000 0.010000
0 0.815918 0.101888 0.010000 0.010000
0 0.422852 0.117188 0.010000 0.010000
0 0.704834 0.122721 0.010000 0.010000
0 0.823730 0.128581 0.010000 0.010000
0 0.701416 0.134440 0.010000 0.010000
0 0.100000 0.154948 0.010000 0.010000
0 0.896729 0.157552 0.010000 0.010000
0 0.897217 0.162109 0.010000 0.010000
0 0.219482 0.163086 0.010000 0.010000
0 0.610840 0.167643 0.010000 0.010000
0 0.608154 0.169922 0.010000 0.010000
0 0.632324 0.169922 0.010000 0.010000
0 0.614258 0.171549 0.010000 0.010000
0 0.108398 0.174805 0.010000 0.010000
0 0.900000 0.174479 0.010000 0.010000
0 0.615234 0.179688 0.010000 0.010000
0 0.533691 0.205729 0.010000 0.010000
0 0.100000 0.209961 0.010000 0.010000
0 0.100000 0.211914 0.010000 0.010000
0 0.637939 0.220052 0.012207 0.016927
0 0.100000 0.220703 0.010000 0.015625
0 0.100000 0.216471 0.010000 0.010000
0 0.330078 0.217773 0.010000 0.010000
0 0.549805 0.222656 0.010000 0.010000
0 0.397217 0.230469 0.010000 0.010000
0 0.395996 0.231771 0.010000 0.010000
0 0.506104 0.236979 0.010000 0.010000
0 0.505859 0.266927 0.011719 0.014323
0 0.437500 0.265299 0.010000 0.010000
0 0.100000 0.277669 0.010000 0.017578
0 0.297607 0.273112 0.010000 0.010000
0 0.455078 0.273438 0.010000 0.010000
0 0.868652 0.284505 0.010000 0.010000
0 0.183350 0.299479 0.010000 0.010000
0 0.100000 0.307292 0.010000 0.010000
0 0.196533 0.309245 0.010000 0.010000
0 0.197266 0.312826 0.010000 0.010000
0 0.787598 0.312500 0.010000 0.010000
0 0.591553 0.316732 0.010000 0.010000
0 0.900000 0.329427 0.010000 0.010000
0 0.900000 0.333008 0.010000 0.010000
0 0.100000 0.338867 0.010000 0.010000
0 0.782227 0.342773 0.010000 0.010000
0 0.217285 0.354167 0.010000 0.010000
0 0.140869 0.363932 0.010000 0.010000
0 0.211182 0.363281 0.010000 0.010000
0 0.590820 0.375326 0.025391 0.022786
0 0.189453 0.367513 0.010000 0.010000
0 0.263916 0.368164 0.010000 0.010000
0 0.212646 0.372396 0.010000 0.010000
0 0.900000 0.371745 0.010000 0.010000
0 0.900000 0.384115 0.010000 0.010000
0 0.100000 0.388672 0.010000 0.010000
0 0.100000 0.394531 0.010000 0.010000
0 0.100000 0.395833 0.010000 0.010000
0 0.289551 0.415365 0.010000 0.010000
0 0.900000 0.429688 0.010000 0.011719
0 0.900000 0.429688 0.010000 0.010000
0 0.900000 0.432943 0.010000 0.010000
0 0.900000 0.437826 0.010000 0.010000
0 0.849365 0.443359 0.010000 0.010000
0 0.178223 0.450195 0.010000 0.010000
0 0.870850 0.450846 0.010000 0.010000
0 0.282227 0.453125 0.010000 0.010000
0 0.281006 0.455404 0.010000 0.010000
0 0.279053 0.458659 0.010000 0.010000
0 0.590820 0.462891 0.010000 0.010000
0 0.440918 0.469076 0.010000 0.010000
0 0.284668 0.472656 0.010000 0.010000
0 0.890625 0.495443 0.017578 0.029948
0 0.506592 0.484701 0.010000 0.010000
0 0.472900 0.503906 0.010000 0.010000
0 0.814453 0.503581 0.010000 0.010000
0 0.888428 0.507487 0.010000 0.010000
0 0.750977 0.506185 0.010000 0.010000
0 0.888672 0.507812 0.010000 0.010000
0 0.749756 0.510417 0.010000 0.010000
0 0.100000 0.512695 0.010000 0.010000
0 0.751221 0.514648 0.010000 0.010000
0 0.752686 0.514974 0.010000 0.010000
0 0.888916 0.517904 0.010000 0.010000
0 0.729004 0.521159 0.010000 0.010000
0 0.511719 0.522786 0.010000 0.010000
0 0.900000 0.524089 0.010000 0.010000
0 0.900000 0.527995 0.010000 0.010000
0 0.218750 0.531901 0.010000 0.010000
0 0.250244 0.530273 0.010000 0.010000
0 0.258545 0.531901 0.010000 0.010000
0 0.846924 0.531250 0.010000 0.010000
0 0.428955 0.544596 0.010000 0.010000
0 0.256104 0.554362 0.010000 0.010000
0 0.100000 0.555664 0.010000 0.010000
0 0.100000 0.557292 0.010000 0.010000
0 0.100000 0.557943 0.010000 0.010000
0 0.100000 0.557943 0.010000 0.010000
0 0.100000 0.568685 0.010000 0.010000
0 0.659180 0.568685 0.010000 0.010000
0 0.166016 0.572266 0.010000 0.010000
0 0.210449 0.589844 0.020508 0.023438
0 0.673828 0.585612 0.010000 0.010000
0 0.192383 0.588542 0.010000 0.010000
0 0.206787 0.595703 0.010000 0.010000
0 0.497803 0.595703 0.010000 0.010000
0 0.164551 0.602214 0.010000 0.010000
0 0.292480 0.645833 0.063477 0.091146
0 0.381104 0.611654 0.010000 0.010000
0 0.500000 0.617188 0.010000 0.010000
0 0.137939 0.618164 0.010000 0.010000
0 0.166992 0.624349 0.010000 0.010000
0 0.397461 0.642578 0.013672 0.029948
0 0.697998 0.629232 0.010000 0.010000
0 0.287842 0.641602 0.010000 0.010000
0 0.100000 0.654948 0.010000 0.016927
0 0.900000 0.656250 0.010000 0.010000
0 0.691162 0.657552 0.010000 0.010000
0 0.687012 0.665690 0.010000 0.010000
0 0.131348 0.667643 0.010000 0.010000
0 0.122559 0.668945 0.010000 0.010000
0 0.687744 0.669922 0.010000 0.010000
0 0.316895 0.676758 0.010000 0.010000
0 0.861572 0.686523 0.010000 0.010000
0 0.206543 0.688477 0.017578 0.011068
0 0.295166 0.686198 0.010000 0.010000
0 0.480469 0.685221 0.010000 0.010000
0 0.584717 0.685872 0.010000 0.010000
0 0.217773 0.688151 0.010000 0.010000
0 0.448730 0.686849 0.010000 0.010000
0 0.574951 0.700521 0.010000 0.010000
0 0.198486 0.708984 0.010000 0.010000
0 0.495850 0.714193 0.010000 0.010000
0 0.675049 0.715495 0.010000 0.010000
0 0.565430 0.715495 0.010000 0.010000
0 0.444580 0.719401 0.010000 0.010000
0 0.134033 0.738607 0.025879 0.037109
0 0.850342 0.725911 0.010000 0.010000
0 0.100000 0.727539 0.010000 0.010000
0 0.519775 0.731445 0.010000 0.010000
0 0.123535 0.733398 0.010000 0.010000
0 0.646973 0.733724 0.010000 0.010000
0 0.100000 0.736979 0.010000 0.010000
0 0.863281 0.739583 0.010000 0.010000
0 0.839355 0.738281 0.010000 0.010000
0 0.900000 0.739909 0.010000 0.010000
0 0.407227 0.744466 0.010000 0.010000
0 0.405518 0.746419 0.010000 0.010000
0 0.417969 0.747396 0.010000 0.010000
0 0.254395 0.750326 0.010000 0.010000
0 0.408203 0.752279 0.016602 0.012370
0 0.224121 0.755208 0.010000 0.010000
0 0.561523 0.751302 0.010000 0.010000
0 0.564697 0.755208 0.010000 0.010000
0 0.789062 0.756185 0.010000 0.011068
0 0.566406 0.754232 0.010000 0.010000
0 0.793213 0.753255 0.010000 0.010000
0 0.222656 0.756185 0.010000 0.010000
0 0.545166 0.755208 0.010000 0.010000
0 0.849365 0.758138 0.010000 0.010000
0 0.778809 0.763346 0.016602 0.013672
0 0.848145 0.758789 0.010000 0.010000
0 0.100000 0.762695 0.010000 0.010000
0 0.900000 0.767904 0.010000 0.010000
0 0.828369 0.769531 0.010000 0.010000
0 0.779541 0.772461 0.010000 0.010000
0 0.249023 0.773112 0.010000 0.010000
0 0.818115 0.773112 0.010000 0.010000
0 0.870850 0.775391 0.010000 0.010000
0 0.252197 0.781250 0.010000 0.011719
0 0.373535 0.779622 0.010000 0.010000
0 0.123291 0.795898 0.010000 0.010000
0 0.559814 0.795247 0.010000 0.010000
0 0.582031 0.795898 0.010000 0.010000
0 0.175781 0.801432 0.010000 0.010000
0 0.186279 0.809896 0.010000 0.010000
0 0.406006 0.828776 0.010000 0.010000
0 0.900000 0.835286 0.010000 0.010000
0 0.900000 0.835938 0.010000 0.010000
0 0.477783 0.842448 0.010000 0.010000
0 0.100000 0.844401 0.010000 0.010000
0 0.900000 0.847982 0.010000 0.010000
0 0.309570 0.864583 0.010000 0.010000
0 0.900000 0.873698 0.010000 0.010000
0 0.900000 0.873698 0.010000 0.010000
0 0.100000 0.877279 0.010000 0.010000
0 0.104736 0.886393 0.010000 0.010000
0 0.100000 0.888346 0.010000 0.010000
0 0.187500 0.892904 0.010000 0.010000
0 0.283203 0.894206 0.010000 0.010000
0 0.185547 0.895833 0.010000 0.010000
0 0.246094 0.900000 0.010000 0.010000
0 0.438232 0.900000 0.010000 0.010000
0 0.227539 0.900000 0.010000 0.010000
0 0.295898 0.900000 0.010000 0.010000
0 0.228760 0.900000 0.010000 0.010000
0 0.106201 0.900000 0.010000 0.010000
0 0.810547 0.900000 0.010000 0.010000
0 0.900000 0.900000 0.010000 0.010000
0 0.165039 0.900000 0.010000 0.010000
0 0.813232 0.900000 0.010000 0.010000
0 0.156982 0.900000 0.010000 0.010000
0 0.712402 0.900000 0.010000 0.010000
0 0.758057 0.900000 0.010000 0.010000
0 0.818848 0.900000 0.010000 0.010000
0 0.100000 0.900000 0.010000 0.010000
0 0.165527 0.900000 0.010000 0.010000
0 0.900000 0.900000 0.010000 0.010000
0 0.851074 0.900000 0.010000 0.010000
0 0.289062 0.900000 0.010000 0.010000
0 0.900000 0.900000 0.010000 0.010000
0 0.722412 0.900000 0.010000 0.010000
0 0.807861 0.900000 0.010000 0.010000
0 0.634521 0.900000 0.010000 0.010000
0 0.386719 0.900000 0.010000 0.010000
0 0.392578 0.900000 0.010000 0.010000
0 0.319092 0.900000 0.010000 0.010000
0 0.403564 0.900000 0.010000 0.010000
0 0.503418 0.900000 0.010000 0.010000
0 0.573975 0.900000 0.010000 0.010000
0 0.500977 0.900000 0.010000 0.010000
0 0.613525 0.900000 0.010000 0.010000
0 0.644287 0.900000 0.010000 0.010000
0 0.900000 0.900000 0.010000 0.010000
0 0.521484 0.900000 0.010000 0.010000
0 0.525879 0.900000 0.010000 0.010000
0 0.517822 0.900000 0.010000 0.010000
0 0.789551 0.900000 0.010000 0.010000
0 0.207764 0.900000 0.010000 0.010000
0 0.793701 0.900000 0.010000 0.010000
0 0.126709 0.900000 0.010000 0.010000
0 0.210205 0.900000 0.010000 0.010000
0 0.530273 0.900000 0.010000 0.010000
0 0.791748 0.900000 0.010000 0.010000
