0 0.100000 0.100000 0.010000 0.010000
1 0.500000 0.500000 0.500000 0.500000
0 0.672607 0.100000 0.010000 0.020833
0 0.706055 0.100000 0.049805 0.035807
0 0.900000 0.100000 0.010000 0.010000
0 0.590820 0.100000 0.010000 0.010000
0 0.900000 0.100000 0.010000 0.010000
0 0.670654 0.100000 0.010000 0.010000
0 0.148193 0.100000 0.010000 0.010000
0 0.173584 0.100000 0.010000 0.010000
0 0.868896 0.100000 0.010000 0.010000
0 0.100000 0.100000 0.010000 0.010000
0 0.669678 0.100000 0.010000 0.010000
0 0.669678 0.100000 0.010000 0.010000
0 0.372559 0.100000 0.010000 0.010000
0 0.678955 0.100000 0.010000 0.010417
0 0.759033 0.100000 0.010000 0.010000
0 0.100000 0.100000 0.010000 0.010000
0 0.100000 0.100000 0.010000 0.010000
0 0.900000 0.100000 0.010000 0.010000
0 0.476074 0.100000 0.010000 0.010000
0 0.470703 0.100000 0.010000 0.010000
0 0.306641 0.100000 0.021484 0.015625
0 0.764893 0.100000 0.010000 0.010000
0 0.167236 0.100000 0.010000 0.010000
0 0.569824 0.100000 0.010000 0.010000
0 0.236084 0.100000 0.010000 0.010000
0 0.721680 0.100000 0.010000 0.010000
0 0.900000 0.100000 0.010000 0.010000
0 0.713135 0.100000 0.010000 0.010000
0 0.759766 0.100000 0.010000 0.010000
0 0.434082 0.100000 0.010000 0.010000
0 0.875977 0.100000 0.010000 0.010000
0 0.877197 0.100000 0.010000 0.010000
0 0.900000 0.100000 0.010000 0.010000
0 0.873291 0.100000 0.010000 0.010000
0 0.176025 0.100000 0.010000 0.010000
0 0.105713 0.118815 0.010000 0.010000
0 0.433838 0.121745 0.010000 0.010000
0 0.587402 0.124023 0.010000 0.010000
0 0.587402 0.127604 0.010000 0.010000
0 0.543213 0.136393 0.010000 0.010000
0 0.151611 0.139648 0.010000 0.010000
0 0.100000 0.141602 0.010000 0.010000
0 0.100000 0.139648 0.010000 0.010000
0 0.135010 0.142904 0.010000 0.010000
0 0.542480 0.144857 0.010000 0.010000
0 0.640137 0.145182 0.010000 0.010000
0 0.533203 0.151693 0.010000 0.010000
0 0.100000 0.154622 0.010000 0.010000
0 0.531006 0.153646 0.010000 0.010000
0 0.394287 0.165690 0.017090 0.017578
0 0.609375 0.158203 0.010000 0.010000
0 0.168213 0.167318 0.010000 0.010000
0 0.100000 0.179036 0.010000 0.010000
0 0.897217 0.180339 0.010000 0.010000
0 0.802734 0.189128 0.010000 0.010000
0 0.895508 0.189453 0.010000 0.010000
0 0.100000 0.197591 0.010000 0.010000
0 0.224121 0.194010 0.010000 0.010000
0 0.318359 0.201823 0.010000 0.010000
0 0.590088 0.219076 0.010000 0.010000
0 0.150879 0.227214 0.010000 0.010000
0 0.577881 0.226237 0.010000 0.010000
0 0.160156 0.228516 0.010000 0.010000
0 0.349121 0.228516 0.010000 0.010000
0 0.437256 0.230469 0.010000 0.010000
0 0.752930 0.234701 0.010000 0.012370
0 0.270752 0.240560 0.010000 0.012370
0 0.900000 0.237305 0.010000 0.010000
0 0.266357 0.241536 0.010000 0.010000
0 0.364990 0.241862 0.010000 0.010000
0 0.514893 0.242513 0.010000 0.010000
0 0.517334 0.242513 0.010000 0.010000
0 0.767090 0.247396 0.010000 0.010000
0 0.869629 0.248047 0.010000 0.010000
0 0.268066 0.249349 0.010000 0.010000
0 0.759766 0.252279 0.010000 0.010000
0 0.250732 0.253581 0.010000 0.010000
0 0.859863 0.253581 0.010000 0.010000
0 0.100000 0.265951 0.015137 0.017578
0 0.530518 0.276367 0.010000 0.010000
0 0.548584 0.280924 0.015137 0.012370
0 0.529297 0.277995 0.010000 0.010000
0 0.579102 0.284505 0.010000 0.011719
0 0.611816 0.286784 0.012695 0.014974
0 0.900000 0.282878 0.010000 0.010000
0 0.695312 0.294596 0.010000 0.010000
0 0.688721 0.295573 0.010000 0.010000
0 0.900000 0.314128 0.010000 0.010000
0 0.100000 0.347331 0.010000 0.013672
0 0.845703 0.343099 0.010000 0.010000
0 0.100000 0.347982 0.010000 0.010000
0 0.100000 0.347656 0.010000 0.010000
0 0.800537 0.348633 0.010000 0.010000
0 0.543457 0.364909 0.010000 0.012370
0 0.190674 0.362630 0.010000 0.010000
0 0.543213 0.364909 0.010000 0.010000
0 0.551025 0.365885 0.010000 0.010000
0 0.281982 0.370768 0.010000 0.010000
0 0.536865 0.368815 0.010000 0.010000
0 0.535645 0.375651 0.010000 0.010000
0 0.548340 0.372396 0.010000 0.010000
0 0.868408 0.375326 0.010000 0.010000
0 0.551758 0.377279 0.010000 0.010000
0 0.100000 0.378906 0.010000 0.010000
0 0.142090 0.380208 0.010000 0.010000
0 0.269287 0.381185 0.010000 0.010000
0 0.603516 0.394857 0.010000 0.010000
0 0.482666 0.396159 0.010000 0.010000
0 0.100000 0.403320 0.010000 0.010000
0 0.305176 0.410807 0.010000 0.010000
0 0.900000 0.417969 0.010000 0.010000
0 0.158447 0.423828 0.010000 0.010000
0 0.345947 0.424154 0.010000 0.010000
0 0.201416 0.437826 0.016113 0.027995
0 0.123779 0.427409 0.010000 0.010000
0 0.127197 0.433594 0.016113 0.014323
0 0.201660 0.430664 0.010000 0.010000
0 0.485840 0.433594 0.010000 0.010000
0 0.100000 0.432617 0.010000 0.010000
0 0.371338 0.434570 0.010000 0.010000
0 0.192383 0.434570 0.010000 0.010000
0 0.487305 0.435872 0.010000 0.010000
0 0.194336 0.437826 0.010000 0.010000
0 0.488037 0.436849 0.010000 0.010000
0 0.511475 0.442383 0.010000 0.010000
0 0.100000 0.459961 0.010000 0.010000
0 0.838623 0.463542 0.010000 0.010000
0 0.692383 0.463542 0.010000 0.010000
0 0.647949 0.469076 0.010742 0.010000
0 0.447021 0.470378 0.010000 0.010000
0 0.317139 0.473958 0.010000 0.010000
0 0.885986 0.485352 0.024902 0.030599
0 0.622314 0.479818 0.010000 0.010000
0 0.157227 0.480143 0.010000 0.010000
0 0.744629 0.481445 0.010000 0.010000
0 0.379639 0.484375 0.010000 0.010000
0 0.583008 0.484375 0.010000 0.010000
0 0.572754 0.489583 0.010000 0.010000
0 0.464111 0.493164 0.010000 0.010000
0 0.447754 0.494141 0.010000 0.010000
0 0.380615 0.498698 0.010000 0.010000
0 0.357666 0.503581 0.010000 0.010000
0 0.126465 0.513346 0.010000 0.016276
0 0.500977 0.508464 0.010000 0.010000
0 0.335205 0.509766 0.010000 0.010000
0 0.397217 0.513021 0.010000 0.010000
0 0.100000 0.527995 0.010000 0.010000
0 0.769775 0.527995 0.010000 0.010000
0 0.145508 0.530924 0.010000 0.010000
0 0.665771 0.536784 0.010000 0.010000
0 0.630615 0.543945 0.010000 0.010000
0 0.773926 0.545247 0.010000 0.010000
0 0.526367 0.552083 0.010000 0.010000
0 0.241943 0.569987 0.010000 0.010000
0 0.288574 0.570638 0.010000 0.010000
0 0.679932 0.570964 0.010000 0.010000
0 0.537598 0.577799 0.010000 0.010000
0 0.393555 0.578125 0.010000 0.010000
0 0.781738 0.578451 0.010000 0.010000
0 0.879639 0.578451 0.010000 0.010000
0 0.611816 0.578776 0.010000 0.010000
0 0.534424 0.587240 0.010000 0.010000
0 0.385742 0.595703 0.010000 0.010000
0 0.100000 0.596029 0.010000 0.010000
0 0.100000 0.596354 0.010000 0.010000
0 0.100000 0.598633 0.010000 0.010000
0 0.100000 0.616536 0.010000 0.033854
0 0.100000 0.613607 0.016602 0.018880
0 0.209229 0.606120 0.010000 0.010000
0 0.548340 0.612956 0.010000 0.010000
0 0.549561 0.613281 0.010000 0.010000
0 0.545166 0.620117 0.010000 0.010000
0 0.900000 0.625977 0.010000 0.010000
0 0.100000 0.627604 0.010000 0.010000
0 0.100000 0.633138 0.010000 0.010000
0 0.100000 0.632487 0.010000 0.010000
0 0.100000 0.632812 0.010000 0.010000
0 0.252197 0.633464 0.010000 0.010000
0 0.131836 0.636068 0.010000 0.010000
0 0.578613 0.641602 0.010000 0.010000
0 0.663330 0.646810 0.010000 0.011068
0 0.606934 0.643229 0.010000 0.010000
0 0.620850 0.645833 0.010000 0.010000
0 0.530762 0.645508 0.010000 0.010000
0 0.900000 0.645508 0.010000 0.010000
0 0.208496 0.650391 0.010000 0.010000
0 0.203857 0.655924 0.010000 0.012370
0 0.662109 0.652669 0.010000 0.010000
0 0.735107 0.651367 0.010000 0.010000
0 0.533447 0.657552 0.010000 0.010000
0 0.875488 0.661784 0.010000 0.010000
0 0.100000 0.667643 0.010000 0.010000
0 0.100000 0.671224 0.010000 0.010000
0 0.557617 0.673503 0.010000 0.010000
0 0.572021 0.676758 0.010000 0.010000
0 0.553467 0.680990 0.010000 0.010000
0 0.359375 0.680339 0.010000 0.010000
0 0.555176 0.681315 0.010000 0.010000
0 0.100000 0.711589 0.010000 0.010000
0 0.334961 0.721029 0.010000 0.010000
0 0.336914 0.721029 0.010000 0.010000
0 0.128662 0.731445 0.010000 0.010000
0 0.581787 0.738932 0.010000 0.010000
0 0.636719 0.744792 0.010000 0.010000
0 0.634033 0.748047 0.010000 0.010000
0 0.135010 0.752604 0.010000 0.010000
0 0.900000 0.758464 0.010000 0.010000
0 0.100000 0.758789 0.010000 0.010000
0 0.204834 0.765951 0.010000 0.010000
0 0.519775 0.769857 0.010000 0.010000
0 0.791504 0.772786 0.010000 0.010000
0 0.712646 0.774089 0.010000 0.010000
0 0.280029 0.783529 0.010000 0.010000
0 0.100000 0.794922 0.010000 0.010000
0 0.100000 0.817708 0.010000 0.010000
0 0.367676 0.823568 0.010000 0.010000
0 0.900000 0.821940 0.010000 0.010000
0 0.714600 0.827148 0.010000 0.010000
0 0.439941 0.831380 0.010000 0.010000
0 0.441895 0.830729 0.010000 0.010000
0 0.781250 0.829427 0.010000 0.010000
0 0.835938 0.831055 0.010000 0.010000
0 0.334717 0.838542 0.010000 0.010000
0 0.379150 0.837891 0.010000 0.010000
0 0.270020 0.847331 0.010000 0.010000
0 0.900000 0.852539 0.010000 0.010000
0 0.634033 0.857422 0.010000 0.010000
0 0.323242 0.857422 0.010000 0.010000
0 0.347900 0.858073 0.010000 0.010000
0 0.493896 0.868490 0.010000 0.010000
0 0.488281 0.869466 0.010000 0.010000
0 0.491699 0.872396 0.010000 0.010000
0 0.500732 0.869792 0.010000 0.010000
0 0.738281 0.881185 0.010000 0.010000
0 0.306396 0.881185 0.010000 0.010000
0 0.481201 0.878906 0.010000 0.010000
0 0.597168 0.881836 0.010000 0.010000
0 0.875488 0.885417 0.010000 0.010000
0 0.347168 0.887695 0.010000 0.010000
0 0.800781 0.890625 0.010000 0.010000
0 0.339355 0.892578 0.010000 0.010000
0 0.439209 0.896159 0.010000 0.010000
0 0.100000 0.900000 0.010000 0.010000
0 0.814697 0.900000 0.010000 0.010000
0 0.175293 0.900000 0.010000 0.010000
0 0.138916 0.900000 0.010000 0.010000
0 0.316895 0.900000 0.010000 0.010000
0 0.611572 0.900000 0.010000 0.010000
0 0.398926 0.900000 0.010000 0.010000
0 0.100000 0.900000 0.010000 0.010000
0 0.100000 0.900000 0.010000 0.010000
0 0.789795 0.900000 0.010000 0.010000
0 0.900000 0.900000 0.010000 0.010000
0 0.900000 0.900000 0.010000 0.010000
0 0.275879 0.900000 0.010000 0.010000
0 0.238770 0.900000 0.010000 0.010000
0 0.796387 0.900000 0.010000 0.010000
0 0.807617 0.900000 0.010000 0.010000
0 0.345215 0.900000 0.010000 0.010000
0 0.775879 0.900000 0.010000 0.010000
0 0.900000 0.900000 0.010000 0.010000
0 0.900000 0.900000 0.030762 0.048828
0 0.611084 0.900000 0.010000 0.010000
0 0.441162 0.900000 0.010000 0.010000
0 0.900000 0.900000 0.010000 0.010000
0 0.100000 0.900000 0.010000 0.010000
0 0.348389 0.900000 0.010000 0.010000
0 0.515381 0.900000 0.010000 0.010000
0 0.100000 0.900000 0.010000 0.010000
0 0.694824 0.900000 0.010000 0.010000
0 0.121094 0.900000 0.010000 0.010000
0 0.477783 0.900000 0.010000 0.010000
0 0.434570 0.900000 0.010000 0.010000
0 0.728516 0.900000 0.010000 0.010000
0 0.729248 0.900000 0.010000 0.010000
0 0.702393 0.900000 0.013184 0.014974
0 0.671631 0.900000 0.036621 0.013672
0 0.566650 0.900000 0.010000 0.010000
0 0.378418 0.900000 0.010000 0.010000
0 0.227539 0.900000 0.010000 0.010000
0 0.638184 0.900000 0.010000 0.010000
0 0.755371 0.900000 0.012695 0.010000
0 0.737793 0.900000 0.014648 0.010000
0 0.745361 0.900000 0.010000 0.010000
0 0.561279 0.900000 0.010000 0.010000
0 0.594727 0.900000 0.010000 0.010000
0 0.596436 0.900000 0.010000 0.010000
0 0.607666 0.900000 0.010000 0.010000
0 0.612549 0.900000 0.010000 0.010000
0 0.620605 0.900000 0.010000 0.010000
0 0.624756 0.900000 0.010000 0.010000
0 0.627441 0.900000 0.010000 0.010000
0 0.721191 0.900000 0.010000 0.010000
0 0.747803 0.900000 0.010000 0.010000
0 0.571045 0.900000 0.010000 0.010000
0 0.630615 0.900000 0.010000 0.010000
0 0.632324 0.900000 0.010000 0.010000
0 0.634033 0.900000 0.010000 0.010000
0 0.694580 0.900000 0.010000 0.010000
0 0.727783 0.900000 0.010000 0.010000
0 0.599854 0.900000 0.010000 0.010000
0 0.653809 0.900000 0.010000 0.010000
