0 0.100000 0.100000 0.046387 0.049479
0 0.100000 0.100000 0.010000 0.010000
0 0.100000 0.100000 0.010000 0.010000
1 0.500000 0.500000 0.500000 0.500000
0 0.471680 0.100000 0.010000 0.010000
0 0.604980 0.100000 0.010000 0.016927
0 0.466797 0.100000 0.010000 0.010000
0 0.831543 0.100000 0.010000 0.010000
0 0.617188 0.100000 0.010000 0.010000
0 0.874023 0.100000 0.010000 0.010000
0 0.183350 0.100000 0.010000 0.010000
0 0.160645 0.100000 0.010000 0.010000
0 0.100000 0.100000 0.010000 0.010000
0 0.147705 0.100000 0.010000 0.010000
0 0.292236 0.100000 0.012207 0.016276
0 0.848389 0.100000 0.010000 0.010000
0 0.239990 0.100000 0.010000 0.010000
0 0.829102 0.100000 0.010000 0.010000
0 0.589355 0.100000 0.010000 0.011068
0 0.337891 0.100000 0.010000 0.010000
0 0.100000 0.100000 0.010000 0.010000
0 0.619873 0.100000 0.010000 0.010000
0 0.100000 0.100000 0.010000 0.010000
0 0.255859 0.100000 0.010000 0.010000
0 0.594482 0.100000 0.010000 0.010000
0 0.357422 0.100000 0.010000 0.010000
0 0.578857 0.100000 0.010000 0.010000
0 0.585938 0.100000 0.010000 0.010000
0 0.322266 0.100000 0.010000 0.010000
0 0.324219 0.100000 0.010000 0.010000
0 0.368408 0.100000 0.010000 0.010000
0 0.818115 0.100000 0.010000 0.010000
0 0.100000 0.100000 0.010000 0.010000
0 0.327881 0.100000 0.010000 0.010000
0 0.100000 0.100000 0.010000 0.010000
0 0.272949 0.100000 0.010000 0.010000
0 0.506592 0.100000 0.010000 0.010000
0 0.534912 0.100000 0.010000 0.010000
0 0.230713 0.100000 0.010000 0.010000
0 0.777588 0.100000 0.010000 0.010000
0 0.287109 0.100000 0.010000 0.010000
0 0.711670 0.100000 0.010000 0.010000
0 0.816895 0.100000 0.010000 0.010000
0 0.147705 0.116211 0.010000 0.010000
0 0.133545 0.145182 0.060059 0.059896
0 0.861084 0.116862 0.010000 0.010000
0 0.851318 0.117839 0.010000 0.010000
0 0.900000 0.125000 0.011719 0.011719
0 0.900000 0.121745 0.010000 0.010000
0 0.545410 0.124349 0.010000 0.010000
0 0.590576 0.125000 0.010000 0.010000
0 0.145020 0.138997 0.010000 0.010000
0 0.395752 0.139323 0.010000 0.010000
0 0.693115 0.138997 0.010000 0.010000
0 0.387939 0.142904 0.010000 0.010000
0 0.664307 0.152018 0.010000 0.010000
0 0.684570 0.154622 0.010000 0.010000
0 0.900000 0.163737 0.013672 0.016276
0 0.110840 0.159831 0.010000 0.010000
0 0.710449 0.161133 0.010000 0.010000
0 0.839600 0.161133 0.010000 0.010000
0 0.190430 0.164062 0.010000 0.010000
0 0.142090 0.164388 0.010000 0.010000
0 0.100000 0.167318 0.010000 0.010000
0 0.113037 0.167643 0.010000 0.010000
0 0.133545 0.168620 0.010000 0.010000
0 0.493408 0.167643 0.010000 0.010000
0 0.195557 0.174154 0.010000 0.010000
0 0.465332 0.195964 0.010000 0.010000
0 0.505859 0.203451 0.010000 0.010000
0 0.339355 0.205404 0.010000 0.010000
0 0.440430 0.208984 0.010000 0.010000
0 0.444824 0.213216 0.010000 0.010000
0 0.900000 0.211589 0.010000 0.010000
0 0.442627 0.211589 0.010000 0.010000
0 0.430176 0.214518 0.010000 0.010000
0 0.745361 0.216146 0.010000 0.010000
0 0.120850 0.216797 0.010000 0.010000
0 0.100000 0.229167 0.012695 0.018229
0 0.154785 0.221354 0.010000 0.010000
0 0.433105 0.222982 0.010000 0.010000
0 0.444824 0.221680 0.010000 0.010000
0 0.100000 0.225586 0.010000 0.010000
0 0.447266 0.224609 0.010000 0.010000
0 0.676758 0.226888 0.010000 0.010000
0 0.100000 0.238932 0.014648 0.027344
0 0.757324 0.231771 0.010000 0.010000
0 0.100000 0.245117 0.010000 0.010000
0 0.185059 0.245443 0.010000 0.010000
0 0.728271 0.253581 0.010000 0.010000
0 0.100000 0.254883 0.010000 0.010000
0 0.715820 0.269531 0.010000 0.010000
0 0.730225 0.271810 0.010000 0.010000
0 0.252197 0.276693 0.010000 0.010000
0 0.193848 0.280599 0.010000 0.010000
0 0.582520 0.280273 0.010000 0.010000
0 0.900000 0.295247 0.010000 0.010000
0 0.900000 0.306315 0.010000 0.010000
0 0.168701 0.308919 0.010000 0.010000
0 0.189697 0.312174 0.010000 0.010000
0 0.900000 0.316732 0.010000 0.010000
0 0.825928 0.324544 0.010000 0.010000
0 0.897461 0.335612 0.010000 0.010000
0 0.182129 0.342122 0.010000 0.010000
0 0.181641 0.347656 0.010000 0.010000
0 0.191162 0.353516 0.010000 0.010000
0 0.189453 0.357422 0.010000 0.010000
0 0.341064 0.368815 0.010000 0.010000
0 0.342041 0.373698 0.010000 0.010000
0 0.900000 0.380208 0.010000 0.010000
0 0.833984 0.429688 0.058594 0.096354
0 0.845215 0.388672 0.010000 0.010000
0 0.850342 0.389974 0.010000 0.010000
0 0.850830 0.390625 0.010000 0.010000
0 0.851807 0.391276 0.010000 0.010000
0 0.854004 0.397786 0.010000 0.020833
0 0.853516 0.418294 0.040039 0.059245
0 0.414062 0.389974 0.010000 0.010000
0 0.836670 0.391927 0.010000 0.010000
0 0.101074 0.400716 0.010000 0.010000
0 0.900000 0.404622 0.010000 0.010000
0 0.488281 0.408203 0.010000 0.010000
0 0.100000 0.410807 0.010000 0.010000
0 0.768311 0.414714 0.010000 0.010000
0 0.100000 0.416016 0.010000 0.010000
0 0.342285 0.421875 0.010000 0.010000
0 0.463867 0.421875 0.010000 0.010000
0 0.465576 0.422852 0.010000 0.010000
0 0.550049 0.424479 0.010000 0.010000
0 0.342041 0.428711 0.010000 0.010000
0 0.345703 0.431315 0.010000 0.010000
0 0.282959 0.431315 0.010000 0.010000
0 0.791504 0.430990 0.010000 0.010000
0 0.196777 0.438151 0.010000 0.010000
0 0.808838 0.445312 0.010000 0.011719
0 0.365234 0.445964 0.010000 0.010000
0 0.811768 0.449544 0.010000 0.010000
0 0.450928 0.450195 0.010000 0.010000
0 0.400146 0.463216 0.010000 0.010000
0 0.450195 0.463542 0.010000 0.010000
0 0.100000 0.467448 0.010000 0.010000
0 0.399658 0.469401 0.010000 0.010000
0 0.389160 0.478190 0.010000 0.010000
0 0.900000 0.477214 0.010000 0.010000
0 0.100000 0.479818 0.010000 0.010000
0 0.642822 0.480469 0.010000 0.010000
0 0.100000 0.490234 0.010000 0.010000
0 0.606445 0.490560 0.010000 0.010000
0 0.900000 0.495117 0.010000 0.010000
0 0.507568 0.501628 0.010000 0.010000
0 0.900000 0.502604 0.010000 0.010000
0 0.522461 0.504557 0.010000 0.010000
0 0.440918 0.508789 0.010000 0.010000
0 0.528809 0.511719 0.010000 0.010000
0 0.900000 0.511719 0.010000 0.010000
0 0.407715 0.513672 0.010000 0.010000
0 0.100000 0.515299 0.010000 0.010000
0 0.900000 0.517253 0.010000 0.010000
0 0.555176 0.516927 0.010000 0.010000
0 0.681396 0.518555 0.010000 0.010000
0 0.468750 0.524089 0.010000 0.010000
0 0.100000 0.526367 0.010000 0.010000
0 0.252197 0.527344 0.010000 0.010000
0 0.816895 0.530599 0.010000 0.010000
0 0.778320 0.527995 0.010000 0.010000
0 0.697021 0.531576 0.010000 0.010000
0 0.491943 0.533203 0.010000 0.010000
0 0.731201 0.535156 0.010000 0.010000
0 0.900000 0.548503 0.010000 0.010000
0 0.225342 0.560872 0.010000 0.010000
0 0.229980 0.562174 0.010000 0.010000
0 0.207275 0.568034 0.010000 0.010000
0 0.192871 0.573568 0.010000 0.010000
0 0.100000 0.576497 0.010000 0.010000
0 0.537598 0.582031 0.010000 0.010000
0 0.229248 0.588216 0.010000 0.010000
0 0.900000 0.593424 0.010000 0.010000
0 0.463379 0.594401 0.010000 0.010000
0 0.586426 0.591146 0.010000 0.010000
0 0.900000 0.593750 0.010000 0.010000
0 0.463867 0.594401 0.010000 0.010000
0 0.892090 0.611654 0.010000 0.010000
0 0.605225 0.624674 0.010000 0.010000
0 0.172852 0.626953 0.010000 0.010000
0 0.355713 0.626953 0.010000 0.010000
0 0.873779 0.632161 0.010000 0.010000
0 0.900000 0.634115 0.010000 0.010000
0 0.325195 0.641276 0.010000 0.010000
0 0.327637 0.641276 0.010000 0.010000
0 0.437988 0.647786 0.010000 0.010000
0 0.842773 0.654948 0.011719 0.015625
0 0.900000 0.651367 0.010000 0.010000
0 0.100000 0.653320 0.010000 0.010000
0 0.133545 0.654622 0.010000 0.010000
0 0.100000 0.657227 0.010000 0.010000
0 0.628418 0.663411 0.010000 0.010000
0 0.664795 0.662109 0.010000 0.010000
0 0.832764 0.662760 0.010000 0.010000
0 0.900000 0.662435 0.010000 0.010000
0 0.100000 0.666016 0.010000 0.010000
0 0.900000 0.675781 0.010000 0.010000
0 0.100000 0.678385 0.010000 0.010000
0 0.100000 0.678711 0.010000 0.010000
0 0.813477 0.678060 0.010000 0.010000
0 0.799072 0.679688 0.010000 0.010000
0 0.805420 0.680339 0.010000 0.010000
0 0.708740 0.682943 0.010000 0.010000
0 0.120850 0.685221 0.010000 0.010000
0 0.100000 0.686849 0.010000 0.010000
0 0.900000 0.688477 0.010000 0.010000
0 0.100000 0.706055 0.010000 0.010000
0 0.388672 0.704102 0.010000 0.010000
0 0.205322 0.707031 0.010000 0.010000
0 0.489746 0.711263 0.010000 0.010000
0 0.100000 0.716146 0.010000 0.010000
0 0.100000 0.730794 0.010000 0.010000
0 0.900000 0.740885 0.010000 0.010000
0 0.580566 0.745117 0.010000 0.010000
0 0.583008 0.747070 0.010000 0.010000
0 0.611572 0.749349 0.010000 0.010000
0 0.587402 0.752604 0.010000 0.010000
0 0.255615 0.755208 0.010000 0.010000
0 0.620361 0.764974 0.010000 0.010000
0 0.105469 0.765299 0.010000 0.010000
0 0.156738 0.776367 0.010000 0.010000
0 0.212158 0.778320 0.010000 0.010000
0 0.480469 0.780924 0.010000 0.010000
0 0.194336 0.785482 0.010000 0.010000
0 0.900000 0.793620 0.010000 0.010000
0 0.100000 0.811849 0.010000 0.010000
0 0.745117 0.810547 0.010000 0.010000
0 0.479492 0.819010 0.010000 0.010000
0 0.134033 0.826823 0.010000 0.010000
0 0.402588 0.829427 0.010000 0.010000
0 0.666504 0.828776 0.010000 0.010000
0 0.402588 0.832357 0.010000 0.010000
0 0.637695 0.832357 0.010000 0.010000
0 0.228271 0.834961 0.010000 0.010000
0 0.680664 0.840820 0.010000 0.010000
0 0.900000 0.842448 0.010000 0.010000
0 0.351807 0.846354 0.010000 0.010000
0 0.646240 0.846680 0.010000 0.010000
0 0.100000 0.848958 0.010000 0.010000
0 0.225586 0.851562 0.010000 0.010000
0 0.100000 0.852539 0.010000 0.010000
0 0.100000 0.854818 0.010000 0.010000
0 0.135254 0.856120 0.010000 0.010000
0 0.490967 0.857096 0.010000 0.010000
0 0.270264 0.860352 0.010000 0.010000
0 0.127930 0.863281 0.010000 0.010000
0 0.168701 0.864909 0.010000 0.010000
0 0.585693 0.866211 0.010000 0.010000
0 0.900000 0.867188 0.010000 0.010000
0 0.542969 0.870768 0.010000 0.010000
0 0.399902 0.872070 0.010000 0.010000
0 0.195068 0.877930 0.010000 0.010000
0 0.210693 0.876302 0.010000 0.010000
0 0.100000 0.883789 0.010000 0.010000
0 0.900000 0.886393 0.010000 0.010000
0 0.100000 0.888997 0.010000 0.010000
0 0.514160 0.888021 0.010000 0.010000
0 0.140137 0.890299 0.010000 0.010000
0 0.439209 0.891927 0.010000 0.010000
0 0.900000 0.900000 0.010000 0.030599
0 0.882568 0.896810 0.010000 0.010000
0 0.280762 0.900000 0.010000 0.010000
0 0.100000 0.900000 0.010000 0.010000
0 0.496826 0.900000 0.010000 0.010000
0 0.900000 0.900000 0.010000 0.010000
0 0.100000 0.900000 0.010000 0.010000
0 0.461914 0.900000 0.010000 0.010000
0 0.646729 0.900000 0.010000 0.010000
0 0.592529 0.900000 0.010000 0.010000
0 0.644287 0.900000 0.010000 0.010000
0 0.900000 0.900000 0.010000 0.010000
0 0.900000 0.900000 0.011719 0.045573
0 0.699463 0.900000 0.010000 0.010000
0 0.515869 0.900000 0.010000 0.011719
0 0.145020 0.900000 0.010000 0.010000
0 0.715088 0.900000 0.010000 0.010000
0 0.770752 0.900000 0.010000 0.010000
0 0.175781 0.900000 0.010000 0.010000
0 0.176514 0.900000 0.010000 0.010000
0 0.781006 0.900000 0.010000 0.010000
0 0.435303 0.900000 0.010000 0.010000
0 0.604248 0.900000 0.010000 0.010000
0 0.900000 0.900000 0.010000 0.010000
0 0.680664 0.900000 0.010000 0.010000
0 0.100000 0.900000 0.010000 0.010000
0 0.861084 0.900000 0.010000 0.010000
0 0.123047 0.900000 0.010000 0.010000
0 0.289307 0.900000 0.010000 0.010000
0 0.351562 0.900000 0.010000 0.010000
0 0.405518 0.900000 0.010000 0.010000
0 0.100000 0.900000 0.010000 0.010000
0 0.900000 0.900000 0.010000 0.010000
0 0.100000 0.900000 0.010000 0.010000
0 0.100000 0.900000 0.010000 0.010000
0 0.637451 0.900000 0.010000 0.010000
0 0.727051 0.900000 0.010000 0.010000
0 0.380127 0.900000 0.010000 0.010000
0 0.521729 0.900000 0.010000 0.010000
0 0.447510 0.900000 0.010000 0.010000
0 0.613281 0.900000 0.010000 0.010000
0 0.884033 0.900000 0.010000 0.010000
0 0.272461 0.900000 0.010000 0.010000
0 0.713379 0.900000 0.010000 0.010000
0 0.195557 0.900000 0.010000 0.010000
0 0.210205 0.900000 0.010000 0.010000
0 0.664551 0.900000 0.010000 0.010000
0 0.801270 0.900000 0.010000 0.010000
0 0.757568 0.900000 0.010000 0.010000
