1 0.500000 0.500000 0.500000 0.500000
0 0.557373 0.100000 0.011230 0.010000
0 0.900000 0.100000 0.010000 0.010000
0 0.900000 0.100000 0.010000 0.010000
0 0.466064 0.100000 0.010254 0.012370
0 0.131104 0.100000 0.010000 0.010000
0 0.406006 0.100000 0.010000 0.010000
0 0.401611 0.100000 0.010000 0.010000
0 0.100000 0.100000 0.010000 0.010000
0 0.872803 0.100000 0.010000 0.010000
0 0.472656 0.100000 0.010000 0.010000
0 0.900000 0.100000 0.010000 0.010000
0 0.748291 0.100000 0.010000 0.010000
0 0.730957 0.100000 0.010000 0.010000
0 0.133301 0.100000 0.010000 0.010000
0 0.900000 0.100000 0.010000 0.010000
0 0.702881 0.100000 0.010000 0.010000
0 0.100000 0.100000 0.010000 0.010000
0 0.877686 0.100000 0.010000 0.010000
0 0.114014 0.100000 0.010000 0.010000
0 0.662109 0.100000 0.010000 0.010000
0 0.851807 0.100000 0.010000 0.010000
0 0.219482 0.100000 0.010000 0.010000
0 0.100000 0.100000 0.010000 0.010000
0 0.497314 0.100000 0.010254 0.014974
0 0.499756 0.100000 0.010000 0.010000
0 0.590332 0.100000 0.010000 0.010000
0 0.628906 0.100000 0.010000 0.010000
0 0.653564 0.100000 0.010000 0.010000
0 0.657715 0.100000 0.010000 0.010000
0 0.661133 0.100000 0.010000 0.010000
0 0.240234 0.100000 0.010000 0.010000
0 0.822998 0.100000 0.010000 0.010000
0 0.650635 0.100000 0.010000 0.010000
0 0.100000 0.100000 0.010000 0.010000
0 0.117920 0.100000 0.010000 0.010000
0 0.158936 0.100000 0.010254 0.011719
0 0.618896 0.100000 0.010000 0.010000
0 0.117188 0.100000 0.010000 0.010000
0 0.567871 0.100000 0.010000 0.010000
0 0.556396 0.100000 0.010000 0.010000
0 0.223145 0.105794 0.010000 0.011068
0 0.223145 0.103516 0.010000 0.010000
0 0.223633 0.101562 0.010000 0.010000
0 0.867432 0.105469 0.010000 0.010000
0 0.900000 0.105143 0.010000 0.010000
0 0.608643 0.109701 0.010000 0.010000
0 0.100000 0.109375 0.010000 0.010000
0 0.219971 0.121419 0.010000 0.014974
0 0.900000 0.120443 0.010000 0.010000
0 0.248535 0.123047 0.010000 0.010000
0 0.303223 0.132161 0.010742 0.014323
0 0.900000 0.125977 0.010000 0.010000
0 0.185791 0.130208 0.010000 0.010000
0 0.900000 0.139323 0.010000 0.010000
0 0.549805 0.143880 0.010000 0.010000
0 0.552246 0.146810 0.010000 0.010000
0 0.550781 0.148438 0.010000 0.010000
0 0.900000 0.149089 0.010000 0.010000
0 0.900000 0.156576 0.010000 0.010000
0 0.549316 0.159505 0.010000 0.010000
0 0.766357 0.160807 0.010000 0.010000
0 0.899414 0.168945 0.010000 0.010000
0 0.431885 0.186849 0.010000 0.010000
0 0.900000 0.189453 0.010000 0.010000
0 0.398682 0.195312 0.010000 0.010000
0 0.428223 0.198893 0.010000 0.010000
0 0.900000 0.198242 0.010000 0.010000
0 0.130371 0.212565 0.021484 0.025391
0 0.309570 0.207357 0.010000 0.010000
0 0.900000 0.217773 0.010000 0.010000
0 0.734619 0.219727 0.010000 0.010000
0 0.900000 0.224284 0.010000 0.010000
0 0.900000 0.225586 0.010000 0.010000
0 0.900000 0.225586 0.010000 0.010000
0 0.122559 0.230143 0.010000 0.010000
0 0.124512 0.230143 0.010000 0.010000
0 0.278076 0.235352 0.010000 0.010000
0 0.900000 0.253906 0.010000 0.010000
0 0.900000 0.254557 0.010000 0.010000
0 0.100000 0.258464 0.010000 0.010000
0 0.617676 0.271159 0.010000 0.010000
0 0.845947 0.276042 0.010000 0.010000
0 0.685547 0.291016 0.010000 0.010000
0 0.720459 0.293294 0.010000 0.010000
0 0.582031 0.299154 0.010000 0.010000
0 0.100000 0.313477 0.010000 0.010000
0 0.100000 0.314779 0.010000 0.010000
0 0.811035 0.317708 0.010000 0.010000
0 0.224121 0.323568 0.010000 0.010000
0 0.133789 0.329753 0.010000 0.010000
0 0.617676 0.326823 0.010000 0.010000
0 0.133545 0.330078 0.010000 0.010000
0 0.702393 0.337240 0.010000 0.010000
0 0.893555 0.342448 0.010000 0.010000
0 0.897705 0.344401 0.010000 0.010000
0 0.504639 0.346680 0.010000 0.010000
0 0.736572 0.353516 0.010000 0.010000
0 0.900000 0.355143 0.010000 0.010000
0 0.900000 0.354167 0.010000 0.010000
0 0.747070 0.357747 0.010000 0.010000
0 0.215088 0.368490 0.010000 0.010000
0 0.229248 0.371745 0.010000 0.010000
0 0.227295 0.371745 0.010000 0.010000
0 0.241455 0.375977 0.010000 0.010000
0 0.900000 0.376953 0.010000 0.010000
0 0.238525 0.377279 0.010000 0.010000
0 0.458252 0.375651 0.010000 0.010000
0 0.806641 0.376628 0.010000 0.010000
0 0.100000 0.381510 0.010000 0.010000
0 0.100000 0.387370 0.010000 0.010000
0 0.879639 0.388346 0.010000 0.010000
0 0.100000 0.396159 0.010000 0.010000
0 0.662842 0.402995 0.010000 0.010000
0 0.783691 0.405273 0.010000 0.010000
0 0.900000 0.406250 0.010000 0.010000
0 0.100000 0.407552 0.010000 0.010000
0 0.100000 0.412435 0.010000 0.010000
0 0.494141 0.415365 0.010000 0.010000
0 0.846680 0.416992 0.010000 0.010000
0 0.696289 0.425130 0.010000 0.010000
0 0.838867 0.433919 0.010000 0.010000
0 0.100000 0.449544 0.010000 0.010000
0 0.714111 0.449870 0.010000 0.010000
0 0.900000 0.452799 0.010000 0.010000
0 0.100000 0.458008 0.010000 0.010000
0 0.100000 0.458008 0.010000 0.010000
0 0.100000 0.461589 0.010000 0.010000
0 0.100000 0.466471 0.010000 0.010000
0 0.430664 0.463542 0.010000 0.010000
0 0.100000 0.469727 0.010000 0.010000
0 0.574463 0.506510 0.048340 0.076823
0 0.100000 0.472005 0.010000 0.010000
0 0.100000 0.483073 0.010000 0.013021
0 0.100000 0.482096 0.010000 0.010000
0 0.100000 0.483073 0.010000 0.010000
0 0.332520 0.484375 0.010000 0.010000
0 0.589844 0.486003 0.010000 0.010000
0 0.100000 0.487956 0.010000 0.010000
0 0.100000 0.495117 0.010000 0.010000
0 0.529297 0.494792 0.010000 0.010000
0 0.131104 0.501302 0.010000 0.010000
0 0.573730 0.512370 0.010000 0.018229
0 0.597900 0.504883 0.010000 0.010000
0 0.767090 0.505859 0.010000 0.010000
0 0.564941 0.511719 0.010000 0.010417
0 0.573486 0.513672 0.010000 0.010000
0 0.142578 0.523763 0.010000 0.010000
0 0.240723 0.525065 0.010000 0.010000
0 0.792236 0.526693 0.010000 0.010000
0 0.161377 0.534831 0.010000 0.012370
0 0.164062 0.532878 0.010000 0.010000
0 0.444336 0.531576 0.010000 0.010000
0 0.464355 0.537435 0.014648 0.010000
0 0.585205 0.534180 0.010000 0.010000
0 0.198975 0.536458 0.010000 0.010000
0 0.739990 0.537760 0.010254 0.010000
0 0.159668 0.538737 0.010000 0.010000
0 0.900000 0.535807 0.010000 0.010000
0 0.162842 0.538086 0.010000 0.010000
0 0.900000 0.539388 0.010000 0.010000
0 0.900000 0.541016 0.010000 0.010000
0 0.100000 0.547201 0.010000 0.010000
0 0.900000 0.544922 0.010000 0.010000
0 0.685791 0.558919 0.010000 0.010000
0 0.110352 0.574219 0.010000 0.010000
0 0.100000 0.577148 0.010000 0.010000
0 0.100000 0.579753 0.010000 0.010000
0 0.100000 0.586589 0.010000 0.010000
0 0.745605 0.605469 0.010000 0.010000
0 0.437988 0.607096 0.010000 0.010000
0 0.688965 0.612305 0.010000 0.010000
0 0.900000 0.613607 0.010000 0.010000
0 0.886963 0.613281 0.010000 0.010000
0 0.567627 0.617513 0.010000 0.010000
0 0.318848 0.621419 0.010000 0.010000
0 0.680664 0.620768 0.010000 0.010000
0 0.100000 0.631510 0.010000 0.010000
0 0.239746 0.633464 0.010000 0.010000
0 0.100000 0.634766 0.010000 0.010000
0 0.100000 0.634766 0.010000 0.010000
0 0.242432 0.638346 0.010000 0.010000
0 0.599121 0.637695 0.010000 0.010000
0 0.279541 0.640951 0.010000 0.010000
0 0.245117 0.642253 0.010000 0.010000
0 0.699463 0.643229 0.010000 0.010000
0 0.679688 0.646810 0.010000 0.010000
0 0.154785 0.664388 0.010000 0.010000
0 0.571289 0.662435 0.010000 0.010000
0 0.435059 0.669271 0.010000 0.010000
0 0.680420 0.669596 0.010000 0.010000
0 0.900000 0.675130 0.010000 0.010000
0 0.900000 0.673177 0.010000 0.010000
0 0.593750 0.686198 0.010000 0.010000
0 0.826416 0.691081 0.010000 0.010000
0 0.464844 0.707682 0.010000 0.010000
0 0.668457 0.710938 0.010000 0.010000
0 0.376221 0.720052 0.010000 0.010000
0 0.100000 0.719401 0.010000 0.010000
0 0.165283 0.719076 0.010000 0.010000
0 0.215088 0.721354 0.010000 0.010000
0 0.900000 0.721680 0.010000 0.010000
0 0.258301 0.725586 0.010000 0.010000
0 0.555420 0.730794 0.010000 0.010000
0 0.220703 0.736328 0.010000 0.010000
0 0.762207 0.738607 0.010000 0.010000
0 0.810303 0.739583 0.010000 0.010000
0 0.679932 0.750000 0.010000 0.010000
0 0.882568 0.750977 0.010000 0.010000
0 0.629395 0.751953 0.010000 0.010000
0 0.509033 0.760417 0.010000 0.010000
0 0.416748 0.763672 0.010000 0.010000
0 0.290771 0.768555 0.010000 0.010000
0 0.900000 0.771484 0.010000 0.010000
0 0.290527 0.774414 0.010000 0.010000
0 0.207031 0.782878 0.010000 0.010000
0 0.270996 0.794596 0.010000 0.010000
0 0.900000 0.798828 0.010000 0.010000
0 0.297119 0.805990 0.010000 0.010000
0 0.900000 0.840495 0.010000 0.010000
0 0.100000 0.845378 0.010000 0.010000
0 0.612305 0.844076 0.010000 0.010000
0 0.617432 0.846680 0.010000 0.010000
0 0.619141 0.844727 0.010000 0.010000
0 0.474121 0.849935 0.010000 0.010000
0 0.100000 0.853841 0.010000 0.010000
0 0.322021 0.854492 0.010000 0.010000
0 0.348633 0.858724 0.010000 0.010000
0 0.100000 0.860026 0.010000 0.010000
0 0.172363 0.867188 0.010000 0.010000
0 0.882080 0.869792 0.010000 0.010000
0 0.340820 0.872396 0.010000 0.010000
0 0.251709 0.875000 0.010000 0.010000
0 0.340820 0.876628 0.010000 0.010000
0 0.339111 0.877604 0.010000 0.010000
0 0.293457 0.877930 0.011719 0.010000
0 0.326172 0.878255 0.010000 0.010000
0 0.135742 0.879232 0.010000 0.010000
0 0.835449 0.883138 0.010000 0.010000
0 0.699707 0.891602 0.010000 0.010000
0 0.403076 0.894857 0.010000 0.010000
0 0.476318 0.894531 0.010000 0.010000
0 0.146973 0.899740 0.010000 0.010000
0 0.107178 0.900000 0.010000 0.010000
0 0.100000 0.900000 0.010000 0.010000
0 0.567627 0.900000 0.010000 0.010000
0 0.486816 0.900000 0.010000 0.010000
0 0.484863 0.900000 0.010000 0.010000
0 0.802734 0.900000 0.010000 0.010000
0 0.114746 0.900000 0.010000 0.010000
0 0.825439 0.900000 0.010000 0.010000
0 0.100000 0.900000 0.010000 0.010000
0 0.765625 0.900000 0.010000 0.010000
0 0.283203 0.900000 0.010000 0.010000
0 0.184570 0.900000 0.010000 0.010000
0 0.900000 0.900000 0.010000 0.010000
0 0.183838 0.900000 0.010000 0.010000
0 0.547119 0.900000 0.010000 0.010000
0 0.750732 0.900000 0.010000 0.010000
0 0.271240 0.900000 0.010000 0.010000
0 0.100000 0.900000 0.010000 0.010000
0 0.612305 0.900000 0.010000 0.010000
0 0.540527 0.900000 0.010000 0.010000
0 0.577637 0.900000 0.010000 0.010000
0 0.561279 0.900000 0.010000 0.010000
0 0.847168 0.900000 0.010000 0.010000
0 0.845703 0.900000 0.051758 0.029297
0 0.860840 0.900000 0.010000 0.010000
0 0.825928 0.900000 0.010000 0.010000
0 0.579102 0.900000 0.010000 0.010000
0 0.579102 0.900000 0.013672 0.013021
0 0.845215 0.900000 0.010000 0.010000
0 0.872314 0.900000 0.010000 0.010000
0 0.148682 0.900000 0.010000 0.010000
0 0.327148 0.900000 0.010000 0.010000
0 0.329590 0.900000 0.010000 0.010000
0 0.818848 0.900000 0.010000 0.010000
0 0.333008 0.900000 0.010000 0.010000
0 0.408447 0.900000 0.010000 0.010000
0 0.164551 0.900000 0.010000 0.010000
0 0.739990 0.900000 0.010000 0.010000
