0 0.700195 0.109375 0.044922 0.042969
0 0.900000 0.164062 0.039062 0.039062
0 0.428711 0.220703 0.068359 0.066406
0 0.607422 0.252930 0.042969 0.048828
0 0.893555 0.278320 0.037109 0.037109
0 0.171875 0.291016 0.039062 0.039062
0 0.528320 0.346680 0.048828 0.041016
0 0.344727 0.444336 0.041016 0.044922
0 0.900000 0.465820 0.048828 0.044922
0 0.633789 0.502930 0.048828 0.044922
0 0.709961 0.567383 0.044922 0.041016
0 0.499023 0.706055 0.041016 0.041016
0 0.465820 0.825195 0.080078 0.080078
0 0.753906 0.821289 0.042969 0.041016
0 0.878906 0.858398 0.042969 0.044922
0 0.722656 0.884766 0.046875 0.042969
