1 0.500000 0.500000 0.500000 0.500000
0 0.147705 0.100000 0.010000 0.010000
0 0.354004 0.100000 0.010000 0.010000
0 0.100000 0.100000 0.010000 0.010000
0 0.713867 0.100000 0.010000 0.010000
0 0.375977 0.100000 0.010000 0.010000
0 0.448975 0.100000 0.010000 0.010000
0 0.662598 0.100000 0.010000 0.010000
0 0.900000 0.100000 0.010000 0.010000
0 0.650391 0.100000 0.010000 0.010000
0 0.900000 0.100000 0.010000 0.010000
0 0.900000 0.100000 0.010000 0.010000
0 0.317627 0.100000 0.010000 0.010000
0 0.358887 0.100000 0.010000 0.010000
0 0.503906 0.100000 0.010000 0.010000
0 0.309326 0.100000 0.010000 0.010000
0 0.899170 0.100000 0.010000 0.010000
0 0.153320 0.100000 0.010000 0.010000
0 0.540039 0.100000 0.010000 0.010000
0 0.127441 0.100000 0.010000 0.010000
0 0.298584 0.100000 0.010000 0.010000
0 0.323975 0.100260 0.010000 0.010000
0 0.479004 0.102865 0.010000 0.010000
0 0.507080 0.100586 0.010000 0.010000
0 0.518555 0.106771 0.010000 0.010000
0 0.169189 0.108398 0.010000 0.010000
0 0.151123 0.110026 0.010000 0.010000
0 0.153809 0.109049 0.010000 0.010000
0 0.168945 0.111654 0.010000 0.010000
0 0.159180 0.113932 0.010000 0.010000
0 0.145752 0.114909 0.010000 0.010000
0 0.734375 0.119466 0.010000 0.010000
0 0.119629 0.121419 0.010000 0.010000
0 0.389404 0.127279 0.010000 0.010000
0 0.500732 0.127604 0.010000 0.010000
0 0.520996 0.126302 0.010000 0.010000
0 0.900000 0.128255 0.010000 0.010000
0 0.155762 0.133464 0.010000 0.010417
0 0.501465 0.131185 0.010000 0.010000
0 0.166992 0.133789 0.010000 0.010000
0 0.167969 0.133789 0.010000 0.010000
0 0.281982 0.134115 0.010000 0.010000
0 0.289551 0.133789 0.010000 0.010000
0 0.416260 0.135417 0.010000 0.010000
0 0.343018 0.136719 0.010000 0.010000
0 0.418701 0.138346 0.010000 0.010000
0 0.900000 0.141276 0.010000 0.010000
0 0.890625 0.143880 0.010000 0.010000
0 0.900000 0.144531 0.010000 0.010000
0 0.280273 0.146810 0.010000 0.010000
0 0.881836 0.146484 0.010000 0.010000
0 0.900000 0.147461 0.010000 0.010000
0 0.900000 0.146810 0.010000 0.010000
0 0.894043 0.148438 0.010000 0.010000
0 0.896484 0.150716 0.010000 0.010000
0 0.900000 0.149740 0.010000 0.010000
0 0.900000 0.152669 0.010000 0.010000
0 0.100000 0.156250 0.010000 0.010000
0 0.100000 0.156576 0.010000 0.010000
0 0.813232 0.164062 0.010000 0.010000
0 0.215820 0.169271 0.010000 0.010000
0 0.677490 0.182943 0.013184 0.027344
0 0.100000 0.180339 0.010000 0.010000
0 0.100000 0.179688 0.010000 0.010000
0 0.105957 0.180664 0.010000 0.010000
0 0.309570 0.180013 0.010000 0.010000
0 0.602539 0.183919 0.010000 0.011068
0 0.596924 0.186523 0.010000 0.010000
0 0.604736 0.186849 0.010000 0.010000
0 0.100000 0.187826 0.010000 0.010000
0 0.593994 0.184245 0.010000 0.010000
0 0.594971 0.186523 0.010000 0.010000
0 0.100000 0.192708 0.010000 0.010000
0 0.100000 0.196615 0.010000 0.010000
0 0.381592 0.193685 0.010000 0.010000
0 0.621582 0.193359 0.010000 0.010000
0 0.100000 0.200521 0.010000 0.011719
0 0.438965 0.198893 0.010000 0.010000
0 0.135986 0.212565 0.017090 0.027995
0 0.377197 0.201497 0.010000 0.010000
0 0.376953 0.203451 0.010000 0.010000
0 0.100000 0.204427 0.010000 0.010000
0 0.891113 0.205078 0.010000 0.010000
0 0.348145 0.203776 0.010000 0.010000
0 0.573730 0.211589 0.010000 0.010000
0 0.578613 0.210286 0.010000 0.010000
0 0.689453 0.210938 0.010000 0.010000
0 0.304688 0.215169 0.010000 0.010000
0 0.323975 0.216471 0.010000 0.010000
0 0.689453 0.216471 0.010000 0.010000
0 0.780029 0.216146 0.010000 0.010000
0 0.100000 0.220052 0.010000 0.010000
0 0.474609 0.230469 0.012695 0.023438
0 0.877930 0.222982 0.010000 0.010000
0 0.620361 0.225911 0.010000 0.010000
0 0.100000 0.232747 0.012695 0.017578
0 0.100000 0.231120 0.010000 0.010000
0 0.100000 0.232422 0.010000 0.010000
0 0.273193 0.229492 0.010000 0.010000
0 0.100000 0.231771 0.010000 0.010000
0 0.657471 0.230469 0.010000 0.010000
0 0.100000 0.235026 0.010000 0.010000
0 0.671143 0.236654 0.010000 0.010000
0 0.470215 0.237630 0.010000 0.010000
0 0.611816 0.237305 0.010000 0.010000
0 0.525146 0.240234 0.010000 0.010000
0 0.126221 0.241211 0.010000 0.010000
0 0.900000 0.241862 0.010000 0.010000
0 0.900000 0.245768 0.010000 0.010000
0 0.469482 0.249349 0.010000 0.010000
0 0.864258 0.252279 0.010000 0.012370
0 0.867188 0.249349 0.010000 0.010000
0 0.241455 0.251953 0.010000 0.010000
0 0.462158 0.256510 0.010000 0.011719
0 0.464844 0.256185 0.010000 0.011068
0 0.290771 0.259115 0.010000 0.010000
0 0.600342 0.261393 0.010000 0.010000
0 0.900000 0.261393 0.010000 0.010000
0 0.157471 0.263997 0.010000 0.010000
0 0.464355 0.267253 0.010000 0.010000
0 0.560059 0.266276 0.010000 0.010000
0 0.100000 0.267578 0.010000 0.010000
0 0.100000 0.271484 0.010000 0.010417
0 0.639160 0.281901 0.016602 0.029948
0 0.146240 0.269531 0.010000 0.010000
0 0.473633 0.273112 0.010000 0.010000
0 0.597168 0.269857 0.010000 0.010000
0 0.100000 0.275391 0.010000 0.010000
0 0.100000 0.272786 0.010000 0.010000
0 0.841309 0.274089 0.010000 0.010000
0 0.900000 0.281250 0.010000 0.010000
0 0.454346 0.283203 0.010000 0.010000
0 0.292725 0.283854 0.010000 0.010000
0 0.405518 0.288086 0.010000 0.011068
0 0.567383 0.286133 0.010000 0.010000
0 0.834229 0.291992 0.010254 0.013672
0 0.839355 0.290365 0.010000 0.010000
0 0.642578 0.292318 0.010000 0.010000
0 0.144287 0.299805 0.010000 0.010000
0 0.701904 0.298177 0.010000 0.010000
0 0.704834 0.299479 0.010000 0.010000
0 0.674561 0.303711 0.010000 0.010000
0 0.144043 0.304036 0.010000 0.010000
0 0.469238 0.304036 0.010000 0.010000
0 0.214600 0.309570 0.010000 0.010000
0 0.213135 0.312500 0.010000 0.010000
0 0.464355 0.315755 0.010000 0.013021
0 0.878906 0.313151 0.010000 0.010000
0 0.464355 0.316406 0.010000 0.010000
0 0.694824 0.314779 0.010000 0.010000
0 0.753906 0.314128 0.010000 0.010000
0 0.663330 0.314779 0.010000 0.010000
0 0.669434 0.319336 0.012695 0.011068
0 0.669189 0.320312 0.010254 0.010000
0 0.212891 0.318034 0.010000 0.010000
0 0.352783 0.318034 0.010000 0.010000
0 0.212402 0.319661 0.010000 0.010000
0 0.100000 0.322266 0.010000 0.010000
0 0.669189 0.320312 0.010000 0.010000
0 0.212402 0.322917 0.010000 0.010000
0 0.136719 0.327148 0.010000 0.010000
0 0.900000 0.329102 0.010000 0.010000
0 0.135986 0.332031 0.010000 0.010000
0 0.135742 0.334961 0.010000 0.010000
0 0.518799 0.333008 0.010000 0.010000
0 0.242432 0.336589 0.010000 0.010000
0 0.306885 0.337891 0.010000 0.010000
0 0.746094 0.334310 0.010000 0.010000
0 0.378418 0.335938 0.010000 0.010000
0 0.900000 0.336589 0.010000 0.010000
0 0.242188 0.339193 0.010000 0.010000
0 0.307617 0.338542 0.010000 0.010000
0 0.433838 0.348958 0.010000 0.010000
0 0.421875 0.347005 0.010000 0.010000
0 0.345215 0.351888 0.010000 0.010000
0 0.117432 0.360677 0.010000 0.010000
0 0.528809 0.361979 0.010000 0.010000
0 0.117432 0.364258 0.010000 0.010000
0 0.900000 0.368815 0.010000 0.010000
0 0.633545 0.373698 0.010000 0.010000
0 0.333008 0.375977 0.010000 0.010000
0 0.100000 0.377279 0.010000 0.010000
0 0.448730 0.382487 0.010000 0.010000
0 0.325195 0.381836 0.010000 0.010000
0 0.447021 0.383789 0.010000 0.010000
0 0.468018 0.383138 0.010000 0.010000
0 0.449951 0.387695 0.010000 0.010000
0 0.628418 0.386719 0.010000 0.010000
0 0.234863 0.393555 0.010000 0.010000
0 0.597656 0.392578 0.010000 0.010000
0 0.615967 0.395182 0.010000 0.010000
0 0.661377 0.401693 0.010000 0.010000
0 0.450684 0.407878 0.010000 0.010000
0 0.100000 0.411458 0.010000 0.010000
0 0.298340 0.420898 0.010000 0.021484
0 0.144043 0.415365 0.010000 0.010000
0 0.534180 0.415365 0.010000 0.010000
0 0.298096 0.418945 0.010000 0.010000
0 0.408447 0.418945 0.010000 0.010000
0 0.690186 0.417318 0.010000 0.010000
0 0.450439 0.420247 0.010000 0.010000
0 0.225586 0.423503 0.010000 0.010000
0 0.425781 0.422526 0.010000 0.010000
0 0.144287 0.426758 0.010000 0.010000
0 0.224854 0.427409 0.010000 0.010000
0 0.290771 0.429362 0.010000 0.010000
0 0.419678 0.428385 0.010000 0.010000
0 0.607910 0.428060 0.010000 0.010000
0 0.424805 0.429362 0.010000 0.010000
0 0.749023 0.428385 0.010000 0.010000
0 0.873291 0.430664 0.010000 0.010000
0 0.885986 0.430990 0.010000 0.010000
0 0.589111 0.434570 0.010000 0.010000
0 0.744873 0.432292 0.010000 0.010000
0 0.748779 0.435221 0.010000 0.010000
0 0.100000 0.439453 0.010000 0.010000
0 0.461670 0.443034 0.010000 0.010000
0 0.763916 0.447266 0.010000 0.010000
0 0.132324 0.448893 0.010000 0.010000
0 0.266357 0.454753 0.010000 0.010000
0 0.679688 0.453125 0.010000 0.010000
0 0.314697 0.455078 0.010000 0.010000
0 0.261719 0.458333 0.010000 0.010000
0 0.112061 0.456706 0.010000 0.010000
0 0.617920 0.461589 0.010000 0.010417
0 0.690918 0.458008 0.010000 0.010000
0 0.566895 0.461263 0.010000 0.010000
0 0.100000 0.466471 0.010000 0.014974
0 0.489258 0.462565 0.010000 0.010000
0 0.650146 0.460612 0.010000 0.010000
0 0.445557 0.465495 0.010000 0.010000
0 0.405273 0.467122 0.010742 0.010000
0 0.492676 0.466146 0.010000 0.010000
0 0.679199 0.468750 0.010000 0.010000
0 0.117188 0.470378 0.010000 0.010000
0 0.621338 0.471354 0.010000 0.010000
0 0.100000 0.472005 0.010000 0.010000
0 0.882812 0.481771 0.010000 0.010417
0 0.740967 0.493815 0.010000 0.010000
0 0.400391 0.495117 0.010000 0.010000
0 0.114990 0.502604 0.010000 0.010000
0 0.396240 0.500326 0.010000 0.010000
0 0.562012 0.501953 0.010000 0.010000
0 0.112793 0.504557 0.010000 0.010000
0 0.737793 0.506836 0.010000 0.010000
0 0.793701 0.502604 0.010000 0.010000
0 0.684570 0.517578 0.010000 0.018229
0 0.687988 0.516927 0.010000 0.014323
0 0.698486 0.512695 0.010000 0.010000
0 0.688477 0.516602 0.010000 0.010000
0 0.697021 0.515625 0.010000 0.010000
0 0.156494 0.522135 0.010000 0.010000
0 0.148682 0.528320 0.010000 0.010000
0 0.152100 0.529297 0.010000 0.010000
0 0.771729 0.531250 0.010000 0.010000
0 0.771484 0.546549 0.018555 0.031901
0 0.490723 0.534180 0.010000 0.010000
0 0.336426 0.537109 0.010000 0.010000
0 0.489746 0.540039 0.010000 0.011068
0 0.900000 0.541016 0.010000 0.010000
0 0.527832 0.543620 0.010000 0.010000
0 0.485107 0.550456 0.010254 0.014974
0 0.767822 0.545573 0.010000 0.010000
0 0.780762 0.548177 0.010000 0.010000
0 0.480713 0.547852 0.010000 0.010000
0 0.310303 0.550781 0.010000 0.010000
0 0.583740 0.552409 0.010000 0.010000
0 0.493408 0.551432 0.010000 0.010000
0 0.515137 0.553385 0.010000 0.010000
0 0.768799 0.561198 0.014160 0.013021
0 0.327393 0.559245 0.010000 0.010000
0 0.596191 0.557617 0.010000 0.010000
0 0.100000 0.560872 0.010000 0.010000
0 0.100000 0.562174 0.010000 0.010000
0 0.522217 0.566732 0.010000 0.010000
0 0.791504 0.565430 0.010000 0.010000
0 0.100000 0.567708 0.010000 0.010000
0 0.302002 0.570638 0.010000 0.010000
0 0.297363 0.570312 0.010000 0.010000
0 0.308350 0.568685 0.010000 0.010000
0 0.100000 0.575521 0.010000 0.010000
0 0.724121 0.577474 0.010000 0.010000
0 0.399658 0.578776 0.010000 0.010000
0 0.741211 0.582357 0.010000 0.010000
0 0.432861 0.586263 0.010000 0.010000
0 0.399414 0.586589 0.010000 0.010000
0 0.650391 0.583984 0.010000 0.010000
0 0.375488 0.590820 0.010000 0.010000
0 0.884033 0.586914 0.010000 0.010000
0 0.440918 0.591471 0.010000 0.010000
0 0.638428 0.588216 0.010000 0.010000
0 0.375244 0.591471 0.010000 0.010000
0 0.702637 0.598307 0.010742 0.011719
0 0.702881 0.597982 0.010000 0.010000
0 0.246338 0.601562 0.010000 0.010000
0 0.137695 0.606445 0.010000 0.010000
0 0.411621 0.610026 0.010000 0.010000
0 0.603271 0.621094 0.010000 0.010000
0 0.503174 0.622070 0.010000 0.010000
0 0.628662 0.623047 0.010000 0.010000
0 0.364258 0.624349 0.010000 0.010000
0 0.712158 0.630534 0.010000 0.010000
0 0.350342 0.631510 0.010000 0.010000
0 0.100000 0.634766 0.010000 0.010000
0 0.707031 0.635742 0.010000 0.010000
0 0.549805 0.638346 0.010000 0.010000
0 0.795654 0.639648 0.010000 0.010000
0 0.900000 0.638672 0.010000 0.010000
0 0.900000 0.641602 0.010000 0.010000
0 0.900000 0.645182 0.010000 0.010000
0 0.900000 0.649089 0.010000 0.011719
0 0.900000 0.647461 0.010000 0.010000
0 0.603760 0.660807 0.015137 0.024740
0 0.750000 0.651042 0.010000 0.010000
0 0.755127 0.653971 0.010000 0.010000
0 0.900000 0.659831 0.010000 0.010000
0 0.100000 0.659180 0.010000 0.010000
0 0.390381 0.659831 0.010000 0.010000
0 0.677002 0.661133 0.010000 0.010000
0 0.100000 0.660156 0.010000 0.010000
0 0.607422 0.665039 0.010000 0.011068
0 0.686035 0.662109 0.010000 0.010000
0 0.900000 0.667969 0.010000 0.010000
0 0.900000 0.668945 0.010000 0.010000
0 0.841797 0.667318 0.010000 0.010000
0 0.680908 0.669271 0.010000 0.010000
0 0.100000 0.676107 0.010000 0.010000
0 0.100000 0.676107 0.010000 0.010000
0 0.248291 0.680013 0.010000 0.010000
0 0.436523 0.682292 0.010000 0.010000
0 0.456543 0.680990 0.010000 0.010000
0 0.100000 0.680990 0.010000 0.010000
0 0.900000 0.680990 0.010000 0.010000
0 0.900000 0.682943 0.010000 0.010000
0 0.326416 0.686198 0.010000 0.010000
0 0.838623 0.685547 0.010000 0.010000
0 0.153076 0.686523 0.010000 0.010000
0 0.100000 0.687174 0.010000 0.010000
0 0.251953 0.693359 0.010000 0.010000
0 0.615723 0.697266 0.010000 0.010000
0 0.147705 0.697591 0.010000 0.010000
0 0.147949 0.698893 0.010000 0.010000
0 0.219727 0.708008 0.010742 0.011068
0 0.900000 0.706055 0.010000 0.010000
0 0.263428 0.705729 0.010000 0.010000
0 0.166504 0.713542 0.010000 0.010000
0 0.165527 0.714193 0.010000 0.010000
0 0.315674 0.716797 0.010000 0.010000
0 0.209961 0.717448 0.010000 0.010000
0 0.306152 0.722982 0.010000 0.010000
0 0.308838 0.730143 0.010000 0.010000
0 0.621826 0.730794 0.010000 0.010000
0 0.772949 0.737305 0.010000 0.010000
0 0.900000 0.737630 0.010000 0.010000
0 0.769531 0.740560 0.010000 0.010000
0 0.900000 0.740560 0.010000 0.010000
0 0.174072 0.745117 0.010000 0.010000
0 0.650146 0.749349 0.010000 0.010000
0 0.755127 0.750977 0.010000 0.010000
0 0.768555 0.754883 0.010000 0.010000
0 0.468750 0.756185 0.010000 0.010000
0 0.770264 0.761068 0.010254 0.014323
0 0.900000 0.754883 0.010000 0.010000
0 0.100000 0.760091 0.010000 0.010000
0 0.475342 0.759440 0.010000 0.010000
0 0.858887 0.761068 0.010000 0.010000
0 0.886475 0.760091 0.010000 0.010000
0 0.263184 0.764974 0.010000 0.010000
0 0.726562 0.761719 0.010000 0.010000
0 0.261230 0.763997 0.010000 0.010000
0 0.568115 0.765951 0.010000 0.010000
0 0.856201 0.766602 0.010000 0.010000
0 0.900000 0.766276 0.010000 0.010000
0 0.389160 0.767904 0.010000 0.010000
0 0.857910 0.773438 0.010000 0.010000
0 0.137451 0.772461 0.010000 0.010000
0 0.374268 0.773438 0.010000 0.010000
0 0.861328 0.774740 0.010000 0.010000
0 0.884766 0.775065 0.010000 0.010000
0 0.860352 0.775716 0.010000 0.010000
0 0.900000 0.776693 0.010000 0.010000
0 0.859863 0.778646 0.010000 0.010000
0 0.900000 0.789388 0.010000 0.010000
0 0.230957 0.795247 0.010000 0.010000
0 0.790771 0.797526 0.010000 0.010000
0 0.900000 0.804362 0.010000 0.010000
0 0.623291 0.811849 0.010000 0.010000
0 0.121826 0.812174 0.010000 0.010000
0 0.168945 0.819987 0.010000 0.011068
0 0.850342 0.815104 0.010000 0.010000
0 0.886963 0.819987 0.010000 0.010000
0 0.100000 0.825846 0.010000 0.010000
0 0.281982 0.829427 0.010000 0.010000
0 0.885254 0.832357 0.010000 0.010000
0 0.792969 0.833008 0.010000 0.010000
0 0.519775 0.833984 0.010000 0.010000
0 0.519531 0.841146 0.010000 0.010000
0 0.164062 0.842773 0.010000 0.010000
0 0.519287 0.849284 0.010000 0.010000
0 0.675781 0.848958 0.010000 0.010000
0 0.140137 0.850911 0.010000 0.010000
0 0.131104 0.852865 0.010000 0.010000
0 0.514893 0.854492 0.010000 0.010000
0 0.670654 0.860677 0.010000 0.010000
0 0.507568 0.861979 0.010000 0.010000
0 0.196777 0.865560 0.010000 0.010000
0 0.836182 0.869141 0.010000 0.010000
0 0.859863 0.870443 0.010000 0.010000
0 0.637695 0.869141 0.010000 0.010000
0 0.858643 0.871094 0.010000 0.010000
0 0.855957 0.871419 0.010000 0.010000
0 0.303955 0.871745 0.010000 0.010000
0 0.875977 0.874349 0.010000 0.010000
0 0.132324 0.875977 0.010000 0.010000
0 0.354980 0.881510 0.010000 0.010000
0 0.466064 0.879232 0.010000 0.010000
0 0.655029 0.878581 0.010000 0.010000
0 0.660645 0.881185 0.010000 0.010000
0 0.669678 0.881510 0.010000 0.010000
0 0.799805 0.881185 0.010000 0.010000
0 0.130615 0.882487 0.010000 0.010000
0 0.752930 0.888672 0.010000 0.010000
0 0.835449 0.888672 0.010000 0.010000
0 0.369141 0.891927 0.010000 0.010000
0 0.770508 0.894531 0.011719 0.011719
0 0.815186 0.889974 0.010000 0.010000
0 0.832031 0.889648 0.010000 0.010000
0 0.657959 0.897461 0.010000 0.012370
0 0.818848 0.895182 0.010000 0.010000
0 0.239258 0.895508 0.010000 0.010000
0 0.778320 0.895182 0.010000 0.010000
0 0.821533 0.895833 0.010000 0.010000
0 0.835693 0.893880 0.010000 0.010000
0 0.658447 0.897461 0.010000 0.010000
0 0.900000 0.896484 0.010000 0.010000
0 0.225586 0.899740 0.010000 0.010000
0 0.642578 0.900000 0.010000 0.010417
0 0.166016 0.900000 0.010000 0.010000
0 0.365234 0.900000 0.010000 0.010000
0 0.465088 0.900000 0.010000 0.010000
0 0.151611 0.900000 0.010000 0.010000
0 0.190186 0.900000 0.010000 0.010000
0 0.228760 0.900000 0.010000 0.010000
0 0.202881 0.900000 0.010000 0.010000
0 0.274414 0.900000 0.010000 0.010000
0 0.112061 0.900000 0.010000 0.010000
0 0.460205 0.900000 0.010000 0.010000
0 0.812012 0.900000 0.010000 0.010000
0 0.166016 0.900000 0.010000 0.010000
0 0.168945 0.900000 0.010000 0.010000
0 0.171387 0.900000 0.010000 0.010000
0 0.173340 0.900000 0.010000 0.010000
0 0.185303 0.900000 0.010000 0.010000
0 0.834473 0.900000 0.010000 0.010000
0 0.189697 0.900000 0.010000 0.010000
0 0.635498 0.900000 0.010000 0.010000
0 0.601318 0.900000 0.010000 0.010000
0 0.583740 0.900000 0.010000 0.010000
0 0.581787 0.900000 0.010000 0.010000
0 0.590576 0.900000 0.010000 0.010000
0 0.880127 0.900000 0.010000 0.010000
0 0.492920 0.900000 0.010000 0.010000
0 0.234863 0.900000 0.010000 0.010000
0 0.100000 0.900000 0.010000 0.010000
0 0.715088 0.900000 0.010000 0.010000
0 0.900000 0.900000 0.010000 0.010000
0 0.197998 0.900000 0.010000 0.010000
0 0.726807 0.900000 0.010000 0.010000
0 0.230713 0.900000 0.010000 0.010000
0 0.186279 0.900000 0.010000 0.010000
0 0.332764 0.900000 0.010000 0.010000
0 0.674805 0.900000 0.010000 0.010000
0 0.635498 0.900000 0.010000 0.010000
0 0.636963 0.900000 0.010000 0.010000
0 0.668213 0.900000 0.010000 0.010000
0 0.673828 0.900000 0.010000 0.010000
0 0.733398 0.900000 0.010000 0.010000
0 0.670166 0.900000 0.010000 0.010000
