0 0.900000 0.810818 0.045319 0.040452
0 0.509450 0.636500 0.047416 0.041936
0 0.331506 0.900000 0.046041 0.043879
0 0.265843 0.400052 0.037514 0.036284
0 0.724630 0.270315 0.039827 0.037296
0 0.447967 0.531886 0.048039 0.041474
0 0.826407 0.380096 0.040548 0.037002
0 0.607650 0.205519 0.040180 0.038883
0 0.900000 0.678046 0.037767 0.037209
0 0.580058 0.339303 0.047078 0.042678
0 0.100000 0.182319 0.041358 0.040480
0 0.879395 0.100000 0.032960 0.032957
0 0.796530 0.117348 0.038896 0.035867
0 0.396984 0.575203 0.043787 0.038238
0 0.657905 0.620846 0.037947 0.035699
1 0.782769 0.713261 0.081731 0.078371
1 0.872894 0.272377 0.084136 0.072670
