0 0.627930 0.112305 0.041016 0.044922
0 0.473633 0.237305 0.044922 0.041016
0 0.744141 0.260742 0.070312 0.072266
0 0.241211 0.273438 0.044922 0.042969
0 0.847656 0.293945 0.046875 0.044922
0 0.226562 0.336914 0.042969 0.037109
0 0.574219 0.452148 0.039062 0.037109
0 0.434570 0.469727 0.041016 0.041016
0 0.723633 0.574219 0.080078 0.082031
0 0.514648 0.569336 0.041016 0.041016
0 0.610352 0.570312 0.041016 0.039062
0 0.434570 0.610352 0.044922 0.044922
0 0.745117 0.678711 0.041016 0.041016
0 0.458984 0.725586 0.039062 0.041016
0 0.637695 0.794922 0.083984 0.082031
0 0.154297 0.864258 0.042969 0.041016
0 0.900000 0.900000 0.046875 0.044922
