1 0.500000 0.500000 0.500000 0.500000
0 0.420410 0.100000 0.010000 0.010000
0 0.100000 0.100000 0.010000 0.010000
0 0.185547 0.100000 0.010000 0.010000
0 0.308105 0.131836 0.010000 0.010000
0 0.100000 0.222656 0.010000 0.010000
0 0.446533 0.239583 0.020996 0.026042
0 0.100000 0.235026 0.010000 0.010000
0 0.197266 0.251302 0.010000 0.010000
0 0.127197 0.259115 0.010000 0.010000
0 0.141113 0.271810 0.010000 0.010000
0 0.522705 0.293620 0.010000 0.010000
0 0.536621 0.300781 0.010742 0.015625
0 0.900000 0.306966 0.010000 0.010000
0 0.720947 0.313477 0.010000 0.010000
0 0.361328 0.320312 0.010000 0.010000
0 0.100000 0.333984 0.010000 0.010000
0 0.100000 0.336589 0.010000 0.010000
0 0.100000 0.360026 0.010000 0.010000
0 0.368896 0.381510 0.010000 0.010000
0 0.319580 0.382812 0.010000 0.010000
0 0.476807 0.394531 0.010000 0.015625
0 0.242920 0.392253 0.010000 0.010000
0 0.528564 0.412760 0.018066 0.024740
0 0.585205 0.422526 0.010000 0.010000
0 0.623047 0.457357 0.010742 0.016276
0 0.629395 0.464844 0.010000 0.010000
0 0.626953 0.465820 0.010000 0.010000
0 0.690430 0.469076 0.010000 0.010000
0 0.687988 0.471680 0.010000 0.010000
0 0.323242 0.482747 0.010000 0.010000
0 0.557861 0.484049 0.010000 0.010000
0 0.325439 0.484375 0.010000 0.010000
0 0.529541 0.494141 0.010000 0.010000
0 0.366699 0.522786 0.010000 0.010000
0 0.663086 0.539714 0.022461 0.024740
0 0.900000 0.540365 0.010000 0.010000
0 0.900000 0.545898 0.010000 0.010000
0 0.625732 0.584310 0.012207 0.016276
0 0.625732 0.578451 0.010000 0.010000
0 0.372559 0.579753 0.010000 0.010000
0 0.673828 0.602214 0.010000 0.010000
0 0.716064 0.602214 0.010000 0.010000
0 0.674072 0.609049 0.010000 0.012370
0 0.100000 0.606120 0.010000 0.010000
0 0.568115 0.614258 0.019043 0.017578
0 0.804199 0.609375 0.010000 0.010000
0 0.355957 0.610352 0.010000 0.010000
0 0.900000 0.611003 0.010000 0.010000
0 0.800537 0.616211 0.010000 0.010000
0 0.900000 0.618490 0.010000 0.010000
0 0.466064 0.625977 0.010000 0.010000
0 0.470215 0.627930 0.010000 0.010000
0 0.418457 0.643229 0.010000 0.010000
0 0.423096 0.648438 0.010000 0.010000
0 0.572754 0.673177 0.010000 0.010000
0 0.577148 0.670898 0.010000 0.010000
0 0.608398 0.889323 0.010000 0.010000
0 0.602783 0.900000 0.010000 0.010000
0 0.595947 0.900000 0.010000 0.010000
0 0.600586 0.900000 0.010000 0.010000
0 0.590332 0.900000 0.010000 0.010000
