1 0.500000 0.500000 0.500000 0.500000
0 0.100000 0.100000 0.025391 0.020182
0 0.100000 0.100000 0.010000 0.010000
0 0.100000 0.100000 0.010000 0.010000
0 0.100000 0.100000 0.010000 0.010000
0 0.134521 0.100000 0.010000 0.010000
0 0.139160 0.100000 0.010000 0.010000
0 0.139404 0.100000 0.010000 0.010000
0 0.340088 0.100000 0.018066 0.010000
0 0.519775 0.100000 0.010000 0.010000
0 0.683838 0.100000 0.010000 0.010000
0 0.688965 0.100000 0.010000 0.010000
0 0.900000 0.100000 0.010000 0.010000
0 0.900000 0.100000 0.010000 0.010000
0 0.900000 0.100000 0.010000 0.010000
0 0.100000 0.100000 0.010000 0.010000
0 0.319824 0.100000 0.010000 0.010000
0 0.100000 0.100000 0.010000 0.010000
0 0.178223 0.100000 0.010000 0.010000
0 0.180664 0.100000 0.010000 0.010000
0 0.195801 0.100000 0.010000 0.010000
0 0.596436 0.100000 0.010000 0.010000
0 0.900000 0.100000 0.010000 0.010000
0 0.100000 0.100000 0.010000 0.010000
0 0.282959 0.100000 0.021973 0.024089
0 0.334229 0.100000 0.010000 0.010000
0 0.100000 0.100000 0.010000 0.010000
0 0.439209 0.100000 0.010000 0.010000
0 0.230225 0.100000 0.010000 0.010000
0 0.225098 0.100000 0.010000 0.010000
0 0.234619 0.100000 0.010000 0.010000
0 0.437988 0.100000 0.010000 0.010000
0 0.900000 0.100000 0.010000 0.010000
0 0.900000 0.100000 0.010000 0.010000
0 0.883301 0.100000 0.010000 0.010000
0 0.263184 0.100000 0.010000 0.010000
0 0.100000 0.100000 0.010000 0.015625
0 0.900000 0.100000 0.010000 0.010000
0 0.100000 0.100000 0.010000 0.010000
0 0.117432 0.100000 0.010000 0.010000
0 0.463379 0.100000 0.022461 0.024740
0 0.617432 0.100000 0.010000 0.010000
0 0.160400 0.100000 0.010000 0.010000
0 0.307861 0.100000 0.010254 0.013672
0 0.570068 0.100260 0.042480 0.028646
0 0.549072 0.100000 0.010000 0.010000
0 0.464111 0.100000 0.010000 0.010000
0 0.147217 0.100000 0.010000 0.010000
0 0.516357 0.104818 0.010000 0.010000
0 0.752441 0.106445 0.010000 0.010000
0 0.401123 0.109375 0.010000 0.010000
0 0.620850 0.115885 0.010000 0.010000
0 0.677002 0.119141 0.010000 0.010000
0 0.220459 0.120768 0.010000 0.010000
0 0.612061 0.119466 0.010000 0.010000
0 0.503662 0.128906 0.010000 0.010000
0 0.100000 0.137044 0.010000 0.010000
0 0.519287 0.144206 0.027832 0.014974
0 0.900000 0.140625 0.010000 0.010000
0 0.100000 0.140625 0.010000 0.010000
0 0.122803 0.142578 0.010000 0.010000
0 0.900000 0.141927 0.010000 0.010000
0 0.506592 0.145508 0.010000 0.010000
0 0.410645 0.146484 0.010000 0.010000
0 0.555420 0.150716 0.010000 0.010000
0 0.520752 0.150716 0.010000 0.010000
0 0.100000 0.153320 0.010000 0.010000
0 0.678467 0.161784 0.010000 0.010000
0 0.100000 0.161133 0.010000 0.010000
0 0.314697 0.161133 0.010000 0.010000
0 0.100000 0.163086 0.010000 0.010000
0 0.606201 0.166016 0.010000 0.010000
0 0.765381 0.170898 0.010000 0.010000
0 0.100000 0.184570 0.010000 0.010000
0 0.134521 0.180990 0.010000 0.010000
0 0.100000 0.184245 0.010000 0.010000
0 0.100000 0.189453 0.010000 0.010000
0 0.100000 0.191732 0.010000 0.010000
0 0.548096 0.192057 0.010000 0.010000
0 0.190186 0.196940 0.010000 0.010000
0 0.373779 0.196615 0.010000 0.010000
0 0.303467 0.204753 0.010000 0.010000
0 0.100000 0.208008 0.010000 0.010000
0 0.343506 0.209310 0.010000 0.010000
0 0.131348 0.212565 0.010000 0.010000
0 0.759766 0.214518 0.010000 0.010000
0 0.139893 0.221029 0.010000 0.010000
0 0.404297 0.228190 0.010000 0.010000
0 0.472412 0.227214 0.010000 0.010000
0 0.675781 0.226888 0.010000 0.010000
0 0.900000 0.227539 0.010000 0.010000
0 0.900000 0.232422 0.010000 0.010000
0 0.564697 0.236003 0.010000 0.010000
0 0.100000 0.236979 0.010000 0.010000
0 0.591797 0.237305 0.010000 0.010000
0 0.262695 0.247721 0.010000 0.010000
0 0.791260 0.249674 0.010000 0.010000
0 0.880371 0.256185 0.010000 0.010000
0 0.806152 0.263021 0.010000 0.010000
0 0.900000 0.272786 0.010000 0.010000
0 0.716553 0.273438 0.010254 0.010000
0 0.900000 0.274089 0.010000 0.010000
0 0.100000 0.286133 0.016113 0.016276
0 0.772217 0.285482 0.010000 0.010000
0 0.487549 0.290690 0.010000 0.010000
0 0.667725 0.286458 0.010000 0.010000
0 0.489746 0.291016 0.010000 0.010000
0 0.491943 0.291341 0.010000 0.010000
0 0.338379 0.291667 0.010000 0.010000
0 0.900000 0.289714 0.010000 0.010000
0 0.492920 0.291992 0.010000 0.010000
0 0.523193 0.294922 0.014160 0.010000
0 0.100000 0.293294 0.010000 0.010000
0 0.514648 0.294596 0.010000 0.010000
0 0.187988 0.299479 0.010000 0.010000
0 0.724609 0.301758 0.010000 0.010000
0 0.672607 0.301758 0.010000 0.010000
0 0.726074 0.305339 0.010000 0.010000
0 0.427734 0.311198 0.010000 0.010000
0 0.250977 0.316406 0.010000 0.010000
0 0.769287 0.321289 0.010000 0.010000
0 0.400879 0.327474 0.010000 0.010000
0 0.119141 0.338867 0.010000 0.010000
0 0.100000 0.341146 0.010000 0.010000
0 0.900000 0.349609 0.010000 0.010000
0 0.213135 0.351888 0.010000 0.010000
0 0.534912 0.355143 0.010000 0.010000
0 0.638428 0.363607 0.010000 0.010000
0 0.126465 0.365560 0.010000 0.010000
0 0.207520 0.366536 0.010000 0.010000
0 0.624268 0.367188 0.010000 0.010000
0 0.176270 0.370117 0.010000 0.010000
0 0.262207 0.369792 0.010000 0.010000
0 0.636719 0.378581 0.014648 0.014974
0 0.125977 0.377279 0.010000 0.010000
0 0.132568 0.374674 0.010000 0.010000
0 0.795410 0.383138 0.014648 0.020182
0 0.127441 0.378255 0.010000 0.010000
0 0.100000 0.377604 0.010000 0.010000
0 0.129639 0.378906 0.010000 0.010000
0 0.645508 0.379557 0.010000 0.010000
0 0.145508 0.392578 0.010000 0.013021
0 0.625977 0.387044 0.010000 0.010000
0 0.788574 0.389323 0.010000 0.010000
0 0.148926 0.391927 0.010000 0.010000
0 0.170166 0.392578 0.010000 0.010000
0 0.269287 0.404297 0.010000 0.010000
0 0.272949 0.405273 0.010000 0.010000
0 0.897461 0.406576 0.010000 0.010000
0 0.900000 0.406576 0.010000 0.010000
0 0.900000 0.419596 0.024414 0.025391
0 0.900000 0.408529 0.010000 0.010000
0 0.900000 0.411784 0.010000 0.010000
0 0.900000 0.417969 0.014648 0.013021
0 0.900000 0.418294 0.010000 0.010000
0 0.900000 0.418620 0.010000 0.010000
0 0.900000 0.420573 0.010000 0.010000
0 0.100000 0.429036 0.010000 0.010000
0 0.100000 0.427083 0.010000 0.010000
0 0.100000 0.430990 0.010000 0.010000
0 0.100000 0.431966 0.010000 0.010000
0 0.100000 0.433268 0.010000 0.010000
0 0.451416 0.433268 0.010000 0.010000
0 0.100000 0.433268 0.010000 0.010000
0 0.900000 0.431966 0.010000 0.010000
0 0.416260 0.437174 0.010000 0.010000
0 0.900000 0.435547 0.010000 0.010000
0 0.821289 0.440755 0.011719 0.010000
0 0.741211 0.444010 0.010000 0.010000
0 0.256592 0.445964 0.010000 0.010000
0 0.741211 0.445638 0.010000 0.010000
0 0.298828 0.460286 0.010000 0.010000
0 0.900000 0.468424 0.010000 0.010000
0 0.645264 0.483724 0.012207 0.018229
0 0.545410 0.479167 0.010000 0.010000
0 0.635742 0.493490 0.016602 0.018229
0 0.339111 0.487305 0.010000 0.010000
0 0.492432 0.486979 0.010000 0.010000
0 0.634033 0.488607 0.010000 0.010000
0 0.381592 0.490560 0.010000 0.010000
0 0.100000 0.499674 0.010000 0.010000
0 0.843018 0.501628 0.010000 0.010000
0 0.100000 0.513021 0.010000 0.016927
0 0.262939 0.513021 0.010000 0.010000
0 0.876465 0.515625 0.010000 0.010000
0 0.570068 0.532552 0.015137 0.018229
0 0.818115 0.528646 0.010000 0.010000
0 0.893066 0.529948 0.010000 0.010000
0 0.102051 0.529622 0.010000 0.010000
0 0.332031 0.533529 0.010000 0.010000
0 0.681885 0.533854 0.010000 0.010000
0 0.450439 0.539714 0.010000 0.011719
0 0.686768 0.536133 0.010000 0.010000
0 0.413086 0.545247 0.016602 0.014974
0 0.831543 0.542969 0.010742 0.010000
0 0.858154 0.540690 0.010000 0.010000
0 0.754395 0.548503 0.010000 0.010000
0 0.674561 0.546549 0.010000 0.010000
0 0.359863 0.558594 0.010000 0.010000
0 0.900000 0.559570 0.010000 0.010000
0 0.627930 0.558594 0.010000 0.010000
0 0.803223 0.559570 0.010000 0.010000
0 0.250977 0.562826 0.010000 0.010000
0 0.298828 0.559245 0.010000 0.010000
0 0.800781 0.561849 0.010000 0.010000
0 0.260010 0.564128 0.010000 0.010000
0 0.372803 0.562826 0.010000 0.010000
0 0.800781 0.567708 0.010000 0.010000
0 0.805664 0.569010 0.010000 0.010000
0 0.812988 0.579427 0.010742 0.011719
0 0.299072 0.576497 0.010000 0.010000
0 0.702637 0.577799 0.010000 0.010000
0 0.806885 0.581380 0.010000 0.010000
0 0.166016 0.597005 0.010000 0.010000
0 0.900000 0.606771 0.010254 0.013021
0 0.900000 0.606120 0.010000 0.010000
0 0.100000 0.608724 0.010000 0.010000
0 0.442383 0.608398 0.010000 0.010000
0 0.196289 0.610677 0.010000 0.010000
0 0.100000 0.612630 0.010000 0.010000
0 0.100000 0.614909 0.010000 0.010000
0 0.627441 0.624023 0.010000 0.010000
0 0.465576 0.625651 0.010000 0.010000
0 0.100000 0.629883 0.010000 0.010000
0 0.738525 0.631836 0.010000 0.010000
0 0.359863 0.645833 0.010000 0.010000
0 0.359619 0.647786 0.010000 0.010000
0 0.358643 0.650065 0.010000 0.010000
0 0.708984 0.655924 0.010000 0.010000
0 0.714111 0.655599 0.010000 0.010000
0 0.712646 0.658203 0.010000 0.010000
0 0.718750 0.657878 0.010000 0.010000
0 0.359863 0.666667 0.019531 0.014323
0 0.480469 0.671224 0.010000 0.010000
0 0.116943 0.683594 0.010000 0.010000
0 0.287598 0.686198 0.010000 0.010000
0 0.900000 0.701497 0.010000 0.010000
0 0.100000 0.706055 0.010000 0.010000
0 0.900000 0.712240 0.010000 0.010000
0 0.723633 0.720703 0.010000 0.011719
0 0.145752 0.721680 0.010000 0.010000
0 0.733398 0.724284 0.010000 0.010000
0 0.303711 0.728190 0.010000 0.010000
0 0.728027 0.733398 0.010000 0.012370
0 0.900000 0.730143 0.010000 0.010000
0 0.900000 0.730469 0.010000 0.010000
0 0.725586 0.731771 0.010000 0.010000
0 0.302734 0.734049 0.010000 0.010000
0 0.793457 0.737630 0.010000 0.010000
0 0.498047 0.746745 0.010742 0.018229
0 0.900000 0.742188 0.010000 0.010000
0 0.120117 0.754883 0.040039 0.024089
0 0.524414 0.745443 0.010000 0.010000
0 0.785889 0.752279 0.010000 0.010000
0 0.140137 0.755859 0.010000 0.010000
0 0.772949 0.755208 0.010000 0.010000
0 0.757324 0.763021 0.010000 0.010000
0 0.872314 0.773112 0.010000 0.010000
0 0.900000 0.775716 0.010000 0.010000
0 0.755371 0.778646 0.010000 0.010000
0 0.761230 0.778971 0.010000 0.010000
0 0.255371 0.787109 0.010000 0.010000
0 0.798584 0.789388 0.010000 0.010000
0 0.900000 0.798503 0.010000 0.010000
0 0.100000 0.805990 0.010000 0.010000
0 0.163086 0.804688 0.010000 0.010000
0 0.833252 0.805339 0.010000 0.010000
0 0.893066 0.818359 0.010000 0.010000
0 0.895752 0.825195 0.010000 0.012370
0 0.709229 0.822917 0.010000 0.010000
0 0.275146 0.827799 0.010000 0.010000
0 0.717773 0.828125 0.010000 0.010000
0 0.100000 0.829102 0.010000 0.010000
0 0.896240 0.834635 0.010000 0.010000
0 0.895508 0.843424 0.018555 0.017578
0 0.181152 0.842773 0.010000 0.010000
0 0.100000 0.844076 0.010000 0.010000
0 0.900000 0.848958 0.010000 0.010000
0 0.574707 0.850260 0.010000 0.010000
0 0.807861 0.858073 0.010000 0.010000
0 0.900000 0.861654 0.010000 0.010000
0 0.247803 0.861654 0.010000 0.010000
0 0.248291 0.863932 0.010000 0.010000
0 0.249756 0.865560 0.010000 0.010000
0 0.250977 0.866536 0.010000 0.010000
0 0.786377 0.868164 0.010000 0.010000
0 0.100000 0.873047 0.010000 0.010000
0 0.310547 0.870117 0.010000 0.010000
0 0.469971 0.877279 0.010000 0.010000
0 0.100000 0.881836 0.010000 0.010000
0 0.718506 0.884440 0.010000 0.010000
0 0.100000 0.888997 0.010000 0.010000
0 0.347168 0.896159 0.010000 0.010000
0 0.546143 0.900000 0.010000 0.010000
0 0.821289 0.900000 0.010000 0.010000
0 0.252930 0.900000 0.010000 0.010000
0 0.179688 0.900000 0.010000 0.010000
0 0.759521 0.900000 0.010000 0.010000
0 0.542236 0.900000 0.010000 0.010000
0 0.608398 0.900000 0.010000 0.010000
0 0.832764 0.900000 0.010000 0.010000
0 0.568115 0.900000 0.010000 0.010000
0 0.100000 0.900000 0.010000 0.010000
0 0.316406 0.900000 0.010000 0.010000
0 0.100000 0.900000 0.010000 0.010000
0 0.783691 0.900000 0.010000 0.010000
0 0.775635 0.900000 0.010000 0.010000
0 0.505859 0.900000 0.010000 0.010000
0 0.254883 0.900000 0.010000 0.010000
0 0.440186 0.900000 0.010000 0.010000
0 0.312988 0.900000 0.010000 0.010000
0 0.100000 0.900000 0.010000 0.010000
0 0.659424 0.900000 0.010000 0.010000
0 0.802490 0.900000 0.010000 0.010000
0 0.775635 0.900000 0.010000 0.010000
0 0.199951 0.900000 0.010000 0.010000
0 0.377441 0.900000 0.010000 0.010000
0 0.875000 0.900000 0.010000 0.010000
0 0.876709 0.900000 0.010000 0.010000
0 0.725830 0.900000 0.010000 0.010000
0 0.900000 0.900000 0.010000 0.010000
0 0.449707 0.900000 0.010000 0.010000
0 0.435303 0.900000 0.010000 0.010000
0 0.900000 0.900000 0.010000 0.010000
0 0.900000 0.900000 0.010000 0.010000
