1 0.500000 0.500000 0.500000 0.500000
0 0.100000 0.100000 0.010000 0.010000
0 0.254395 0.100000 0.010000 0.010000
0 0.310303 0.100000 0.010000 0.010000
0 0.314209 0.100000 0.010000 0.010000
0 0.718262 0.100000 0.010000 0.010000
0 0.485352 0.100000 0.010000 0.010000
0 0.483154 0.100000 0.010000 0.010000
0 0.481445 0.100000 0.010000 0.010000
0 0.714111 0.100000 0.010000 0.010000
0 0.673340 0.100000 0.010000 0.010000
0 0.502441 0.100000 0.010000 0.010000
0 0.900000 0.100000 0.010000 0.010000
0 0.900000 0.100000 0.010000 0.010000
0 0.329346 0.100000 0.010000 0.010000
0 0.504639 0.100000 0.010000 0.010000
0 0.441895 0.100000 0.016602 0.017578
0 0.900000 0.100000 0.010000 0.013021
0 0.778320 0.100000 0.010000 0.010000
0 0.449951 0.100000 0.010000 0.010000
0 0.101562 0.100000 0.010000 0.010000
0 0.100586 0.101237 0.010000 0.010000
0 0.900000 0.110026 0.010000 0.010000
0 0.900000 0.110677 0.010000 0.010000
0 0.384766 0.116862 0.010000 0.010000
0 0.289795 0.124674 0.010000 0.010000
0 0.688232 0.130534 0.010000 0.010000
0 0.900000 0.130208 0.010000 0.010000
0 0.212646 0.136068 0.010000 0.010000
0 0.823730 0.133464 0.010000 0.010000
0 0.900000 0.137044 0.010000 0.010000
0 0.211182 0.139648 0.010000 0.010000
0 0.867676 0.141276 0.010000 0.010000
0 0.621338 0.143880 0.010000 0.010000
0 0.614014 0.149414 0.010000 0.010000
0 0.176025 0.152995 0.010000 0.010000
0 0.209229 0.162435 0.010000 0.010000
0 0.247314 0.164388 0.010000 0.010000
0 0.449951 0.174805 0.019043 0.017578
0 0.900000 0.177734 0.010000 0.010000
0 0.900000 0.180013 0.010000 0.010000
0 0.900000 0.184896 0.010000 0.010000
0 0.224121 0.192057 0.010000 0.010000
0 0.726074 0.195638 0.010000 0.010000
0 0.900000 0.199544 0.010000 0.010000
0 0.900000 0.202799 0.010000 0.010000
0 0.248779 0.207031 0.010000 0.010000
0 0.900000 0.209635 0.010000 0.010000
0 0.252197 0.208659 0.010000 0.010000
0 0.243164 0.210938 0.010000 0.010000
0 0.246338 0.213216 0.010000 0.010000
0 0.248047 0.217448 0.010000 0.010000
0 0.900000 0.216797 0.010000 0.010000
0 0.408691 0.230469 0.010000 0.010000
0 0.411133 0.232747 0.010000 0.010000
0 0.900000 0.237630 0.010000 0.010417
0 0.377930 0.239909 0.010000 0.010000
0 0.886963 0.244466 0.010000 0.010000
0 0.394043 0.263672 0.010000 0.010000
0 0.799316 0.263672 0.010000 0.010000
0 0.362061 0.267578 0.010000 0.010000
0 0.394531 0.270833 0.012695 0.010417
0 0.365234 0.269531 0.010000 0.010000
0 0.122803 0.272786 0.010000 0.010000
0 0.316895 0.273438 0.010000 0.010000
0 0.108154 0.277669 0.010000 0.010000
0 0.581543 0.277995 0.010000 0.010000
0 0.765625 0.281576 0.010000 0.010000
0 0.107910 0.283529 0.010000 0.010000
0 0.851074 0.283854 0.010000 0.010000
0 0.115234 0.287435 0.010000 0.010000
0 0.900000 0.294271 0.010000 0.010000
0 0.133057 0.299154 0.010000 0.010000
0 0.655518 0.306315 0.015137 0.013672
0 0.575439 0.304036 0.010000 0.010000
0 0.109863 0.315104 0.010000 0.014323
0 0.900000 0.308594 0.010000 0.010000
0 0.111328 0.315104 0.010000 0.010417
0 0.900000 0.312174 0.010000 0.010000
0 0.112061 0.314779 0.010000 0.010000
0 0.853516 0.316081 0.010000 0.010000
0 0.784180 0.324219 0.010000 0.010000
0 0.509766 0.331380 0.010000 0.010000
0 0.506836 0.332357 0.010000 0.010000
0 0.386719 0.335612 0.010000 0.010000
0 0.136475 0.348633 0.010000 0.010000
0 0.545898 0.352865 0.010000 0.010000
0 0.283936 0.356120 0.010000 0.010000
0 0.221680 0.359375 0.010000 0.010000
0 0.206299 0.365234 0.010000 0.010000
0 0.253174 0.370443 0.010000 0.010000
0 0.790771 0.368164 0.010000 0.010000
0 0.763428 0.372396 0.010000 0.010000
0 0.538818 0.379232 0.013184 0.013672
0 0.233887 0.375651 0.010000 0.010000
0 0.749512 0.376628 0.010000 0.010000
0 0.152344 0.375651 0.010000 0.010000
0 0.624023 0.379232 0.010000 0.010000
0 0.236572 0.380859 0.010000 0.010000
0 0.623047 0.380859 0.010000 0.010000
0 0.535400 0.383138 0.010000 0.010000
0 0.628662 0.381836 0.010000 0.010000
0 0.221191 0.393880 0.033203 0.018229
0 0.682129 0.388021 0.010000 0.010000
0 0.839844 0.389648 0.010000 0.010000
0 0.897949 0.395182 0.010000 0.010417
0 0.100000 0.394531 0.010000 0.010000
0 0.898193 0.394531 0.010000 0.010000
0 0.466797 0.399414 0.010000 0.010000
0 0.668213 0.402669 0.010000 0.010000
0 0.190186 0.406576 0.010000 0.010000
0 0.414551 0.406901 0.010000 0.010000
0 0.897217 0.412109 0.010000 0.010417
0 0.361816 0.409180 0.010000 0.010000
0 0.100000 0.410156 0.010000 0.010000
0 0.186768 0.414714 0.018066 0.011719
0 0.378662 0.414388 0.010000 0.010000
0 0.517334 0.417969 0.010000 0.010000
0 0.265137 0.426432 0.010000 0.010000
0 0.100000 0.432617 0.010000 0.010000
0 0.773682 0.433594 0.010000 0.010000
0 0.780029 0.446615 0.010000 0.010000
0 0.319580 0.445312 0.010000 0.010000
0 0.770020 0.457031 0.021484 0.020833
0 0.100000 0.452148 0.010000 0.010000
0 0.861572 0.458984 0.010000 0.010000
0 0.100000 0.456380 0.010000 0.010000
0 0.686279 0.457357 0.010000 0.010000
0 0.750732 0.463867 0.010000 0.010000
0 0.194336 0.472005 0.010000 0.010000
0 0.538086 0.473958 0.010000 0.010000
0 0.868164 0.477539 0.010000 0.010000
0 0.847900 0.479492 0.010000 0.010000
0 0.871338 0.479818 0.010000 0.010000
0 0.528809 0.481120 0.010000 0.010000
0 0.657959 0.482096 0.010000 0.010000
0 0.529785 0.485026 0.010000 0.010000
0 0.900000 0.485352 0.010000 0.010000
0 0.525391 0.485026 0.010000 0.010000
0 0.900000 0.489258 0.010000 0.010000
0 0.601562 0.489909 0.010000 0.010000
0 0.541260 0.494792 0.010000 0.010000
0 0.900000 0.494792 0.010000 0.010000
0 0.284180 0.495443 0.010000 0.010000
0 0.541992 0.495768 0.010000 0.010000
0 0.147217 0.509115 0.010000 0.010000
0 0.414062 0.510742 0.010000 0.010000
0 0.213867 0.516927 0.010000 0.010000
0 0.723145 0.518880 0.010000 0.010000
0 0.100000 0.522786 0.010000 0.010000
0 0.100000 0.524740 0.010000 0.010000
0 0.100000 0.524414 0.010000 0.010000
0 0.100000 0.540690 0.010000 0.010000
0 0.185303 0.539714 0.010000 0.010000
0 0.188232 0.550781 0.010000 0.015625
0 0.695801 0.546224 0.010000 0.010000
0 0.759521 0.553385 0.021973 0.014323
0 0.796875 0.552083 0.010000 0.010000
0 0.800537 0.555664 0.010000 0.010000
0 0.900000 0.558594 0.010000 0.010000
0 0.126953 0.562174 0.010000 0.010000
0 0.804199 0.564128 0.010000 0.010000
0 0.789062 0.565104 0.010000 0.010000
0 0.100000 0.569336 0.010000 0.010000
0 0.509033 0.571615 0.010000 0.010000
0 0.691895 0.572591 0.010000 0.010000
0 0.317139 0.580078 0.010000 0.010000
0 0.318359 0.584635 0.010000 0.010000
0 0.304932 0.594076 0.014160 0.011068
0 0.900000 0.589844 0.010000 0.010000
0 0.312744 0.594076 0.010000 0.010000
0 0.900000 0.594401 0.010000 0.010000
0 0.297852 0.603841 0.010000 0.010000
0 0.775391 0.617839 0.010000 0.010000
0 0.877686 0.619141 0.010000 0.010000
0 0.770508 0.620117 0.010000 0.010000
0 0.739502 0.623372 0.010000 0.010000
0 0.766602 0.628581 0.010000 0.017578
0 0.829834 0.624023 0.010000 0.010000
0 0.830566 0.629883 0.010000 0.010000
0 0.900000 0.628906 0.010000 0.010000
0 0.242432 0.631185 0.010000 0.010000
0 0.900000 0.631185 0.010000 0.010000
0 0.100000 0.637370 0.010000 0.010000
0 0.765869 0.637695 0.010000 0.010000
0 0.587891 0.650391 0.016602 0.022135
0 0.884033 0.644857 0.010000 0.010000
0 0.723633 0.646484 0.010000 0.010000
0 0.721191 0.647461 0.010000 0.010000
0 0.171387 0.648438 0.010000 0.010000
0 0.599609 0.666341 0.017578 0.021484
0 0.822510 0.668945 0.010000 0.017578
0 0.883301 0.664062 0.010000 0.010000
0 0.580811 0.662760 0.010000 0.010000
0 0.612793 0.666667 0.010000 0.010000
0 0.604492 0.668294 0.010000 0.010000
0 0.614746 0.668620 0.010000 0.010000
0 0.100000 0.676432 0.010000 0.010000
0 0.900000 0.677409 0.010000 0.010000
0 0.650879 0.678711 0.010000 0.010000
0 0.539307 0.687174 0.012207 0.017578
0 0.614502 0.684570 0.010000 0.010000
0 0.873535 0.688477 0.010000 0.010000
0 0.241211 0.690430 0.010000 0.010000
0 0.711670 0.696289 0.010000 0.010000
0 0.391846 0.699870 0.010000 0.010000
0 0.208984 0.707031 0.013672 0.011719
0 0.148193 0.706380 0.010000 0.010000
0 0.900000 0.707682 0.010000 0.010000
0 0.149902 0.708984 0.010000 0.010000
0 0.886475 0.712565 0.010000 0.010000
0 0.130371 0.716471 0.010000 0.010000
0 0.822998 0.716471 0.010000 0.010000
0 0.132080 0.719727 0.010000 0.012370
0 0.134521 0.719076 0.010000 0.010000
0 0.190430 0.722982 0.013672 0.016276
0 0.572998 0.717122 0.010000 0.010000
0 0.106934 0.722005 0.010000 0.010000
0 0.464355 0.725586 0.010000 0.010000
0 0.112793 0.727214 0.010000 0.010000
0 0.113037 0.726562 0.010000 0.010000
0 0.468994 0.726562 0.010000 0.010000
0 0.111572 0.729167 0.010000 0.010000
0 0.181885 0.731771 0.010000 0.010000
0 0.268311 0.734049 0.010000 0.010000
0 0.182129 0.735352 0.010000 0.010000
0 0.788330 0.740560 0.010000 0.010000
0 0.810303 0.740234 0.010000 0.010000
0 0.375732 0.742513 0.010000 0.010000
0 0.482910 0.745117 0.010000 0.010000
0 0.481445 0.750977 0.010000 0.011068
0 0.132324 0.753906 0.010000 0.010000
0 0.238037 0.755534 0.010000 0.010000
0 0.744141 0.754557 0.010000 0.010000
0 0.177490 0.756836 0.010000 0.010000
0 0.583740 0.759115 0.010000 0.010000
0 0.260010 0.758789 0.010000 0.010000
0 0.826416 0.759766 0.010000 0.010000
0 0.822510 0.761068 0.010000 0.010000
0 0.647461 0.765299 0.010000 0.010000
0 0.828369 0.762370 0.010000 0.010000
0 0.650879 0.763672 0.010000 0.010000
0 0.743408 0.763997 0.010000 0.010000
0 0.307617 0.765951 0.010000 0.010000
0 0.303467 0.795247 0.020996 0.057943
0 0.583252 0.767253 0.010000 0.010000
0 0.100000 0.770182 0.010000 0.010000
0 0.102539 0.768880 0.010000 0.010000
0 0.324219 0.777995 0.010000 0.018229
0 0.642334 0.769206 0.010000 0.010000
0 0.472412 0.772461 0.010000 0.010000
0 0.841309 0.781576 0.010000 0.010000
0 0.410889 0.783529 0.010000 0.010000
0 0.787109 0.782552 0.010000 0.010000
0 0.729004 0.783203 0.010000 0.010000
0 0.900000 0.782878 0.010000 0.010000
0 0.323486 0.784505 0.010000 0.010000
0 0.724365 0.785807 0.010000 0.010000
0 0.536133 0.789388 0.010000 0.010000
0 0.318359 0.794271 0.010000 0.010417
0 0.808838 0.790690 0.010000 0.010000
0 0.314453 0.794922 0.010000 0.010000
0 0.319336 0.794271 0.010000 0.010000
0 0.762939 0.798177 0.010000 0.010000
0 0.312988 0.797526 0.010000 0.010000
0 0.100000 0.797526 0.010000 0.010000
0 0.648438 0.800781 0.010000 0.010000
0 0.643555 0.812174 0.010000 0.010000
0 0.900000 0.809896 0.010000 0.010000
0 0.100000 0.821615 0.010000 0.010000
0 0.386475 0.823568 0.010000 0.010000
0 0.804443 0.824219 0.010000 0.010000
0 0.828125 0.836589 0.010000 0.029948
0 0.100000 0.830404 0.010000 0.013672
0 0.404541 0.823893 0.010000 0.010000
0 0.382324 0.825846 0.010000 0.010000
0 0.900000 0.830404 0.010000 0.010000
0 0.836914 0.833333 0.010000 0.010000
0 0.660400 0.835612 0.010000 0.010000
0 0.200684 0.837891 0.010000 0.010000
0 0.834961 0.839518 0.010000 0.010000
0 0.469971 0.842773 0.010000 0.010000
0 0.835205 0.841471 0.010000 0.010000
0 0.515625 0.842448 0.010000 0.010000
0 0.100000 0.845052 0.010000 0.010000
0 0.461914 0.843424 0.010000 0.010000
0 0.464355 0.852539 0.010000 0.010000
0 0.900000 0.851888 0.010000 0.010000
0 0.545654 0.861328 0.010000 0.015625
0 0.193359 0.858073 0.010000 0.010000
0 0.317627 0.857747 0.010000 0.010000
0 0.100000 0.858724 0.010000 0.010000
0 0.825195 0.861003 0.010000 0.010000
0 0.830566 0.861979 0.010000 0.010000
0 0.637207 0.866536 0.010000 0.010000
0 0.833252 0.866536 0.010000 0.010000
0 0.307617 0.870768 0.010000 0.010000
0 0.172363 0.869141 0.010000 0.010000
0 0.455811 0.874349 0.010000 0.010000
0 0.545654 0.875000 0.010000 0.010000
0 0.761230 0.879557 0.010000 0.010000
0 0.255859 0.884440 0.010000 0.010000
0 0.265381 0.884440 0.010000 0.010000
0 0.900000 0.893229 0.010000 0.010000
0 0.428711 0.900000 0.010000 0.010000
0 0.900000 0.900000 0.010000 0.010000
0 0.900000 0.900000 0.010000 0.013021
0 0.208496 0.900000 0.010000 0.010000
0 0.886963 0.900000 0.010000 0.010000
0 0.900000 0.900000 0.010000 0.010000
0 0.100000 0.900000 0.010000 0.010000
0 0.231689 0.900000 0.010000 0.010000
0 0.378174 0.900000 0.010000 0.010000
0 0.320801 0.900000 0.010000 0.010000
0 0.659180 0.900000 0.010000 0.010000
0 0.544434 0.900000 0.010000 0.010000
0 0.900000 0.900000 0.010000 0.010000
0 0.616211 0.900000 0.010000 0.010000
0 0.617920 0.900000 0.010000 0.010000
0 0.305908 0.900000 0.010000 0.010000
0 0.100000 0.900000 0.010000 0.010000
0 0.222656 0.900000 0.010000 0.010000
0 0.610352 0.900000 0.010000 0.010000
0 0.333984 0.900000 0.010000 0.010000
0 0.462646 0.900000 0.010000 0.010000
0 0.729980 0.900000 0.010000 0.010000
0 0.742432 0.900000 0.010000 0.010000
0 0.791016 0.900000 0.010000 0.010000
0 0.119629 0.900000 0.010000 0.010000
0 0.574951 0.900000 0.010000 0.010000
0 0.192139 0.900000 0.010000 0.010000
0 0.100000 0.900000 0.010000 0.010000
0 0.900000 0.900000 0.016602 0.020833
0 0.731201 0.900000 0.010000 0.010000
0 0.900000 0.900000 0.010000 0.010000
0 0.900000 0.900000 0.010000 0.010000
0 0.452148 0.900000 0.010000 0.010000
0 0.900000 0.900000 0.010000 0.010000
0 0.900000 0.900000 0.010000 0.010000
0 0.100000 0.900000 0.010000 0.010000
0 0.593506 0.900000 0.010000 0.010000
0 0.784180 0.900000 0.010000 0.010000
0 0.237793 0.900000 0.010000 0.010000
