1 0.500000 0.500000 0.500000 0.500000
0 0.292725 0.100000 0.010000 0.010000
0 0.357666 0.100000 0.010000 0.011068
0 0.460938 0.100000 0.010000 0.010000
0 0.791260 0.100000 0.010000 0.010000
0 0.165283 0.100000 0.010000 0.010000
0 0.333008 0.100000 0.010000 0.011719
0 0.334961 0.100000 0.010000 0.012370
0 0.338867 0.100000 0.010000 0.010000
0 0.771240 0.100000 0.010000 0.010000
0 0.900000 0.100000 0.010000 0.010000
0 0.186279 0.100000 0.010000 0.010000
0 0.252686 0.100000 0.010000 0.010000
0 0.401611 0.100000 0.010000 0.010000
0 0.558594 0.100000 0.010000 0.010000
0 0.900000 0.100000 0.010000 0.010000
0 0.100000 0.100000 0.010000 0.010000
0 0.354492 0.100000 0.010000 0.010000
0 0.900000 0.100000 0.010000 0.010000
0 0.100000 0.100000 0.010000 0.010000
0 0.621582 0.100000 0.010000 0.010000
0 0.179443 0.100000 0.010000 0.010000
0 0.219238 0.100000 0.010000 0.010000
0 0.516357 0.100000 0.010000 0.010000
0 0.299805 0.100000 0.010000 0.010000
0 0.415283 0.100000 0.010000 0.011068
0 0.666016 0.100000 0.010000 0.010000
0 0.900000 0.100000 0.010000 0.010000
0 0.533203 0.100260 0.010000 0.010000
0 0.575928 0.102539 0.010000 0.010000
0 0.687012 0.107422 0.010000 0.010000
0 0.100000 0.111654 0.010000 0.012370
0 0.100000 0.122721 0.010000 0.010000
0 0.379639 0.124349 0.010000 0.010000
0 0.328125 0.130208 0.010000 0.010000
0 0.844238 0.130534 0.010000 0.010000
0 0.900000 0.134766 0.010000 0.010000
0 0.388184 0.134766 0.010000 0.010000
0 0.900000 0.139323 0.010000 0.010000
0 0.784668 0.141602 0.010000 0.010000
0 0.783203 0.144206 0.010000 0.010000
0 0.435547 0.152018 0.010000 0.010000
0 0.133301 0.155599 0.010000 0.010000
0 0.718994 0.161458 0.010000 0.010000
0 0.817871 0.160482 0.010000 0.010000
0 0.106689 0.169271 0.010000 0.010000
0 0.775635 0.169271 0.010000 0.010000
0 0.401855 0.171224 0.010000 0.010000
0 0.484619 0.173828 0.010000 0.010000
0 0.448486 0.181966 0.010000 0.010000
0 0.900000 0.181315 0.010000 0.010000
0 0.100000 0.191732 0.010000 0.010000
0 0.842285 0.200846 0.010742 0.012370
0 0.100000 0.197917 0.010000 0.010000
0 0.368896 0.198242 0.010000 0.010000
0 0.719971 0.207682 0.010000 0.010000
0 0.628906 0.212240 0.010000 0.010000
0 0.208008 0.216797 0.010000 0.010000
0 0.344971 0.222331 0.010000 0.010000
0 0.437500 0.225586 0.010000 0.010000
0 0.358154 0.245768 0.010000 0.010000
0 0.738037 0.244792 0.010000 0.010000
0 0.562988 0.250651 0.010000 0.010000
0 0.805176 0.252930 0.010000 0.010000
0 0.609131 0.258138 0.010000 0.010000
0 0.844238 0.265625 0.010000 0.010000
0 0.565430 0.296549 0.010000 0.010000
0 0.568604 0.296875 0.010000 0.010000
0 0.737793 0.302409 0.010000 0.010000
0 0.738770 0.303060 0.010000 0.010000
0 0.736084 0.306641 0.010000 0.010000
0 0.411133 0.310547 0.010000 0.010000
0 0.735107 0.309896 0.010000 0.010000
0 0.738525 0.308594 0.010000 0.010000
0 0.898682 0.314779 0.010000 0.010000
0 0.100000 0.316732 0.010000 0.010000
0 0.894775 0.322917 0.010000 0.014323
0 0.618164 0.318034 0.010000 0.010000
0 0.892090 0.319661 0.010000 0.010000
0 0.762207 0.319661 0.010000 0.010000
0 0.789062 0.320964 0.010000 0.010000
0 0.796143 0.321615 0.010000 0.010000
0 0.743652 0.324870 0.010000 0.010000
0 0.795410 0.330078 0.014648 0.013021
0 0.813477 0.324870 0.010000 0.010000
0 0.891846 0.326497 0.010000 0.010000
0 0.900000 0.325195 0.010000 0.010000
0 0.802734 0.329102 0.010000 0.010000
0 0.814697 0.326823 0.010254 0.010000
0 0.684814 0.328451 0.010000 0.010000
0 0.900000 0.328776 0.010000 0.010000
0 0.814453 0.331380 0.014648 0.010000
0 0.757568 0.333659 0.010000 0.010000
0 0.818359 0.334635 0.010000 0.010000
0 0.182861 0.338542 0.010000 0.010000
0 0.811768 0.337240 0.010000 0.010000
0 0.570557 0.339193 0.010000 0.010000
0 0.358154 0.354818 0.014160 0.010000
0 0.299561 0.382812 0.010000 0.010000
0 0.805664 0.384440 0.010000 0.010000
0 0.288086 0.387695 0.010000 0.010000
0 0.568604 0.388021 0.010000 0.010000
0 0.900000 0.392904 0.011230 0.011068
0 0.900000 0.398438 0.010000 0.010000
0 0.899902 0.405924 0.011719 0.014974
0 0.900000 0.402995 0.010000 0.010000
0 0.308838 0.409505 0.010000 0.010000
0 0.790283 0.409831 0.010000 0.010000
0 0.900000 0.408529 0.010000 0.010000
0 0.277588 0.416016 0.010000 0.010000
0 0.641602 0.432943 0.010000 0.010000
0 0.826904 0.430664 0.010000 0.010000
0 0.821289 0.439128 0.010000 0.010000
0 0.246582 0.442383 0.010000 0.010000
0 0.290771 0.442708 0.010000 0.010000
0 0.418457 0.441406 0.010000 0.010000
0 0.900000 0.459961 0.010000 0.010000
0 0.423340 0.465169 0.010000 0.010000
0 0.900000 0.467448 0.010000 0.010000
0 0.100000 0.472656 0.010000 0.010000
0 0.244629 0.472331 0.010000 0.010000
0 0.780762 0.474609 0.010000 0.010000
0 0.837158 0.480143 0.010000 0.010000
0 0.900000 0.482747 0.010000 0.010000
0 0.100000 0.482422 0.010000 0.010000
0 0.126953 0.483724 0.010000 0.010000
0 0.100000 0.487630 0.010000 0.010000
0 0.406250 0.493164 0.010000 0.010000
0 0.290527 0.493164 0.010000 0.010000
0 0.362061 0.493815 0.010000 0.010000
0 0.745605 0.499674 0.010000 0.011068
0 0.262451 0.500326 0.010000 0.010000
0 0.472656 0.502279 0.010000 0.010000
0 0.749023 0.516602 0.010000 0.010000
0 0.838379 0.517904 0.010000 0.010000
0 0.822266 0.521159 0.010000 0.010000
0 0.372803 0.521484 0.010000 0.010000
0 0.878906 0.521484 0.010000 0.010000
0 0.824951 0.521484 0.010000 0.010000
0 0.546143 0.537760 0.010000 0.010000
0 0.797607 0.541016 0.010000 0.010000
0 0.100000 0.540039 0.010000 0.010000
0 0.794922 0.541992 0.010000 0.010000
0 0.176025 0.547852 0.010000 0.010000
0 0.794434 0.548177 0.010000 0.010000
0 0.747559 0.553060 0.010000 0.010000
0 0.142578 0.559896 0.010000 0.010000
0 0.510010 0.568685 0.010000 0.010000
0 0.384521 0.590495 0.010000 0.010000
0 0.557129 0.601562 0.010000 0.010000
0 0.250000 0.608724 0.010000 0.010000
0 0.819824 0.609701 0.010000 0.010000
0 0.343262 0.610352 0.010000 0.010000
0 0.238281 0.621094 0.010000 0.010000
0 0.900000 0.622396 0.010000 0.010000
0 0.591797 0.632812 0.010000 0.010000
0 0.581299 0.636719 0.010000 0.010000
0 0.589111 0.638672 0.010000 0.010000
0 0.252930 0.644531 0.010000 0.010000
0 0.335938 0.645182 0.010000 0.010000
0 0.469482 0.649089 0.010000 0.010000
0 0.496094 0.652995 0.010000 0.010000
0 0.342773 0.659180 0.010000 0.010000
0 0.468750 0.655924 0.010000 0.010000
0 0.117676 0.664062 0.010000 0.010000
0 0.336182 0.665039 0.010000 0.010000
0 0.484619 0.667969 0.010000 0.010000
0 0.100000 0.667318 0.010000 0.010000
0 0.402832 0.677409 0.010000 0.010000
0 0.534180 0.675781 0.010000 0.010000
0 0.786865 0.685547 0.010000 0.010000
0 0.314209 0.691406 0.010000 0.010000
0 0.439697 0.703451 0.010000 0.010000
0 0.100000 0.704102 0.010000 0.010000
0 0.100000 0.707357 0.010000 0.010000
0 0.430664 0.708659 0.010000 0.010000
0 0.100000 0.710612 0.010000 0.010000
0 0.100000 0.715169 0.010000 0.010000
0 0.345947 0.718099 0.010000 0.010000
0 0.349121 0.717122 0.010000 0.010000
0 0.350830 0.718099 0.010000 0.010000
0 0.100000 0.719076 0.010000 0.010000
0 0.345215 0.719727 0.010000 0.010000
0 0.100000 0.720703 0.010000 0.010000
0 0.585693 0.723307 0.010000 0.010000
0 0.900000 0.724609 0.010000 0.010000
0 0.118652 0.731445 0.010000 0.010000
0 0.362305 0.731120 0.010000 0.010000
0 0.293213 0.736328 0.010000 0.010000
0 0.209717 0.740560 0.010000 0.010000
0 0.218262 0.739258 0.010000 0.010000
0 0.532715 0.747396 0.010000 0.010000
0 0.289062 0.747721 0.010000 0.010000
0 0.583740 0.763997 0.022949 0.027995
0 0.575928 0.760417 0.010000 0.010000
0 0.492432 0.762695 0.010000 0.010000
0 0.573975 0.766927 0.010000 0.010417
0 0.853027 0.766276 0.010000 0.010000
0 0.573242 0.767578 0.010000 0.010000
0 0.594727 0.783203 0.015625 0.024740
0 0.100000 0.775065 0.010000 0.010000
0 0.869873 0.777669 0.010000 0.010000
0 0.577637 0.779948 0.010000 0.010000
0 0.580566 0.782227 0.010000 0.010000
0 0.579346 0.782227 0.010000 0.010000
0 0.100000 0.783203 0.010000 0.010000
0 0.588135 0.786133 0.010000 0.010000
0 0.100000 0.791992 0.010000 0.010000
0 0.100000 0.798828 0.010000 0.010000
0 0.100000 0.801107 0.010000 0.010000
0 0.100000 0.801432 0.010000 0.010000
0 0.900000 0.818034 0.010000 0.010000
0 0.454346 0.825195 0.010000 0.010000
0 0.900000 0.831380 0.010000 0.010000
0 0.709229 0.846029 0.010000 0.010000
0 0.900000 0.866862 0.010000 0.010000
0 0.525635 0.884115 0.010000 0.010000
0 0.851318 0.893880 0.010000 0.010000
0 0.369629 0.900000 0.010000 0.010000
0 0.131592 0.900000 0.010000 0.010000
0 0.418945 0.900000 0.010000 0.010000
0 0.900000 0.900000 0.010000 0.010000
0 0.737305 0.900000 0.010000 0.010000
0 0.656982 0.900000 0.010000 0.010000
0 0.671143 0.900000 0.010000 0.010000
0 0.771729 0.900000 0.010000 0.010000
0 0.900000 0.900000 0.010000 0.010000
