0 0.389331 0.864766 0.039922 0.038715
0 0.246139 0.805091 0.042446 0.036758
0 0.724876 0.127140 0.034259 0.031284
0 0.374911 0.694207 0.046523 0.043114
0 0.635116 0.212088 0.039192 0.036737
0 0.760591 0.546997 0.045786 0.039475
0 0.552707 0.590535 0.044733 0.042711
0 0.715516 0.375948 0.038871 0.037263
0 0.229405 0.895429 0.041108 0.038232
0 0.462866 0.605687 0.037626 0.035903
0 0.792212 0.699296 0.038233 0.034158
0 0.900000 0.751668 0.045485 0.040954
0 0.539480 0.685624 0.036665 0.035810
1 0.429933 0.289469 0.073574 0.072996
1 0.234874 0.167615 0.078239 0.067651
1 0.643894 0.793824 0.081894 0.076954
