1 0.500000 0.500000 0.500000 0.500000
0 0.900000 0.100000 0.010000 0.010000
0 0.544678 0.100000 0.010000 0.010000
0 0.332275 0.100000 0.010000 0.010000
0 0.149414 0.100000 0.010000 0.010000
0 0.795654 0.100000 0.010000 0.010000
0 0.667480 0.100000 0.010000 0.010000
0 0.900000 0.100000 0.010000 0.010000
0 0.765137 0.100000 0.010000 0.010000
0 0.900000 0.100000 0.010000 0.010000
0 0.237061 0.100000 0.010000 0.010000
0 0.476074 0.100000 0.010000 0.010000
0 0.527100 0.100000 0.010000 0.010000
0 0.559570 0.100000 0.010000 0.010000
0 0.527100 0.100000 0.010000 0.010000
0 0.511475 0.100000 0.010000 0.010000
0 0.202881 0.100000 0.010000 0.010000
0 0.511719 0.100000 0.010000 0.010000
0 0.532471 0.100000 0.010000 0.010000
0 0.526367 0.101237 0.010000 0.010000
0 0.525635 0.103516 0.010000 0.010000
0 0.658691 0.104492 0.010000 0.010000
0 0.780273 0.101888 0.010000 0.010000
0 0.507324 0.107096 0.010000 0.010000
0 0.509521 0.106771 0.010000 0.010000
0 0.711914 0.108073 0.010000 0.010000
0 0.515625 0.110352 0.010000 0.010000
0 0.521973 0.112956 0.010000 0.010000
0 0.627686 0.120443 0.010000 0.010000
0 0.373535 0.124349 0.010000 0.010000
0 0.194580 0.131836 0.010000 0.010000
0 0.602783 0.135091 0.010000 0.010000
0 0.689941 0.149414 0.010000 0.010000
0 0.517334 0.151042 0.010000 0.010000
0 0.249023 0.155599 0.010000 0.010000
0 0.100000 0.156576 0.010000 0.010000
0 0.428467 0.158529 0.010000 0.010000
0 0.762207 0.161784 0.010000 0.010000
0 0.900000 0.180664 0.010000 0.010000
0 0.900000 0.177734 0.010000 0.010000
0 0.843994 0.195312 0.010000 0.010000
0 0.500977 0.195638 0.010000 0.010000
0 0.612305 0.200521 0.010000 0.010000
0 0.700684 0.213867 0.010000 0.010000
0 0.623535 0.216797 0.010000 0.010000
0 0.264893 0.220378 0.010000 0.010000
0 0.898682 0.220378 0.010000 0.010000
0 0.594727 0.232747 0.010000 0.010000
0 0.181152 0.237956 0.010000 0.010000
0 0.750732 0.238932 0.010000 0.010000
0 0.601318 0.253581 0.010000 0.010000
0 0.261963 0.262370 0.010000 0.010000
0 0.835205 0.263346 0.010000 0.010000
0 0.809082 0.269206 0.010000 0.010000
0 0.462402 0.274740 0.010000 0.010000
0 0.118896 0.273763 0.010000 0.010000
0 0.900000 0.281250 0.010000 0.010000
0 0.100000 0.282878 0.010000 0.010000
0 0.365723 0.286133 0.010000 0.010000
0 0.887939 0.294596 0.010000 0.010000
0 0.676758 0.302734 0.010000 0.010000
0 0.415039 0.304036 0.010000 0.010000
0 0.805176 0.304362 0.010000 0.010000
0 0.714111 0.307292 0.010000 0.010000
0 0.623779 0.308268 0.010000 0.010000
0 0.827148 0.310221 0.010000 0.010000
0 0.492432 0.315430 0.010000 0.010000
0 0.100000 0.333008 0.010000 0.010000
0 0.100000 0.335938 0.010000 0.010000
0 0.351562 0.338542 0.010000 0.010000
0 0.583252 0.340169 0.010000 0.010000
0 0.683838 0.341146 0.010000 0.010000
0 0.883789 0.356120 0.010000 0.010000
0 0.382080 0.359701 0.010000 0.010000
0 0.538574 0.370443 0.010000 0.010000
0 0.276123 0.371094 0.010000 0.010000
0 0.900000 0.370768 0.010000 0.010000
0 0.315430 0.374674 0.010000 0.010000
0 0.411133 0.376628 0.010000 0.010000
0 0.827637 0.385091 0.010000 0.010000
0 0.100000 0.385091 0.010000 0.010000
0 0.392334 0.386393 0.010000 0.010000
0 0.321777 0.394857 0.010000 0.010000
0 0.354736 0.411133 0.010000 0.010000
0 0.317871 0.421875 0.010742 0.010000
0 0.288330 0.422852 0.010000 0.010000
0 0.226562 0.444336 0.013672 0.018880
0 0.834717 0.441732 0.010000 0.010000
0 0.161621 0.449544 0.010000 0.021484
0 0.242188 0.448893 0.010000 0.010000
0 0.125000 0.459961 0.061523 0.026693
0 0.321289 0.449219 0.010000 0.010000
0 0.201660 0.456706 0.010000 0.010000
0 0.576416 0.459310 0.010000 0.010000
0 0.486572 0.462565 0.010000 0.010000
0 0.850830 0.467122 0.010000 0.010000
0 0.478027 0.468424 0.010000 0.010000
0 0.102051 0.474284 0.010000 0.010000
0 0.103271 0.473307 0.010000 0.010000
0 0.122070 0.473307 0.010000 0.010000
0 0.366699 0.473307 0.010000 0.010000
0 0.775146 0.474609 0.010000 0.010000
0 0.109375 0.487305 0.019531 0.020182
0 0.619141 0.479167 0.010000 0.010000
0 0.900000 0.486328 0.010000 0.010000
0 0.900000 0.490560 0.010000 0.010000
0 0.832275 0.494792 0.010000 0.010000
0 0.630859 0.506836 0.010000 0.010000
0 0.624268 0.512370 0.010000 0.013021
0 0.528320 0.510742 0.010000 0.010000
0 0.535156 0.513346 0.012695 0.010000
0 0.679199 0.514323 0.010000 0.010000
0 0.684326 0.528320 0.010000 0.010000
0 0.682617 0.530599 0.010000 0.010000
0 0.100000 0.537760 0.010000 0.010000
0 0.893066 0.550130 0.010000 0.010000
0 0.900000 0.547526 0.010000 0.010000
0 0.439697 0.559570 0.010000 0.010000
0 0.437256 0.562174 0.010000 0.010000
0 0.127441 0.566406 0.010000 0.010000
0 0.100000 0.587891 0.010000 0.010000
0 0.605469 0.589844 0.010000 0.010000
0 0.668945 0.597331 0.010000 0.010000
0 0.866699 0.598958 0.010000 0.010000
0 0.276855 0.603841 0.010000 0.010000
0 0.133057 0.602539 0.010000 0.010000
0 0.816406 0.611328 0.010000 0.010000
0 0.456543 0.614583 0.010000 0.010000
0 0.345215 0.634115 0.010000 0.010000
0 0.873535 0.641927 0.010000 0.010000
0 0.230469 0.659831 0.010000 0.010000
0 0.798340 0.658203 0.010000 0.010000
0 0.226562 0.660807 0.010000 0.010000
0 0.218994 0.664062 0.010000 0.010000
0 0.887695 0.673177 0.010000 0.010000
0 0.187500 0.677409 0.010000 0.010000
0 0.642822 0.679688 0.010000 0.010000
0 0.602783 0.690430 0.010000 0.010000
0 0.104248 0.689128 0.010000 0.010000
0 0.517334 0.698568 0.010000 0.010000
0 0.100000 0.699870 0.010000 0.010000
0 0.100000 0.704102 0.010000 0.010000
0 0.135254 0.701823 0.010000 0.010000
0 0.804199 0.716471 0.010000 0.010000
0 0.505615 0.719401 0.010000 0.010000
0 0.708984 0.734701 0.010000 0.010000
0 0.100000 0.744141 0.010000 0.010417
0 0.375000 0.743490 0.010000 0.010000
0 0.394043 0.748047 0.010000 0.010000
0 0.421631 0.749023 0.010000 0.010000
0 0.900000 0.753581 0.010000 0.012370
0 0.900000 0.754232 0.010000 0.010000
0 0.900000 0.757812 0.010000 0.013021
0 0.900000 0.753255 0.010000 0.010000
0 0.565430 0.755859 0.010000 0.010000
0 0.900000 0.755534 0.010000 0.010000
0 0.763672 0.761393 0.010000 0.010000
0 0.900000 0.763021 0.010000 0.010000
0 0.829834 0.763997 0.010000 0.010000
0 0.900000 0.767578 0.010000 0.010000
0 0.740723 0.779622 0.010000 0.010000
0 0.675537 0.783529 0.010000 0.010000
0 0.867188 0.785482 0.010000 0.010000
0 0.900000 0.783854 0.010000 0.010000
0 0.714844 0.796549 0.010000 0.010000
0 0.900000 0.806315 0.010000 0.010000
0 0.900000 0.819987 0.010000 0.010000
0 0.900000 0.823568 0.010000 0.010000
0 0.835693 0.828776 0.010000 0.010000
0 0.404053 0.830078 0.010000 0.010000
0 0.606445 0.840169 0.021484 0.010000
0 0.900000 0.839193 0.010000 0.010000
0 0.900000 0.840495 0.010000 0.010000
0 0.897217 0.842773 0.010000 0.010000
0 0.900000 0.843424 0.010000 0.010000
0 0.100000 0.845378 0.010000 0.010000
0 0.897705 0.848633 0.010000 0.010000
0 0.900000 0.852865 0.010000 0.010000
0 0.100000 0.853516 0.010000 0.010000
0 0.681152 0.853841 0.010000 0.010000
0 0.900000 0.855469 0.010000 0.010000
0 0.521973 0.859375 0.010000 0.010000
0 0.900000 0.865560 0.010000 0.010000
0 0.406494 0.865560 0.010000 0.010000
0 0.100000 0.884766 0.010000 0.010000
0 0.339600 0.884115 0.010000 0.010000
0 0.397217 0.884440 0.010000 0.010000
0 0.753174 0.884440 0.010000 0.010000
0 0.100000 0.889974 0.010000 0.010000
0 0.756592 0.896484 0.010000 0.010000
0 0.105225 0.900000 0.010000 0.010000
0 0.100000 0.900000 0.010000 0.010000
0 0.319824 0.900000 0.010000 0.010000
0 0.401611 0.900000 0.010000 0.010000
0 0.100000 0.900000 0.010000 0.010000
0 0.300049 0.900000 0.010000 0.010000
0 0.421387 0.900000 0.010000 0.010000
0 0.416748 0.900000 0.010000 0.010000
0 0.790771 0.900000 0.010000 0.010000
0 0.491943 0.900000 0.010000 0.010000
0 0.233887 0.900000 0.010000 0.010000
0 0.715576 0.900000 0.010000 0.010000
0 0.321045 0.900000 0.010000 0.010000
0 0.175781 0.900000 0.010000 0.010000
0 0.775146 0.900000 0.010000 0.010000
0 0.587646 0.900000 0.010000 0.017578
0 0.548096 0.900000 0.010000 0.010000
0 0.590820 0.900000 0.010000 0.011068
0 0.591309 0.900000 0.010000 0.010000
0 0.584229 0.900000 0.010000 0.010000
0 0.777832 0.900000 0.010000 0.010000
0 0.100000 0.900000 0.010000 0.010000
0 0.581543 0.900000 0.010000 0.010000
0 0.900000 0.900000 0.010000 0.010000
0 0.178467 0.900000 0.010000 0.010000
0 0.703369 0.900000 0.010000 0.010000
0 0.785156 0.900000 0.010000 0.010000
0 0.900000 0.900000 0.010000 0.010000
0 0.278564 0.900000 0.010000 0.010000
0 0.900000 0.900000 0.010000 0.012370
0 0.787109 0.900000 0.010000 0.010000
0 0.900000 0.900000 0.010000 0.010000
0 0.860107 0.900000 0.010000 0.010000
0 0.900000 0.900000 0.010000 0.010000
0 0.100000 0.900000 0.010000 0.010000
