1 0.500000 0.500000 0.500000 0.500000
0 0.234131 0.100000 0.010000 0.010000
0 0.237305 0.100000 0.010000 0.010000
0 0.238770 0.100000 0.010000 0.010000
0 0.285400 0.100000 0.010000 0.010000
0 0.100000 0.100000 0.010000 0.010000
0 0.285400 0.100000 0.010000 0.010000
0 0.711670 0.100000 0.010000 0.010000
0 0.408203 0.100000 0.010000 0.010000
0 0.418945 0.100000 0.010000 0.010000
0 0.576660 0.100000 0.010000 0.010000
0 0.419434 0.100000 0.010000 0.010000
0 0.534180 0.100000 0.010000 0.010000
0 0.119873 0.100000 0.010000 0.010000
0 0.202148 0.100000 0.010000 0.010000
0 0.118652 0.100000 0.010000 0.010000
0 0.148682 0.100000 0.010000 0.010000
0 0.124756 0.100000 0.010000 0.010000
0 0.470215 0.100000 0.010000 0.010000
0 0.167969 0.100000 0.010000 0.010000
0 0.429443 0.100000 0.010000 0.010000
0 0.413086 0.100000 0.010000 0.010000
0 0.669922 0.100000 0.010000 0.010000
0 0.100000 0.100000 0.010000 0.010000
0 0.383789 0.100000 0.010000 0.010000
0 0.900000 0.100000 0.010000 0.010000
0 0.900000 0.100000 0.010000 0.010000
0 0.413330 0.101562 0.010000 0.010000
0 0.900000 0.109701 0.010000 0.010000
0 0.100000 0.117513 0.010000 0.012370
0 0.597168 0.112305 0.010000 0.010000
0 0.900000 0.119792 0.010000 0.010000
0 0.607178 0.122070 0.010000 0.010000
0 0.676025 0.127604 0.010000 0.010000
0 0.296875 0.143555 0.010000 0.010000
0 0.283691 0.146810 0.010000 0.010000
0 0.843506 0.159505 0.010000 0.010000
0 0.807861 0.163086 0.010000 0.010000
0 0.153564 0.166667 0.010000 0.010000
0 0.100000 0.172201 0.010000 0.010000
0 0.640137 0.172526 0.010000 0.010000
0 0.393066 0.178711 0.010000 0.010000
0 0.446777 0.179036 0.010000 0.010000
0 0.525635 0.182617 0.010000 0.010000
0 0.391846 0.186198 0.010000 0.010000
0 0.389648 0.186849 0.010000 0.010000
0 0.532227 0.212240 0.010000 0.010000
0 0.444580 0.216797 0.010000 0.010417
0 0.545410 0.212240 0.010000 0.010000
0 0.532471 0.215169 0.010000 0.010000
0 0.900000 0.213542 0.010000 0.010000
0 0.446045 0.215169 0.010000 0.010000
0 0.395264 0.219076 0.010000 0.010000
0 0.388428 0.223633 0.010000 0.010000
0 0.393799 0.220703 0.010000 0.010000
0 0.390137 0.224284 0.010000 0.010000
0 0.217285 0.225911 0.010000 0.010000
0 0.629395 0.232096 0.010000 0.010000
0 0.541504 0.230794 0.010000 0.010000
0 0.636475 0.232096 0.010000 0.010000
0 0.304443 0.236003 0.010000 0.010000
0 0.449219 0.238607 0.010000 0.010000
0 0.881836 0.238607 0.010000 0.010000
0 0.449219 0.242188 0.010000 0.010000
0 0.564453 0.241862 0.010000 0.010000
0 0.668701 0.244792 0.010000 0.010000
0 0.762695 0.243815 0.010000 0.010000
0 0.766113 0.246745 0.010000 0.010000
0 0.502686 0.250651 0.010000 0.010000
0 0.199951 0.255208 0.010000 0.010000
0 0.677734 0.254232 0.010000 0.010000
0 0.416260 0.257487 0.010000 0.010000
0 0.900000 0.267253 0.010000 0.010000
0 0.724365 0.275065 0.010000 0.010000
0 0.721680 0.277344 0.010000 0.010000
0 0.727295 0.275391 0.010000 0.010000
0 0.349121 0.281576 0.010000 0.010000
0 0.698486 0.294271 0.010000 0.010000
0 0.614502 0.301432 0.010000 0.010000
0 0.622803 0.301432 0.010000 0.010000
0 0.625488 0.302734 0.010000 0.010000
0 0.641602 0.303060 0.010000 0.010000
0 0.436279 0.304036 0.010000 0.010000
0 0.289307 0.316732 0.010000 0.010000
0 0.580811 0.330404 0.010000 0.010000
0 0.526611 0.330404 0.010000 0.010000
0 0.488037 0.334961 0.010000 0.010000
0 0.229980 0.348307 0.010000 0.010000
0 0.230957 0.349935 0.010000 0.010000
0 0.518799 0.349609 0.010000 0.010000
0 0.880371 0.349609 0.010000 0.010000
0 0.100000 0.352865 0.010000 0.010000
0 0.227295 0.359701 0.010000 0.010000
0 0.237549 0.360352 0.010000 0.010000
0 0.115479 0.363932 0.010000 0.010000
0 0.123779 0.368815 0.010000 0.010000
0 0.593750 0.370443 0.010000 0.010000
0 0.100000 0.372721 0.010000 0.010000
0 0.900000 0.376302 0.010000 0.010000
0 0.803223 0.388021 0.010000 0.010000
0 0.100000 0.394206 0.010000 0.010000
0 0.900000 0.399089 0.010000 0.010000
0 0.841309 0.406250 0.010000 0.010000
0 0.900000 0.407552 0.010000 0.010000
0 0.687744 0.422852 0.010000 0.010000
0 0.100000 0.428385 0.010000 0.010000
0 0.900000 0.429362 0.010000 0.010000
0 0.900000 0.433919 0.010000 0.010000
0 0.798584 0.437174 0.010000 0.010000
0 0.304443 0.446940 0.010000 0.010000
0 0.509521 0.446615 0.010000 0.010000
0 0.100000 0.450521 0.010000 0.010000
0 0.100000 0.457031 0.010000 0.010000
0 0.481934 0.466471 0.010000 0.010000
0 0.900000 0.473307 0.010000 0.010000
0 0.100000 0.488281 0.010000 0.010000
0 0.351807 0.489583 0.010000 0.010000
0 0.100000 0.491211 0.010000 0.010000
0 0.475586 0.494466 0.010000 0.010000
0 0.819092 0.496094 0.010000 0.010000
0 0.402100 0.496745 0.010000 0.010000
0 0.892090 0.502279 0.010000 0.010000
0 0.855225 0.503906 0.010000 0.010000
0 0.657471 0.505859 0.010000 0.010000
0 0.848877 0.512370 0.010000 0.010000
0 0.137695 0.530599 0.010000 0.010000
0 0.113281 0.537760 0.010000 0.010000
0 0.161621 0.541341 0.010000 0.010000
0 0.628906 0.540365 0.010000 0.010000
0 0.100000 0.542318 0.010000 0.010000
0 0.100000 0.549479 0.010000 0.010000
0 0.186035 0.552734 0.010000 0.010000
0 0.597412 0.553711 0.010000 0.010000
0 0.875000 0.554036 0.010000 0.010000
0 0.100000 0.560221 0.010000 0.010000
0 0.369141 0.566732 0.010000 0.010000
0 0.675781 0.592773 0.010000 0.010000
0 0.457764 0.595378 0.010000 0.010000
0 0.780273 0.599609 0.010000 0.010000
0 0.730713 0.601562 0.010000 0.010000
0 0.291504 0.611328 0.010000 0.010000
0 0.879150 0.613607 0.010000 0.010000
0 0.405273 0.614258 0.010000 0.010000
0 0.629639 0.619466 0.010000 0.010000
0 0.767822 0.623372 0.010000 0.010000
0 0.416016 0.630208 0.010000 0.010000
0 0.856445 0.637370 0.010000 0.010000
0 0.775879 0.649414 0.010000 0.010000
0 0.215332 0.649089 0.010000 0.010000
0 0.650879 0.652344 0.010000 0.010000
0 0.339844 0.657227 0.010000 0.010000
0 0.257324 0.666992 0.010000 0.010000
0 0.100000 0.678711 0.010000 0.010000
0 0.374023 0.685872 0.010000 0.010000
0 0.900000 0.700521 0.010000 0.010000
0 0.715332 0.702148 0.010000 0.010000
0 0.881592 0.700846 0.010000 0.010000
0 0.677734 0.738607 0.010000 0.010000
0 0.160156 0.738281 0.010000 0.010000
0 0.196777 0.738607 0.010000 0.010000
0 0.651367 0.743815 0.010000 0.010000
0 0.887451 0.745443 0.010000 0.010000
0 0.199463 0.762695 0.010000 0.010000
0 0.631592 0.760091 0.010000 0.010000
0 0.158203 0.765625 0.010000 0.010417
0 0.158691 0.765951 0.010000 0.010000
0 0.100000 0.773763 0.010000 0.010000
0 0.144287 0.775065 0.010000 0.010000
0 0.148926 0.776693 0.010000 0.010000
0 0.900000 0.777344 0.010000 0.010000
0 0.151123 0.778320 0.010000 0.010000
0 0.900000 0.781576 0.010000 0.010000
0 0.153320 0.784831 0.010000 0.010000
0 0.851318 0.785807 0.010000 0.010000
0 0.100000 0.787109 0.010000 0.010000
0 0.291504 0.789388 0.010000 0.010000
0 0.437988 0.792318 0.010000 0.010000
0 0.372803 0.795247 0.010000 0.010000
0 0.662354 0.803711 0.010000 0.010000
0 0.512207 0.811523 0.010000 0.010000
0 0.326904 0.815430 0.010000 0.010000
0 0.900000 0.821289 0.010000 0.010000
0 0.211670 0.833659 0.010000 0.010000
0 0.208008 0.839518 0.010000 0.010000
0 0.100000 0.845378 0.010000 0.010000
0 0.202148 0.851237 0.010000 0.010000
0 0.429932 0.850260 0.010000 0.010000
0 0.100000 0.849935 0.010000 0.010000
0 0.499756 0.854818 0.010000 0.010000
0 0.201660 0.855794 0.010000 0.010000
0 0.900000 0.868164 0.010000 0.010000
0 0.100000 0.872070 0.010000 0.010000
0 0.496826 0.882161 0.010000 0.010000
0 0.100000 0.893229 0.010000 0.010000
0 0.100000 0.895833 0.010000 0.010000
0 0.100000 0.897786 0.010000 0.010000
0 0.100000 0.897786 0.010000 0.010000
0 0.479736 0.900000 0.010000 0.010000
0 0.590332 0.900000 0.010000 0.010000
0 0.221436 0.900000 0.010000 0.010000
0 0.236328 0.900000 0.010000 0.010000
0 0.174805 0.900000 0.010000 0.010000
0 0.233643 0.900000 0.010000 0.010000
0 0.441162 0.900000 0.010000 0.010000
0 0.100000 0.900000 0.010000 0.010000
0 0.219482 0.900000 0.010000 0.010000
0 0.100000 0.900000 0.010000 0.010000
0 0.229248 0.900000 0.010000 0.010000
0 0.117676 0.900000 0.010000 0.011719
0 0.122070 0.900000 0.010000 0.010000
0 0.100000 0.900000 0.010000 0.010000
0 0.418701 0.900000 0.010000 0.010000
0 0.156982 0.900000 0.010000 0.010000
0 0.562500 0.900000 0.010000 0.010417
0 0.103760 0.900000 0.010000 0.010000
0 0.888672 0.900000 0.010000 0.010000
0 0.186768 0.900000 0.010000 0.010000
0 0.339111 0.900000 0.010000 0.010000
0 0.184570 0.900000 0.010000 0.010000
0 0.466797 0.900000 0.010000 0.010000
