1 0.500000 0.500000 0.500000 0.500000
0 0.127930 0.100000 0.013672 0.010000
0 0.331543 0.100000 0.010000 0.010000
0 0.678467 0.100000 0.010000 0.011068
0 0.702393 0.100000 0.022949 0.010000
0 0.900000 0.100000 0.010000 0.010000
0 0.900000 0.100000 0.010000 0.010000
0 0.445801 0.100000 0.010000 0.010000
0 0.135742 0.100000 0.010000 0.010000
0 0.895752 0.100000 0.010000 0.010000
0 0.836182 0.100000 0.010000 0.010000
0 0.898193 0.100000 0.010000 0.010000
0 0.288330 0.100000 0.010000 0.010000
0 0.481689 0.100000 0.010000 0.010000
0 0.100000 0.100000 0.010000 0.010000
0 0.802979 0.100000 0.010000 0.010000
0 0.331299 0.100000 0.010000 0.010000
0 0.900000 0.100000 0.010000 0.010000
0 0.203369 0.100000 0.010000 0.010000
0 0.309082 0.100000 0.010000 0.010000
0 0.713867 0.100000 0.010000 0.010000
0 0.225342 0.100000 0.010000 0.010000
0 0.509521 0.100000 0.010000 0.010000
0 0.679199 0.100000 0.010000 0.010000
0 0.785400 0.100000 0.010000 0.013672
0 0.806152 0.100000 0.010000 0.010000
0 0.100000 0.100000 0.012695 0.019531
0 0.373779 0.100000 0.010000 0.010000
0 0.394043 0.100000 0.010000 0.010000
0 0.390869 0.100000 0.010000 0.010000
0 0.128662 0.100000 0.010000 0.010000
0 0.900000 0.100000 0.010000 0.010000
0 0.391846 0.100000 0.010000 0.010000
0 0.357178 0.100000 0.010000 0.010000
0 0.394531 0.100000 0.010000 0.010000
0 0.447266 0.100000 0.010000 0.010000
0 0.687988 0.100000 0.010000 0.010000
0 0.900000 0.100000 0.010000 0.010000
0 0.100000 0.100000 0.010000 0.010000
0 0.356934 0.100000 0.010000 0.010000
0 0.885986 0.100000 0.010000 0.010000
0 0.239258 0.100000 0.010000 0.010000
0 0.356201 0.100000 0.010000 0.010000
0 0.442383 0.100000 0.010000 0.010000
0 0.474365 0.100000 0.010000 0.010000
0 0.440186 0.100000 0.010000 0.010000
0 0.356445 0.100000 0.010000 0.010000
0 0.498535 0.100260 0.010000 0.010000
0 0.356445 0.100260 0.010000 0.010000
0 0.582764 0.101888 0.010000 0.010000
0 0.288574 0.103841 0.010000 0.010000
0 0.545166 0.115885 0.010000 0.010000
0 0.480469 0.120117 0.010000 0.010000
0 0.173340 0.124349 0.010000 0.010000
0 0.208984 0.128906 0.010000 0.010000
0 0.208984 0.127930 0.010000 0.010000
0 0.362305 0.128581 0.010000 0.010000
0 0.103516 0.128255 0.010000 0.010000
0 0.306396 0.132161 0.010000 0.010000
0 0.552002 0.135742 0.010000 0.012370
0 0.176758 0.130859 0.010000 0.010000
0 0.183105 0.133464 0.010000 0.010000
0 0.100000 0.138672 0.010000 0.010000
0 0.190674 0.140951 0.010000 0.010000
0 0.165039 0.143880 0.010000 0.010000
0 0.368652 0.141927 0.010000 0.010000
0 0.639648 0.144857 0.010000 0.010000
0 0.303711 0.146484 0.010000 0.010000
0 0.884521 0.150391 0.010000 0.011719
0 0.496338 0.152995 0.010000 0.010000
0 0.220459 0.161784 0.010000 0.010000
0 0.100000 0.163411 0.010000 0.010000
0 0.112549 0.162109 0.010000 0.010000
0 0.100000 0.161133 0.010000 0.010000
0 0.222900 0.164388 0.010000 0.010000
0 0.576904 0.173828 0.010000 0.010000
0 0.438721 0.182617 0.010000 0.010000
0 0.853027 0.182617 0.010000 0.010000
0 0.447754 0.184896 0.010000 0.010000
0 0.568115 0.187500 0.010000 0.010000
0 0.100000 0.189128 0.010000 0.010000
0 0.400879 0.196289 0.010000 0.012370
0 0.407227 0.197591 0.010742 0.014974
0 0.475830 0.194661 0.010000 0.010000
0 0.399658 0.197591 0.010000 0.010000
0 0.412354 0.200521 0.010000 0.010417
0 0.272705 0.198242 0.010000 0.010000
0 0.799805 0.205078 0.010000 0.010417
0 0.100000 0.220703 0.028320 0.035156
0 0.100000 0.212240 0.010742 0.014323
0 0.732666 0.208659 0.010000 0.010000
0 0.133545 0.208008 0.010000 0.010000
0 0.376465 0.207682 0.010000 0.010000
0 0.751221 0.211263 0.010000 0.010000
0 0.758301 0.210938 0.010000 0.010000
0 0.775391 0.214844 0.010000 0.010000
0 0.255127 0.218099 0.010000 0.010000
0 0.255127 0.221680 0.010000 0.010000
0 0.763428 0.222005 0.010000 0.010000
0 0.834473 0.222656 0.010000 0.010000
0 0.440918 0.233073 0.010000 0.010000
0 0.441650 0.234049 0.010000 0.010000
0 0.729492 0.235352 0.010000 0.010000
0 0.253662 0.236003 0.010000 0.010000
0 0.252686 0.238281 0.010000 0.010000
0 0.100000 0.242839 0.010000 0.010000
0 0.100000 0.242513 0.010000 0.010000
0 0.572266 0.263672 0.011719 0.015625
0 0.527588 0.265299 0.010000 0.010000
0 0.177002 0.267904 0.010000 0.010000
0 0.532959 0.269531 0.010000 0.010000
0 0.531494 0.269531 0.010000 0.010000
0 0.900000 0.269206 0.010000 0.010000
0 0.900000 0.270833 0.010000 0.010000
0 0.406982 0.272461 0.010000 0.010000
0 0.533203 0.272786 0.010000 0.010000
0 0.182373 0.273112 0.010000 0.010000
0 0.100000 0.277995 0.010000 0.010000
0 0.900000 0.277344 0.010000 0.010000
0 0.686279 0.286784 0.010000 0.010000
0 0.100000 0.293294 0.013672 0.018880
0 0.555176 0.285156 0.010000 0.010000
0 0.327881 0.287760 0.010000 0.010000
0 0.686035 0.287760 0.010000 0.010000
0 0.100000 0.291341 0.010000 0.010000
0 0.400146 0.293620 0.010000 0.010000
0 0.398438 0.292318 0.010000 0.010000
0 0.404297 0.293620 0.010000 0.010000
0 0.661865 0.291992 0.010000 0.010000
0 0.398682 0.293945 0.010000 0.010000
0 0.100000 0.293945 0.010000 0.010000
0 0.100000 0.298828 0.010000 0.010000
0 0.100000 0.300130 0.010000 0.010000
0 0.364502 0.300456 0.010000 0.010000
0 0.509277 0.314453 0.010000 0.010000
0 0.222412 0.333333 0.010000 0.010000
0 0.157227 0.337565 0.010000 0.010000
0 0.514893 0.341471 0.010000 0.010000
0 0.798340 0.344727 0.010000 0.010000
0 0.110352 0.343099 0.010000 0.010000
0 0.410889 0.352865 0.010000 0.010000
0 0.483398 0.353190 0.010000 0.010000
0 0.468262 0.358398 0.010000 0.010000
0 0.388184 0.359375 0.010000 0.010000
0 0.776123 0.361328 0.010000 0.010000
0 0.392090 0.364583 0.010000 0.010000
0 0.900000 0.371094 0.010000 0.010000
0 0.900000 0.373372 0.010000 0.010000
0 0.316406 0.382812 0.010000 0.019531
0 0.100000 0.375326 0.010000 0.010000
0 0.604492 0.376953 0.010000 0.010000
0 0.319580 0.384115 0.010000 0.010000
0 0.752930 0.383789 0.010000 0.010000
0 0.115967 0.395182 0.010000 0.010000
0 0.284180 0.398763 0.010000 0.010000
0 0.121826 0.407552 0.011230 0.023438
0 0.835938 0.396810 0.010000 0.010000
0 0.696533 0.413411 0.019043 0.014323
0 0.129639 0.410482 0.010000 0.010000
0 0.129395 0.416992 0.010000 0.010000
0 0.188232 0.418294 0.010000 0.010000
0 0.564941 0.422526 0.010000 0.010000
0 0.604980 0.421875 0.010000 0.010000
0 0.852539 0.423177 0.010000 0.010000
0 0.798340 0.427083 0.010000 0.010000
0 0.708740 0.425130 0.010000 0.010000
0 0.896973 0.430339 0.010000 0.010000
0 0.704590 0.431966 0.010000 0.010000
0 0.170166 0.434570 0.010000 0.010000
0 0.511963 0.433594 0.010000 0.010000
0 0.160400 0.435547 0.010000 0.010000
0 0.554932 0.436849 0.010000 0.010000
0 0.632568 0.438151 0.010000 0.010000
0 0.633545 0.441406 0.010000 0.010000
0 0.627441 0.441406 0.010000 0.010000
0 0.100000 0.439453 0.010000 0.010000
0 0.721191 0.444661 0.010000 0.010000
0 0.656006 0.448568 0.010000 0.010000
0 0.594971 0.452474 0.010000 0.010000
0 0.625488 0.451823 0.010000 0.010000
0 0.634033 0.453451 0.010000 0.010000
0 0.833252 0.452799 0.010000 0.010000
0 0.624756 0.454427 0.010000 0.010000
0 0.755127 0.459635 0.010000 0.010000
0 0.721924 0.463216 0.010000 0.010000
0 0.724365 0.469401 0.010000 0.013021
0 0.843018 0.463542 0.010000 0.010000
0 0.572510 0.472331 0.010000 0.010000
0 0.900000 0.471354 0.010000 0.010000
0 0.407227 0.486654 0.010000 0.010000
0 0.778320 0.493815 0.010000 0.010000
0 0.100000 0.496745 0.010000 0.010000
0 0.412109 0.496419 0.010000 0.010000
0 0.407715 0.507487 0.022461 0.018880
0 0.716797 0.500651 0.010000 0.010000
0 0.766357 0.505208 0.010254 0.013021
0 0.754150 0.508464 0.010000 0.010000
0 0.413574 0.512370 0.010000 0.011719
0 0.809570 0.507161 0.010000 0.010000
0 0.415283 0.514323 0.010000 0.010417
0 0.900000 0.514974 0.010000 0.010000
0 0.166992 0.517578 0.010000 0.010000
0 0.418945 0.516602 0.010000 0.010000
0 0.551514 0.527995 0.010254 0.010417
0 0.229004 0.532227 0.010000 0.010000
0 0.224854 0.532227 0.010000 0.010000
0 0.841797 0.541016 0.010000 0.010417
0 0.362793 0.539062 0.010000 0.010000
0 0.100000 0.544596 0.010000 0.010000
0 0.100000 0.545573 0.010000 0.010000
0 0.900000 0.557292 0.010742 0.019531
0 0.291016 0.553385 0.010000 0.010000
0 0.890869 0.558919 0.010000 0.010000
0 0.703369 0.561198 0.010000 0.010000
0 0.100000 0.593750 0.027344 0.057292
0 0.803467 0.567708 0.010000 0.010000
0 0.197266 0.573893 0.010000 0.010000
0 0.251221 0.574870 0.010000 0.010000
0 0.474609 0.581706 0.010000 0.010000
0 0.100000 0.582682 0.010000 0.010000
0 0.536377 0.585612 0.010000 0.010000
0 0.133057 0.588542 0.010000 0.010000
0 0.561035 0.589193 0.010000 0.010000
0 0.143799 0.600911 0.010000 0.013021
0 0.100000 0.597656 0.010000 0.010000
0 0.672119 0.601237 0.010000 0.010000
0 0.100000 0.610677 0.010000 0.010000
0 0.750732 0.609375 0.010000 0.010000
0 0.900000 0.610026 0.010000 0.010000
0 0.900000 0.613932 0.010000 0.010000
0 0.541504 0.615234 0.010000 0.010000
0 0.100000 0.618815 0.010000 0.010000
0 0.822754 0.617188 0.010000 0.010000
0 0.762451 0.618815 0.010000 0.010000
0 0.868652 0.624023 0.010000 0.010000
0 0.869629 0.625326 0.010000 0.010000
0 0.725098 0.627930 0.010000 0.010000
0 0.869873 0.627279 0.010000 0.010000
0 0.243164 0.640951 0.010000 0.010000
0 0.205566 0.667643 0.049805 0.038411
0 0.713623 0.652018 0.010000 0.010000
0 0.379639 0.655273 0.010000 0.010000
0 0.100000 0.658203 0.010000 0.010000
0 0.100000 0.661784 0.010000 0.010000
0 0.100000 0.664388 0.010000 0.010000
0 0.899414 0.665690 0.010000 0.010000
0 0.384277 0.676758 0.010742 0.018880
0 0.100000 0.675456 0.010000 0.010000
0 0.816406 0.679688 0.010000 0.010000
0 0.100000 0.685547 0.010000 0.010000
0 0.100000 0.685872 0.010000 0.010000
0 0.100000 0.684245 0.010000 0.010000
0 0.483398 0.690104 0.010000 0.010000
0 0.217529 0.690755 0.010000 0.010000
0 0.220947 0.697591 0.010254 0.014974
0 0.375488 0.693685 0.010000 0.010000
0 0.100000 0.692708 0.010000 0.010000
0 0.378662 0.694336 0.010000 0.010000
0 0.402832 0.698893 0.011719 0.014974
0 0.100000 0.695638 0.010000 0.010000
0 0.100000 0.697917 0.010000 0.010000
0 0.379883 0.697917 0.010000 0.010000
0 0.100000 0.699870 0.010000 0.010000
0 0.100000 0.703125 0.010000 0.010000
0 0.100000 0.701823 0.010000 0.010000
0 0.900000 0.701823 0.010000 0.010000
0 0.407227 0.706055 0.010000 0.010000
0 0.421143 0.723958 0.031738 0.039062
0 0.425537 0.709961 0.010000 0.010000
0 0.427734 0.710286 0.010000 0.010000
0 0.425537 0.714844 0.010000 0.010000
0 0.900000 0.714844 0.010000 0.010000
0 0.900000 0.722656 0.010000 0.010000
0 0.758057 0.754232 0.043457 0.065755
0 0.900000 0.724609 0.010000 0.010000
0 0.651855 0.727865 0.010000 0.010000
0 0.253662 0.731120 0.010000 0.010000
0 0.253906 0.729492 0.010000 0.010000
0 0.660645 0.729167 0.010000 0.010000
0 0.253418 0.734049 0.010000 0.010000
0 0.643799 0.743490 0.021973 0.024740
0 0.655029 0.731771 0.010000 0.010000
0 0.429443 0.734375 0.010000 0.010000
0 0.440186 0.737630 0.010000 0.010000
0 0.441895 0.738607 0.010000 0.010000
0 0.119141 0.739258 0.010000 0.010000
0 0.275146 0.760417 0.035645 0.042969
0 0.315674 0.741211 0.010000 0.010000
0 0.441895 0.744141 0.010000 0.011719
0 0.256104 0.747721 0.010000 0.010000
0 0.862793 0.752279 0.010000 0.011068
0 0.900000 0.750000 0.010000 0.010000
0 0.674805 0.750326 0.010000 0.010000
0 0.739746 0.749674 0.010000 0.010000
0 0.900000 0.750000 0.010000 0.010000
0 0.218750 0.754232 0.010000 0.010000
0 0.884033 0.764974 0.010000 0.010000
0 0.740479 0.765951 0.010000 0.010000
0 0.128418 0.769531 0.010000 0.010000
0 0.900000 0.804362 0.014648 0.060547
0 0.136230 0.778320 0.010000 0.010000
0 0.145752 0.792318 0.012207 0.018229
0 0.371338 0.784505 0.010000 0.010000
0 0.543701 0.786133 0.010000 0.010000
0 0.273926 0.789714 0.010000 0.010000
0 0.900000 0.790039 0.010000 0.010000
0 0.277344 0.791016 0.010000 0.010000
0 0.546875 0.794596 0.010000 0.010000
0 0.884277 0.792969 0.010000 0.010000
0 0.150635 0.793945 0.010000 0.010000
0 0.418945 0.801758 0.010000 0.010000
0 0.421387 0.803385 0.010000 0.010000
0 0.101562 0.803385 0.010000 0.010000
0 0.100000 0.807943 0.010000 0.010000
0 0.237549 0.807943 0.010000 0.010000
0 0.418457 0.806641 0.010000 0.010000
0 0.805420 0.811523 0.010000 0.010000
0 0.100000 0.813477 0.010000 0.010000
0 0.234375 0.815104 0.010000 0.010000
0 0.236572 0.818359 0.010000 0.010000
0 0.422852 0.819661 0.010000 0.010000
0 0.618652 0.822266 0.010000 0.010000
0 0.507812 0.830729 0.010000 0.010000
0 0.755371 0.837240 0.010000 0.010000
0 0.183350 0.843750 0.010000 0.010000
0 0.385010 0.849609 0.010000 0.010000
0 0.572510 0.850586 0.010000 0.010000
0 0.100000 0.860677 0.010000 0.010000
0 0.321289 0.865560 0.010000 0.010000
0 0.575195 0.865560 0.010000 0.010000
0 0.644043 0.867839 0.010000 0.010000
0 0.834961 0.878255 0.010000 0.010000
0 0.592773 0.879883 0.010000 0.010000
0 0.833496 0.879232 0.010000 0.010000
0 0.641602 0.881185 0.010000 0.010000
0 0.767090 0.879557 0.010000 0.010000
0 0.388184 0.889974 0.010000 0.010000
0 0.900000 0.889648 0.010000 0.010000
0 0.434814 0.892578 0.010000 0.010000
0 0.308838 0.895508 0.010000 0.010000
0 0.633057 0.896810 0.010000 0.010000
0 0.479248 0.896484 0.010000 0.010000
0 0.195068 0.898763 0.010000 0.010000
0 0.207764 0.900000 0.010000 0.010000
0 0.452393 0.900000 0.010000 0.010000
0 0.453125 0.900000 0.010000 0.010000
0 0.100000 0.900000 0.010000 0.010000
0 0.133057 0.900000 0.010000 0.010000
0 0.677979 0.900000 0.010000 0.010000
0 0.380859 0.900000 0.010000 0.010000
0 0.675049 0.900000 0.010000 0.010000
0 0.518555 0.900000 0.010000 0.010000
0 0.520996 0.900000 0.010000 0.010000
0 0.900000 0.900000 0.010000 0.010000
0 0.515869 0.900000 0.010000 0.010000
0 0.786621 0.900000 0.010000 0.010000
0 0.363281 0.900000 0.010000 0.010000
0 0.554688 0.900000 0.010000 0.010000
0 0.366699 0.900000 0.010000 0.010000
0 0.865723 0.900000 0.010000 0.010000
0 0.353516 0.900000 0.010000 0.010000
0 0.875732 0.900000 0.010000 0.010000
0 0.862793 0.900000 0.010000 0.010000
0 0.743652 0.900000 0.010000 0.010000
0 0.875244 0.900000 0.010000 0.010000
0 0.177246 0.900000 0.011719 0.013672
0 0.551270 0.900000 0.010000 0.010000
0 0.438477 0.900000 0.010000 0.010000
0 0.264893 0.900000 0.010000 0.010000
0 0.691162 0.900000 0.010000 0.010000
0 0.795654 0.900000 0.010000 0.010000
0 0.697754 0.900000 0.010000 0.010000
0 0.698242 0.900000 0.010000 0.010000
0 0.900000 0.900000 0.010000 0.010000
0 0.707520 0.900000 0.010000 0.010000
0 0.900000 0.900000 0.010000 0.010000
0 0.273193 0.900000 0.010000 0.010000
0 0.706299 0.900000 0.010000 0.010000
0 0.276123 0.900000 0.010000 0.010000
0 0.592529 0.900000 0.010000 0.010000
0 0.466797 0.900000 0.010000 0.010000
0 0.468750 0.900000 0.010000 0.010000
0 0.800781 0.900000 0.010000 0.010000
