1 0.500000 0.500000 0.500000 0.500000
0 0.281738 0.100000 0.010000 0.010000
0 0.328613 0.100000 0.010000 0.010000
0 0.521973 0.100000 0.010000 0.010000
0 0.900000 0.100000 0.010000 0.010000
0 0.832520 0.100000 0.010000 0.010000
0 0.900000 0.100000 0.010000 0.010000
0 0.100000 0.100000 0.010000 0.010000
0 0.149170 0.100000 0.010000 0.010000
0 0.431885 0.100000 0.010000 0.010000
0 0.126465 0.100000 0.010000 0.010000
0 0.209229 0.100000 0.010000 0.010000
0 0.667480 0.100000 0.021484 0.035156
0 0.673584 0.100000 0.010000 0.010000
0 0.673584 0.100000 0.010000 0.010000
0 0.100000 0.100000 0.010000 0.010000
0 0.338867 0.100000 0.010000 0.010000
0 0.338135 0.100000 0.010000 0.010000
0 0.673828 0.100000 0.010000 0.010000
0 0.534912 0.100000 0.010000 0.010000
0 0.100000 0.100000 0.010000 0.010000
0 0.145264 0.100000 0.010000 0.010000
0 0.220703 0.100000 0.010000 0.010000
0 0.245605 0.100000 0.010000 0.010000
0 0.900000 0.100000 0.010000 0.010000
0 0.900000 0.100000 0.010000 0.010000
0 0.818604 0.100000 0.010000 0.010000
0 0.743164 0.100000 0.010000 0.010000
0 0.368652 0.100000 0.010000 0.010417
0 0.599365 0.100000 0.010000 0.010000
0 0.149414 0.100000 0.010000 0.010000
0 0.454102 0.100000 0.010000 0.010000
0 0.239990 0.100000 0.010000 0.010000
0 0.178955 0.100000 0.010000 0.010000
0 0.391357 0.100000 0.010000 0.011068
0 0.499756 0.100000 0.010000 0.010000
0 0.808350 0.100000 0.010000 0.010000
0 0.100000 0.102865 0.010000 0.010000
0 0.536377 0.100000 0.010000 0.010000
0 0.439453 0.105794 0.010000 0.010000
0 0.475830 0.112630 0.010000 0.010000
0 0.900000 0.118815 0.010000 0.010000
0 0.776855 0.125000 0.010000 0.010000
0 0.844482 0.126302 0.010000 0.010000
0 0.535889 0.131836 0.010000 0.010000
0 0.303711 0.135742 0.010000 0.010000
0 0.882568 0.135417 0.010000 0.010000
0 0.266602 0.139323 0.010000 0.010000
0 0.662109 0.140625 0.010000 0.010000
0 0.242432 0.140299 0.010000 0.010000
0 0.100000 0.144857 0.010000 0.010000
0 0.433838 0.144531 0.010000 0.010000
0 0.100000 0.144857 0.010000 0.010000
0 0.402588 0.150391 0.010000 0.010000
0 0.854980 0.151693 0.010000 0.010000
0 0.226562 0.154948 0.010000 0.010000
0 0.567383 0.161133 0.010000 0.010000
0 0.488037 0.165690 0.010000 0.010000
0 0.747803 0.170247 0.010000 0.010000
0 0.132812 0.168620 0.010000 0.010000
0 0.597656 0.168294 0.010000 0.010000
0 0.126709 0.170898 0.010000 0.010000
0 0.434814 0.171224 0.010000 0.010000
0 0.900000 0.171224 0.010000 0.010000
0 0.600830 0.173503 0.010000 0.010000
0 0.879639 0.174154 0.010000 0.010000
0 0.900000 0.174479 0.010000 0.010000
0 0.639404 0.181315 0.010000 0.010000
0 0.796631 0.179688 0.010000 0.010000
0 0.669678 0.184245 0.010000 0.010000
0 0.829102 0.184245 0.010000 0.010000
0 0.106689 0.187174 0.010000 0.010000
0 0.602539 0.186198 0.010000 0.010000
0 0.854980 0.187826 0.010000 0.010000
0 0.189209 0.188477 0.010000 0.010000
0 0.106689 0.189779 0.010000 0.010000
0 0.833984 0.193359 0.010000 0.010000
0 0.401123 0.194987 0.010000 0.010000
0 0.900000 0.196615 0.010000 0.010000
0 0.725830 0.200846 0.010000 0.010000
0 0.557617 0.205404 0.010000 0.010000
0 0.332031 0.209310 0.010000 0.010000
0 0.900000 0.211263 0.010000 0.010000
0 0.305908 0.216146 0.010000 0.010000
0 0.779541 0.220052 0.010000 0.010000
0 0.900000 0.223307 0.010000 0.010000
0 0.100000 0.223633 0.010000 0.010000
0 0.355713 0.224284 0.010000 0.010000
0 0.631104 0.230143 0.010000 0.010000
0 0.199219 0.230143 0.010000 0.010000
0 0.631104 0.230143 0.010000 0.010000
0 0.665771 0.229167 0.010000 0.010000
0 0.555176 0.233724 0.010000 0.010000
0 0.423584 0.244466 0.010000 0.010000
0 0.900000 0.243490 0.010000 0.010000
0 0.578613 0.254232 0.010000 0.010000
0 0.807373 0.255208 0.010000 0.010000
0 0.632324 0.261393 0.010000 0.010000
0 0.100000 0.267904 0.010000 0.010000
0 0.835938 0.268229 0.010000 0.010000
0 0.866943 0.271159 0.010254 0.010000
0 0.900000 0.270508 0.010000 0.010000
0 0.100000 0.271810 0.010000 0.010000
0 0.779053 0.272135 0.010000 0.010000
0 0.861328 0.272786 0.010000 0.010000
0 0.900000 0.272786 0.010000 0.010000
0 0.779297 0.277018 0.010000 0.010000
0 0.418213 0.280273 0.010000 0.010000
0 0.864014 0.287435 0.010000 0.010000
0 0.549316 0.287760 0.010000 0.010000
0 0.861084 0.286784 0.010000 0.010000
0 0.645508 0.287435 0.010000 0.010000
0 0.900000 0.289714 0.010000 0.010000
0 0.156250 0.294271 0.010000 0.010417
0 0.900000 0.301758 0.010000 0.010000
0 0.100000 0.303385 0.010000 0.010000
0 0.779297 0.312500 0.010000 0.010000
0 0.100000 0.314779 0.010000 0.010000
0 0.409912 0.319010 0.010000 0.010000
0 0.193604 0.330404 0.010000 0.010000
0 0.531250 0.329427 0.010000 0.010000
0 0.871582 0.337240 0.010000 0.010000
0 0.664307 0.337240 0.010000 0.010000
0 0.900000 0.342122 0.010000 0.010000
0 0.229492 0.341797 0.010000 0.010000
0 0.100000 0.346354 0.010000 0.010000
0 0.364014 0.349609 0.010000 0.010000
0 0.416016 0.352865 0.010000 0.010000
0 0.483154 0.354167 0.010000 0.010000
0 0.532715 0.356771 0.010000 0.010000
0 0.900000 0.359049 0.010000 0.010000
0 0.156982 0.360026 0.010254 0.010000
0 0.325684 0.358724 0.010000 0.010000
0 0.868652 0.359049 0.010000 0.010000
0 0.156982 0.360026 0.010000 0.010000
0 0.499756 0.365885 0.010000 0.010000
0 0.552979 0.366536 0.010000 0.010000
0 0.499756 0.366536 0.010000 0.010000
0 0.477051 0.371094 0.010000 0.010000
0 0.715820 0.374349 0.010000 0.010000
0 0.401611 0.376953 0.010000 0.010000
0 0.571777 0.378906 0.010000 0.010000
0 0.900000 0.378581 0.010000 0.010000
0 0.900000 0.384440 0.010000 0.010000
0 0.100000 0.392253 0.010000 0.010000
0 0.100000 0.411784 0.010000 0.010000
0 0.362549 0.409180 0.010000 0.010000
0 0.365234 0.410482 0.010000 0.010000
0 0.192383 0.435221 0.010000 0.010000
0 0.102783 0.440755 0.010000 0.010000
0 0.387451 0.440755 0.010000 0.010000
0 0.900000 0.440755 0.010000 0.010000
0 0.455322 0.442708 0.010000 0.010000
0 0.210205 0.442708 0.010000 0.010000
0 0.900000 0.442708 0.010000 0.010000
0 0.100000 0.447266 0.010000 0.010000
0 0.357178 0.451823 0.010000 0.010000
0 0.309814 0.457357 0.010000 0.010000
0 0.327637 0.456706 0.010000 0.010000
0 0.900000 0.459310 0.010000 0.010000
0 0.812988 0.460286 0.010000 0.010000
0 0.687744 0.464518 0.010000 0.010000
0 0.743896 0.464193 0.010000 0.010000
0 0.302734 0.463867 0.010000 0.010000
0 0.176514 0.473307 0.010000 0.010000
0 0.895264 0.471029 0.010000 0.010000
0 0.324463 0.479818 0.010000 0.010000
0 0.233887 0.480469 0.010000 0.010000
0 0.806396 0.488281 0.010000 0.010000
0 0.900000 0.486328 0.010000 0.010000
0 0.525879 0.489258 0.010000 0.010000
0 0.683105 0.495443 0.010000 0.010000
0 0.471191 0.500651 0.010000 0.010000
0 0.664062 0.500326 0.010000 0.010000
0 0.765381 0.502604 0.010000 0.010000
0 0.562500 0.511719 0.010000 0.010000
0 0.100000 0.514974 0.010000 0.010000
0 0.289551 0.517578 0.010000 0.010000
0 0.226562 0.522461 0.010000 0.010000
0 0.366699 0.525065 0.010000 0.010000
0 0.416748 0.524414 0.010000 0.010000
0 0.690430 0.526042 0.010000 0.010000
0 0.900000 0.525391 0.010000 0.010000
0 0.809326 0.531576 0.010000 0.010000
0 0.900000 0.529948 0.010000 0.010000
0 0.257812 0.532878 0.010000 0.010000
0 0.198975 0.537760 0.010000 0.010000
0 0.856934 0.541341 0.010000 0.010000
0 0.100000 0.544922 0.010000 0.010000
0 0.889160 0.545573 0.010000 0.010000
0 0.376465 0.548828 0.010000 0.010000
0 0.780762 0.550130 0.010000 0.010000
0 0.407471 0.551432 0.010000 0.010000
0 0.100000 0.561198 0.010000 0.010417
0 0.713623 0.559245 0.010000 0.010000
0 0.100000 0.564453 0.010000 0.010417
0 0.100000 0.563151 0.010000 0.010000
0 0.100000 0.569336 0.010000 0.010000
0 0.502197 0.599935 0.053223 0.054036
0 0.197021 0.577148 0.010000 0.010000
0 0.587891 0.578776 0.010000 0.010000
0 0.128418 0.579753 0.010000 0.010000
0 0.590332 0.581055 0.010000 0.010000
0 0.900000 0.579427 0.010000 0.010000
0 0.582275 0.580729 0.010000 0.010000
0 0.429199 0.583659 0.010000 0.010000
0 0.471924 0.586263 0.010000 0.011068
0 0.588379 0.587565 0.012695 0.013672
0 0.618164 0.583984 0.010000 0.010000
0 0.788330 0.581380 0.010000 0.010000
0 0.417480 0.596680 0.010000 0.010000
0 0.900000 0.596029 0.010000 0.010000
0 0.585938 0.594401 0.010000 0.010000
0 0.624512 0.598633 0.010000 0.010000
0 0.900000 0.603516 0.010000 0.010000
0 0.100000 0.605469 0.010000 0.010000
0 0.856445 0.606445 0.010000 0.010000
0 0.894287 0.609049 0.010000 0.010000
0 0.780029 0.618815 0.010000 0.010000
0 0.900000 0.619792 0.010000 0.010000
0 0.627686 0.622070 0.010000 0.010000
0 0.402588 0.629232 0.010000 0.010000
0 0.507812 0.627604 0.010000 0.010000
0 0.507324 0.629883 0.010000 0.010000
0 0.897705 0.633789 0.010000 0.010000
0 0.100000 0.634115 0.010000 0.010000
0 0.727539 0.636393 0.010000 0.010000
0 0.725830 0.638346 0.010000 0.010000
0 0.148926 0.648763 0.010000 0.010000
0 0.148682 0.648763 0.010000 0.010000
0 0.856689 0.650391 0.012207 0.010000
0 0.430176 0.653320 0.010000 0.010000
0 0.272949 0.666992 0.010000 0.010000
0 0.100000 0.668294 0.010000 0.010000
0 0.477539 0.671224 0.010000 0.010000
0 0.552002 0.674805 0.010000 0.010000
0 0.297363 0.677083 0.010000 0.010000
0 0.389160 0.684570 0.010000 0.010000
0 0.467041 0.686198 0.010000 0.010000
0 0.594971 0.686198 0.010000 0.010000
0 0.208008 0.695638 0.010000 0.010000
0 0.170654 0.694661 0.010000 0.010000
0 0.482178 0.706380 0.010000 0.010000
0 0.870117 0.705078 0.010000 0.010000
0 0.861572 0.708008 0.010000 0.010000
0 0.900000 0.711914 0.010000 0.010000
0 0.436035 0.712565 0.010000 0.010000
0 0.588867 0.722656 0.010000 0.010000
0 0.555908 0.728841 0.010000 0.010000
0 0.311523 0.727865 0.010000 0.010000
0 0.681885 0.732747 0.010000 0.010000
0 0.842529 0.735677 0.010000 0.010417
0 0.468018 0.740234 0.010000 0.010000
0 0.900000 0.745443 0.010000 0.010000
0 0.900000 0.765299 0.010000 0.010000
0 0.530029 0.767253 0.010000 0.010000
0 0.400879 0.767253 0.010000 0.010000
0 0.189697 0.767904 0.010000 0.010000
0 0.185791 0.770182 0.010000 0.010000
0 0.769287 0.772135 0.010000 0.010000
0 0.146729 0.771810 0.010000 0.010000
0 0.199707 0.779297 0.010000 0.010000
0 0.217285 0.779297 0.010000 0.010000
0 0.794189 0.787435 0.010000 0.010000
0 0.900000 0.784505 0.010000 0.010000
0 0.416504 0.786784 0.010000 0.010000
0 0.652100 0.789388 0.010000 0.010000
0 0.374512 0.792318 0.010000 0.010000
0 0.238281 0.794596 0.010000 0.010000
0 0.291016 0.797852 0.010000 0.010000
0 0.167969 0.799154 0.010000 0.010000
0 0.514404 0.801432 0.010000 0.010000
0 0.870117 0.801432 0.010000 0.010000
0 0.900000 0.806641 0.010000 0.010417
0 0.100000 0.810547 0.010000 0.010000
0 0.579834 0.812500 0.010000 0.010000
0 0.900000 0.815755 0.010000 0.010000
0 0.613037 0.816406 0.010000 0.010000
0 0.900000 0.821615 0.010000 0.010000
0 0.734375 0.821615 0.010000 0.010000
0 0.100000 0.821615 0.010000 0.010000
0 0.444580 0.828776 0.010000 0.010000
0 0.531738 0.831380 0.010000 0.010000
0 0.600586 0.834310 0.010000 0.010000
0 0.668457 0.836263 0.010000 0.010000
0 0.406494 0.836589 0.010000 0.010000
0 0.473633 0.840820 0.010000 0.010000
0 0.472656 0.841797 0.010000 0.010000
0 0.708008 0.855143 0.010000 0.010000
0 0.740967 0.861003 0.010000 0.010000
0 0.100000 0.863281 0.010000 0.010000
0 0.387207 0.863932 0.010000 0.010000
0 0.516846 0.864583 0.010000 0.010000
0 0.613281 0.868164 0.010000 0.010000
0 0.670654 0.868815 0.010000 0.010000
0 0.655518 0.870443 0.010000 0.010000
0 0.728027 0.871094 0.010000 0.010000
0 0.305908 0.876953 0.010000 0.010000
0 0.451172 0.880534 0.010000 0.010000
0 0.188232 0.879557 0.010000 0.010000
0 0.197754 0.879557 0.010000 0.010000
0 0.770508 0.882161 0.010000 0.010000
0 0.574219 0.890625 0.010000 0.010000
0 0.365967 0.900000 0.010000 0.010000
0 0.814941 0.900000 0.010000 0.010000
0 0.651611 0.900000 0.010000 0.010000
0 0.744629 0.900000 0.010000 0.010000
0 0.330322 0.900000 0.010000 0.010000
0 0.491943 0.900000 0.010000 0.010000
0 0.352051 0.900000 0.010000 0.010000
0 0.420410 0.900000 0.010000 0.010000
0 0.900000 0.900000 0.010000 0.010000
0 0.490234 0.900000 0.010000 0.010000
0 0.573486 0.900000 0.010000 0.010000
0 0.174805 0.900000 0.020508 0.011068
0 0.686035 0.900000 0.010000 0.010000
0 0.130615 0.900000 0.010000 0.010000
0 0.657959 0.900000 0.010000 0.010000
0 0.216553 0.900000 0.010000 0.010000
0 0.416992 0.900000 0.010000 0.010000
0 0.898682 0.900000 0.010000 0.010000
0 0.100000 0.900000 0.010000 0.010000
0 0.100000 0.900000 0.010000 0.010000
0 0.185059 0.900000 0.010000 0.010000
0 0.510986 0.900000 0.010000 0.010000
0 0.137695 0.900000 0.010000 0.010000
0 0.470459 0.900000 0.010000 0.010000
0 0.111816 0.900000 0.024414 0.031901
0 0.262451 0.900000 0.010000 0.010000
0 0.559082 0.900000 0.010000 0.010000
0 0.650879 0.900000 0.010000 0.010000
0 0.571533 0.900000 0.010000 0.010000
0 0.220947 0.900000 0.010000 0.010000
0 0.613037 0.900000 0.010000 0.010000
0 0.900000 0.900000 0.010000 0.010000
0 0.376221 0.900000 0.010000 0.010000
0 0.373047 0.900000 0.014648 0.010000
0 0.241699 0.900000 0.010000 0.010000
0 0.100000 0.900000 0.010000 0.010000
0 0.109619 0.900000 0.010000 0.010000
0 0.342529 0.900000 0.010000 0.010000
0 0.100000 0.900000 0.010000 0.010000
0 0.325684 0.900000 0.010000 0.010000
0 0.328125 0.900000 0.010000 0.010000
0 0.329834 0.900000 0.010000 0.010000
0 0.100000 0.900000 0.010000 0.010000
0 0.107666 0.900000 0.010000 0.010000
0 0.331787 0.900000 0.010000 0.010000
