1 0.500000 0.500000 0.500000 0.500000
0 0.602539 0.100000 0.010000 0.010000
0 0.878174 0.100000 0.010000 0.018229
0 0.893311 0.100000 0.010000 0.010000
0 0.900000 0.100000 0.019531 0.010000
0 0.900000 0.100000 0.010000 0.010000
0 0.720947 0.100000 0.010000 0.010000
0 0.900000 0.100000 0.010000 0.010000
0 0.689941 0.100000 0.010000 0.011068
0 0.688965 0.100000 0.010000 0.010000
0 0.687500 0.100000 0.010000 0.010000
0 0.100000 0.100000 0.010000 0.010000
0 0.900000 0.100000 0.010000 0.010000
0 0.676758 0.100000 0.010000 0.010000
0 0.884277 0.100000 0.010000 0.010000
0 0.889648 0.100000 0.010000 0.010000
0 0.126465 0.100000 0.010000 0.010000
0 0.900000 0.100000 0.010000 0.010000
0 0.131348 0.100000 0.010000 0.010000
0 0.862305 0.100000 0.010000 0.010000
0 0.900000 0.100000 0.010000 0.010000
0 0.100000 0.100000 0.010000 0.010000
0 0.100000 0.100000 0.010000 0.010000
0 0.348389 0.100000 0.010000 0.010000
0 0.433838 0.100000 0.010000 0.010000
0 0.433594 0.100000 0.010000 0.010000
0 0.486572 0.100000 0.010000 0.010000
0 0.491211 0.100000 0.010000 0.010000
0 0.516602 0.100000 0.010000 0.010000
0 0.380371 0.100000 0.010000 0.010000
0 0.486328 0.100000 0.010000 0.010000
0 0.104004 0.100000 0.010000 0.010000
0 0.799072 0.100000 0.010000 0.010000
0 0.100000 0.100000 0.010000 0.012370
0 0.435791 0.100000 0.012207 0.010000
0 0.433838 0.100000 0.010000 0.010000
0 0.100000 0.100000 0.010000 0.010000
0 0.438721 0.100000 0.010000 0.010000
0 0.100000 0.100000 0.010000 0.013021
0 0.423584 0.100000 0.010000 0.010000
0 0.366699 0.102214 0.010000 0.010000
0 0.691650 0.105143 0.010000 0.010000
0 0.834717 0.113607 0.010000 0.020182
0 0.439209 0.109701 0.010000 0.010000
0 0.900000 0.110026 0.010000 0.010000
0 0.276855 0.113281 0.010000 0.010000
0 0.652588 0.114583 0.010000 0.010000
0 0.365723 0.116536 0.010000 0.010000
0 0.371826 0.123372 0.010000 0.010000
0 0.166504 0.125977 0.010000 0.010000
0 0.651123 0.126953 0.010000 0.010000
0 0.138672 0.132161 0.010000 0.010000
0 0.425049 0.134440 0.010000 0.010000
0 0.427734 0.134115 0.010000 0.010000
0 0.474121 0.141927 0.010742 0.018229
0 0.130615 0.142578 0.010000 0.010000
0 0.475098 0.143229 0.010000 0.010417
0 0.900000 0.139974 0.010000 0.010000
0 0.100000 0.140299 0.010000 0.010000
0 0.785156 0.142253 0.010000 0.010000
0 0.131836 0.148112 0.010000 0.012370
0 0.900000 0.143880 0.010000 0.010000
0 0.731201 0.147786 0.010000 0.010000
0 0.900000 0.147461 0.010000 0.010000
0 0.479004 0.149740 0.010000 0.010000
0 0.470947 0.151042 0.010000 0.010000
0 0.900000 0.152669 0.010000 0.010000
0 0.137451 0.155599 0.010000 0.010000
0 0.340332 0.154948 0.010000 0.010000
0 0.600098 0.154297 0.010000 0.010000
0 0.900000 0.154948 0.010000 0.010000
0 0.900000 0.154948 0.010000 0.010000
0 0.803711 0.157227 0.010000 0.010000
0 0.740234 0.158203 0.010000 0.010000
0 0.746826 0.158529 0.010000 0.010000
0 0.165527 0.163737 0.012695 0.011068
0 0.216064 0.162760 0.010000 0.010000
0 0.607910 0.164062 0.010000 0.010000
0 0.639160 0.170898 0.019531 0.017578
0 0.900000 0.165690 0.010000 0.010000
0 0.591309 0.166992 0.010000 0.010000
0 0.232422 0.170247 0.010000 0.010000
0 0.735840 0.168294 0.010000 0.010000
0 0.539551 0.169271 0.010000 0.010000
0 0.717041 0.170247 0.010000 0.010000
0 0.900000 0.179036 0.020996 0.022135
0 0.209717 0.172526 0.010000 0.010000
0 0.329346 0.171875 0.010000 0.010000
0 0.900000 0.174154 0.010000 0.010000
0 0.895020 0.177083 0.010000 0.010000
0 0.228271 0.179036 0.010000 0.010000
0 0.257080 0.179688 0.010000 0.010000
0 0.625244 0.179036 0.010000 0.010000
0 0.436279 0.181315 0.010000 0.010000
0 0.435059 0.183594 0.010000 0.010000
0 0.900000 0.180339 0.010000 0.010000
0 0.434814 0.184896 0.010000 0.010000
0 0.653809 0.182292 0.010000 0.010000
0 0.100000 0.184570 0.010000 0.010000
0 0.235596 0.183919 0.010000 0.010000
0 0.648926 0.189453 0.010000 0.010000
0 0.100000 0.190430 0.010000 0.010000
0 0.721924 0.195638 0.010000 0.010000
0 0.399658 0.198242 0.010000 0.010000
0 0.100000 0.206380 0.010000 0.010000
0 0.399658 0.203125 0.010000 0.010000
0 0.548584 0.210938 0.010000 0.015625
0 0.104736 0.217448 0.010000 0.010000
0 0.100000 0.221354 0.010000 0.010000
0 0.266357 0.221354 0.010000 0.010000
0 0.368408 0.236328 0.010000 0.016927
0 0.896973 0.237956 0.015625 0.013672
0 0.368164 0.236979 0.010000 0.010000
0 0.436523 0.241536 0.010000 0.010000
0 0.289551 0.241211 0.010000 0.010000
0 0.900000 0.244141 0.010000 0.010000
0 0.151611 0.246094 0.010000 0.010000
0 0.817627 0.246745 0.010000 0.010000
0 0.159912 0.249023 0.010000 0.010000
0 0.809082 0.250326 0.010000 0.010000
0 0.812012 0.251628 0.010000 0.010000
0 0.142578 0.253255 0.010000 0.010000
0 0.522949 0.251302 0.010000 0.010000
0 0.462402 0.252930 0.010000 0.010000
0 0.626221 0.252930 0.010000 0.010000
0 0.140869 0.254557 0.010000 0.010000
0 0.280518 0.255534 0.010000 0.010000
0 0.211426 0.255859 0.010000 0.010000
0 0.266113 0.256510 0.010000 0.010000
0 0.100000 0.264974 0.014160 0.015625
0 0.277832 0.257161 0.010000 0.010000
0 0.263184 0.264974 0.010000 0.014323
0 0.357178 0.260742 0.010000 0.010000
0 0.214600 0.263021 0.010000 0.010000
0 0.268799 0.265951 0.010000 0.010000
0 0.459229 0.267904 0.010000 0.010000
0 0.844482 0.272461 0.010000 0.010000
0 0.100000 0.272135 0.010000 0.010000
0 0.186523 0.272135 0.010000 0.010000
0 0.208496 0.285482 0.010000 0.010000
0 0.550781 0.284505 0.010000 0.010000
0 0.900000 0.285807 0.010000 0.010000
0 0.140137 0.296549 0.018555 0.024089
0 0.137207 0.286458 0.010000 0.010000
0 0.900000 0.289388 0.010000 0.010000
0 0.100000 0.296224 0.010000 0.010000
0 0.100000 0.299805 0.010000 0.010000
0 0.727539 0.297526 0.010000 0.010000
0 0.292236 0.300130 0.010000 0.010000
0 0.291016 0.303060 0.010000 0.010000
0 0.899414 0.308594 0.017578 0.015625
0 0.577881 0.308268 0.010000 0.010000
0 0.100000 0.311198 0.010000 0.010000
0 0.126709 0.311849 0.010000 0.010000
0 0.100000 0.314128 0.010000 0.010000
0 0.128418 0.313151 0.010000 0.010000
0 0.100000 0.315104 0.010000 0.010000
0 0.100000 0.314453 0.010000 0.010000
0 0.100000 0.317383 0.010000 0.010000
0 0.100000 0.320638 0.010000 0.010000
0 0.237549 0.320312 0.010000 0.010000
0 0.362061 0.323568 0.010000 0.010000
0 0.365479 0.325846 0.010000 0.010000
0 0.234131 0.332357 0.011230 0.018880
0 0.238770 0.327474 0.010000 0.010000
0 0.239014 0.335938 0.010000 0.010000
0 0.240479 0.335612 0.010000 0.010000
0 0.815918 0.337240 0.010000 0.010000
0 0.216064 0.341471 0.010000 0.010000
0 0.245361 0.341797 0.010000 0.010000
0 0.314209 0.346354 0.010000 0.010000
0 0.291504 0.358073 0.010000 0.010000
0 0.607910 0.364583 0.011719 0.013021
0 0.100000 0.363281 0.010000 0.010000
0 0.340576 0.371745 0.012207 0.014323
0 0.214600 0.372396 0.010000 0.010000
0 0.881104 0.369466 0.010000 0.010000
0 0.115967 0.377279 0.010000 0.010000
0 0.545166 0.378906 0.010000 0.010000
0 0.544189 0.381510 0.010000 0.010000
0 0.223877 0.386068 0.010000 0.010000
0 0.224365 0.385417 0.010000 0.010000
0 0.212402 0.389323 0.010000 0.010000
0 0.105957 0.395508 0.010000 0.010000
0 0.402832 0.396484 0.010000 0.010000
0 0.411133 0.394857 0.010000 0.010000
0 0.409180 0.395833 0.010000 0.010000
0 0.687012 0.409180 0.020508 0.025391
0 0.100000 0.400065 0.010000 0.010000
0 0.100000 0.403646 0.010000 0.010000
0 0.693848 0.404622 0.010000 0.010000
0 0.179443 0.406576 0.010000 0.010000
0 0.396973 0.407878 0.010000 0.010000
0 0.677002 0.413086 0.010000 0.010000
0 0.587402 0.418620 0.010000 0.010000
0 0.209229 0.420898 0.010000 0.010000
0 0.728271 0.419271 0.010000 0.010000
0 0.100000 0.428060 0.012207 0.013672
0 0.152100 0.427083 0.010000 0.010000
0 0.824951 0.429362 0.010000 0.010000
0 0.100000 0.430339 0.010000 0.010000
0 0.900000 0.430990 0.010000 0.010000
0 0.108398 0.432292 0.010000 0.010000
0 0.805664 0.433919 0.010000 0.010000
0 0.581299 0.435221 0.010000 0.010000
0 0.810059 0.437174 0.010000 0.010000
0 0.100000 0.440430 0.010000 0.010000
0 0.892090 0.440755 0.010000 0.010000
0 0.100000 0.445964 0.010000 0.010000
0 0.771240 0.447591 0.010000 0.010000
0 0.100000 0.450521 0.010000 0.010000
0 0.556641 0.447917 0.010000 0.010000
0 0.900000 0.448568 0.010000 0.010000
0 0.100000 0.450846 0.010000 0.010000
0 0.565186 0.452474 0.010000 0.010000
0 0.100000 0.457357 0.010000 0.010000
0 0.100000 0.467448 0.010000 0.010417
0 0.100000 0.465169 0.010000 0.010000
0 0.310547 0.463867 0.010000 0.010000
0 0.900000 0.471680 0.010000 0.010000
0 0.211670 0.477539 0.010000 0.010000
0 0.100000 0.478516 0.010000 0.010000
0 0.900000 0.483724 0.010000 0.010000
0 0.900000 0.486654 0.010000 0.010000
0 0.900000 0.488932 0.010000 0.010000
0 0.100000 0.492188 0.010000 0.010000
0 0.213623 0.496094 0.010000 0.010000
0 0.215820 0.497070 0.010000 0.010000
0 0.679443 0.509115 0.010000 0.010000
0 0.346924 0.512044 0.010000 0.010000
0 0.900000 0.513021 0.010000 0.010000
0 0.367188 0.516276 0.010000 0.010000
0 0.637939 0.518229 0.010000 0.010000
0 0.185059 0.524740 0.012695 0.011719
0 0.289062 0.518880 0.010000 0.010000
0 0.241455 0.528646 0.010000 0.010000
0 0.459229 0.528646 0.010000 0.010000
0 0.152100 0.531250 0.010000 0.010000
0 0.365234 0.531576 0.010000 0.010000
0 0.473145 0.540039 0.012695 0.021484
0 0.139160 0.544271 0.019531 0.024740
0 0.200928 0.534180 0.010000 0.010000
0 0.844482 0.533203 0.010000 0.010000
0 0.201904 0.536784 0.010000 0.010000
0 0.458008 0.538086 0.010000 0.010000
0 0.197021 0.539714 0.010000 0.010000
0 0.459473 0.538086 0.010000 0.010000
0 0.191406 0.541992 0.010000 0.010000
0 0.455811 0.546875 0.010000 0.010000
0 0.145752 0.547201 0.010000 0.010000
0 0.900000 0.549479 0.010000 0.010000
0 0.100000 0.550781 0.010000 0.010000
0 0.715820 0.550130 0.010000 0.010000
0 0.276123 0.551432 0.010000 0.010000
0 0.900000 0.556641 0.010000 0.010000
0 0.505615 0.555990 0.010000 0.010000
0 0.774414 0.570312 0.010000 0.010000
0 0.375732 0.580078 0.012207 0.010417
0 0.374268 0.583008 0.010000 0.010000
0 0.430420 0.587891 0.010000 0.010000
0 0.438232 0.590820 0.010000 0.010000
0 0.100000 0.599609 0.010000 0.010000
0 0.773926 0.597005 0.010000 0.010000
0 0.542969 0.598307 0.010000 0.010000
0 0.770996 0.601562 0.010000 0.010000
0 0.282227 0.604492 0.010000 0.010000
0 0.584229 0.606120 0.010000 0.010000
0 0.100000 0.621745 0.010254 0.014323
0 0.100000 0.624674 0.010000 0.010000
0 0.100000 0.628906 0.010000 0.010000
0 0.245117 0.628581 0.010000 0.010000
0 0.218262 0.630859 0.010000 0.010000
0 0.253662 0.631510 0.010000 0.010000
0 0.519287 0.635091 0.010000 0.010000
0 0.666504 0.635417 0.010000 0.010000
0 0.192383 0.641276 0.010000 0.010000
0 0.195068 0.642253 0.010000 0.010000
0 0.262451 0.648112 0.010000 0.013672
0 0.324951 0.648438 0.010000 0.011719
0 0.517578 0.644531 0.010000 0.010000
0 0.330566 0.651042 0.010000 0.010000
0 0.397949 0.651367 0.010000 0.010000
0 0.168457 0.671549 0.014648 0.046224
0 0.327881 0.652018 0.010000 0.010000
0 0.656738 0.654622 0.010000 0.011068
0 0.334961 0.651042 0.010000 0.010000
0 0.260254 0.653646 0.010000 0.010000
0 0.336426 0.652995 0.010000 0.010000
0 0.657227 0.654622 0.010000 0.010000
0 0.638428 0.657552 0.010000 0.010000
0 0.634277 0.659180 0.010000 0.010000
0 0.900000 0.662760 0.010000 0.010000
0 0.263916 0.662109 0.010000 0.010000
0 0.900000 0.664388 0.010000 0.010000
0 0.640625 0.664388 0.010000 0.010000
0 0.773193 0.672526 0.010000 0.010000
0 0.609863 0.672201 0.010000 0.010000
0 0.173828 0.685221 0.010000 0.010000
0 0.823730 0.685221 0.010742 0.010000
0 0.831543 0.685872 0.010742 0.010000
0 0.164307 0.690430 0.010000 0.010000
0 0.812744 0.692057 0.010000 0.010000
0 0.749268 0.695638 0.010000 0.010000
0 0.454590 0.706380 0.010000 0.010000
0 0.204346 0.707682 0.010000 0.010000
0 0.452637 0.707031 0.010000 0.010000
0 0.385742 0.712565 0.010000 0.010000
0 0.192871 0.720703 0.010742 0.015625
0 0.387207 0.716797 0.010000 0.010000
0 0.449951 0.718424 0.010000 0.010000
0 0.900000 0.721680 0.010000 0.010000
0 0.503662 0.725911 0.010000 0.010000
0 0.482910 0.729167 0.010000 0.010000
0 0.900000 0.730794 0.010000 0.010000
0 0.565430 0.732747 0.010000 0.010000
0 0.477295 0.735677 0.010000 0.010000
0 0.129639 0.740885 0.010000 0.010000
0 0.128418 0.741862 0.010000 0.010000
0 0.126953 0.742839 0.010000 0.010000
0 0.883789 0.744792 0.010000 0.010000
0 0.686279 0.743164 0.010000 0.010000
0 0.713379 0.742839 0.010000 0.010000
0 0.100000 0.758464 0.010000 0.010000
0 0.457275 0.759766 0.010000 0.010000
0 0.497803 0.762695 0.010000 0.010000
0 0.501465 0.759766 0.010000 0.010000
0 0.100000 0.765951 0.010000 0.010000
0 0.768799 0.769531 0.010000 0.010000
0 0.900000 0.768880 0.010000 0.010000
0 0.100000 0.770833 0.010000 0.010000
0 0.863037 0.773438 0.010000 0.010000
0 0.227295 0.776367 0.010000 0.010000
0 0.755615 0.779948 0.010000 0.010000
0 0.900000 0.785156 0.010000 0.010000
0 0.215088 0.790690 0.010000 0.010000
0 0.827637 0.791992 0.010000 0.010000
0 0.752197 0.798503 0.010000 0.010000
0 0.100000 0.797526 0.010000 0.010000
0 0.740967 0.798503 0.010000 0.010000
0 0.751221 0.798503 0.010000 0.010000
0 0.379395 0.801758 0.010000 0.010000
0 0.100000 0.804036 0.010000 0.010000
0 0.795410 0.806641 0.010000 0.010000
0 0.106934 0.811849 0.010000 0.010000
0 0.786133 0.815755 0.010000 0.010000
0 0.773193 0.816732 0.010000 0.010000
0 0.321289 0.819987 0.010000 0.010000
0 0.319092 0.821940 0.010000 0.010000
0 0.100000 0.824219 0.010000 0.010000
0 0.378662 0.829427 0.010000 0.010000
0 0.900000 0.834961 0.010000 0.010000
0 0.891113 0.858398 0.053711 0.039714
0 0.100000 0.848307 0.010000 0.010000
0 0.659180 0.856771 0.010000 0.014323
0 0.401367 0.853516 0.010000 0.010000
0 0.900000 0.860352 0.010000 0.010000
0 0.654785 0.860677 0.010000 0.010000
0 0.900000 0.862956 0.010000 0.010000
0 0.896729 0.864583 0.010000 0.010000
0 0.896240 0.869141 0.010000 0.010000
0 0.239502 0.869792 0.010000 0.010000
0 0.894287 0.869792 0.010000 0.010000
0 0.890381 0.871745 0.010000 0.010000
0 0.900000 0.870443 0.010000 0.010000
0 0.889893 0.873372 0.010000 0.010000
0 0.900000 0.874023 0.010000 0.010000
0 0.900000 0.888021 0.010000 0.010000
0 0.900000 0.893229 0.010000 0.010000
0 0.831055 0.900000 0.010000 0.010000
0 0.818359 0.900000 0.023438 0.024740
0 0.348877 0.900000 0.010000 0.010000
0 0.461426 0.900000 0.010000 0.010000
0 0.603271 0.900000 0.010000 0.010000
0 0.790039 0.900000 0.010742 0.011719
0 0.769287 0.900000 0.010000 0.010000
0 0.900000 0.900000 0.010000 0.010000
0 0.116699 0.900000 0.010000 0.010000
0 0.116699 0.900000 0.010000 0.010000
0 0.537109 0.900000 0.010000 0.010000
0 0.311523 0.900000 0.010000 0.010000
0 0.249756 0.900000 0.010000 0.010000
0 0.183594 0.900000 0.010000 0.010000
