1 0.500000 0.500000 0.500000 0.500000
0 0.314941 0.100000 0.010000 0.010000
0 0.314941 0.100000 0.010000 0.010000
0 0.803711 0.100000 0.010000 0.010000
0 0.808594 0.100000 0.010000 0.010000
0 0.326660 0.100000 0.010000 0.010000
0 0.326904 0.100000 0.010000 0.010000
0 0.193848 0.100000 0.010000 0.010000
0 0.900000 0.100000 0.010000 0.010000
0 0.691406 0.100000 0.010000 0.010000
0 0.589355 0.100000 0.010000 0.010417
0 0.572510 0.100000 0.010000 0.010000
0 0.433594 0.100000 0.010000 0.010000
0 0.572510 0.100000 0.010000 0.010000
0 0.589111 0.100000 0.010000 0.010000
0 0.241943 0.100000 0.010000 0.010000
0 0.579834 0.100000 0.010000 0.010000
0 0.593506 0.100000 0.010000 0.010000
0 0.666748 0.100000 0.010000 0.010000
0 0.591064 0.100000 0.010000 0.010000
0 0.588135 0.100000 0.010000 0.010000
0 0.563232 0.100000 0.010000 0.010000
0 0.249756 0.100000 0.010000 0.010000
0 0.565918 0.100000 0.010000 0.010000
0 0.589355 0.100000 0.010000 0.010000
0 0.244385 0.100000 0.010000 0.010000
0 0.572998 0.100000 0.010000 0.010000
0 0.244385 0.100000 0.010000 0.010000
0 0.102051 0.100000 0.010000 0.010000
0 0.227295 0.100000 0.010000 0.010000
0 0.580322 0.100000 0.010000 0.010000
0 0.100000 0.100000 0.010000 0.010000
0 0.100342 0.100000 0.010000 0.010000
0 0.100000 0.100000 0.022461 0.010000
0 0.104492 0.100000 0.010000 0.010000
0 0.277344 0.100000 0.010000 0.010000
0 0.100000 0.100000 0.010000 0.010000
0 0.100000 0.101562 0.010000 0.010000
0 0.383301 0.104167 0.010000 0.010000
0 0.688232 0.107422 0.010000 0.010000
0 0.687988 0.107422 0.010000 0.010000
0 0.683838 0.109701 0.010000 0.010000
0 0.275879 0.109375 0.010000 0.010000
0 0.397949 0.110352 0.010000 0.010000
0 0.244629 0.111328 0.010000 0.010000
0 0.589844 0.112305 0.010000 0.010000
0 0.245850 0.119466 0.010000 0.010000
0 0.255371 0.117839 0.010000 0.010000
0 0.879150 0.119466 0.010000 0.010000
0 0.888184 0.119141 0.010000 0.010000
0 0.244141 0.119792 0.010000 0.010000
0 0.523682 0.123698 0.010000 0.010000
0 0.248291 0.125326 0.010000 0.010000
0 0.450439 0.128581 0.010000 0.010000
0 0.751709 0.132487 0.010000 0.011068
0 0.245361 0.130534 0.010000 0.010000
0 0.751953 0.132487 0.010000 0.010000
0 0.900000 0.131836 0.010000 0.010000
0 0.810059 0.134766 0.010000 0.010000
0 0.497070 0.139323 0.010000 0.010000
0 0.452393 0.142578 0.010000 0.010000
0 0.494141 0.142253 0.010000 0.010000
0 0.628418 0.144531 0.010000 0.010000
0 0.867432 0.148112 0.010000 0.010000
0 0.573242 0.149740 0.010000 0.010000
0 0.900000 0.157878 0.010000 0.011068
0 0.900000 0.158203 0.010000 0.010000
0 0.159668 0.160482 0.010000 0.010000
0 0.701904 0.160156 0.010000 0.010000
0 0.622559 0.164388 0.010000 0.010000
0 0.618652 0.166341 0.010000 0.010000
0 0.334229 0.171224 0.010000 0.010000
0 0.880371 0.175130 0.010000 0.010000
0 0.709473 0.180664 0.010000 0.010000
0 0.900000 0.182292 0.010000 0.010000
0 0.745605 0.186849 0.010000 0.010000
0 0.750732 0.188151 0.010000 0.010000
0 0.217773 0.191406 0.010000 0.010000
0 0.822998 0.194010 0.010000 0.010000
0 0.252197 0.194661 0.010000 0.010000
0 0.259766 0.197266 0.010000 0.010000
0 0.851562 0.196940 0.010000 0.010000
0 0.821289 0.204102 0.010000 0.010000
0 0.211182 0.207357 0.010000 0.010000
0 0.492676 0.215169 0.010000 0.010000
0 0.250000 0.215820 0.010000 0.010000
0 0.729248 0.219076 0.010000 0.010000
0 0.729736 0.219401 0.010000 0.010000
0 0.734131 0.220378 0.010000 0.010000
0 0.205566 0.220378 0.010000 0.010000
0 0.114258 0.227539 0.010000 0.010000
0 0.191895 0.225911 0.010000 0.010000
0 0.130127 0.227539 0.010000 0.010000
0 0.140625 0.227214 0.010000 0.010000
0 0.900000 0.235026 0.010000 0.010000
0 0.745361 0.235026 0.010000 0.010000
0 0.774658 0.238932 0.010000 0.010000
0 0.364502 0.243815 0.010000 0.010000
0 0.362305 0.244141 0.010000 0.010000
0 0.360596 0.244792 0.010000 0.010000
0 0.359375 0.244792 0.010000 0.010000
0 0.783691 0.246419 0.010000 0.010000
0 0.287354 0.246745 0.010000 0.010000
0 0.782471 0.245768 0.010000 0.010000
0 0.809082 0.248372 0.010000 0.010000
0 0.104492 0.258789 0.010000 0.010000
0 0.900000 0.262044 0.010000 0.010000
0 0.824707 0.263346 0.010000 0.010000
0 0.820557 0.266927 0.010000 0.010000
0 0.900000 0.265951 0.010000 0.010000
0 0.372559 0.266927 0.010000 0.010000
0 0.169434 0.272786 0.010000 0.010000
0 0.888672 0.272135 0.010000 0.010000
0 0.100000 0.276693 0.010000 0.010000
0 0.100000 0.279297 0.010000 0.010000
0 0.309326 0.282878 0.010000 0.010000
0 0.863770 0.287435 0.010000 0.010000
0 0.887695 0.286784 0.010000 0.010000
0 0.894043 0.288086 0.010000 0.010000
0 0.894775 0.290690 0.010000 0.010000
0 0.100000 0.291016 0.010000 0.010000
0 0.106934 0.294922 0.010000 0.010000
0 0.156006 0.297852 0.010000 0.010000
0 0.100000 0.303711 0.010000 0.010000
0 0.197510 0.307292 0.010000 0.010000
0 0.485352 0.305339 0.010000 0.010000
0 0.423340 0.310221 0.010000 0.010000
0 0.100000 0.319010 0.010000 0.010000
0 0.512695 0.323242 0.010000 0.010000
0 0.782471 0.325195 0.010000 0.010000
0 0.510010 0.326823 0.010000 0.010000
0 0.781006 0.329102 0.010000 0.010000
0 0.687012 0.330729 0.010000 0.010000
0 0.424805 0.332682 0.010000 0.010000
0 0.900000 0.352214 0.017578 0.035156
0 0.138184 0.337240 0.010000 0.010000
0 0.792236 0.338216 0.010000 0.010000
0 0.487061 0.338542 0.010000 0.010000
0 0.234863 0.341146 0.010000 0.010000
0 0.564453 0.342773 0.010000 0.010000
0 0.239014 0.343099 0.010000 0.010000
0 0.872070 0.345378 0.010000 0.010000
0 0.781982 0.348307 0.010000 0.010000
0 0.839844 0.353516 0.010000 0.010000
0 0.100000 0.352214 0.010000 0.010000
0 0.812744 0.351237 0.010000 0.010000
0 0.501709 0.354492 0.010000 0.010000
0 0.537109 0.355794 0.010000 0.010000
0 0.792725 0.354492 0.010000 0.010000
0 0.539795 0.357747 0.010000 0.010000
0 0.379639 0.358073 0.010000 0.010000
0 0.537842 0.361979 0.010000 0.010000
0 0.100000 0.367839 0.010000 0.010000
0 0.900000 0.370117 0.010000 0.010000
0 0.824219 0.375977 0.010000 0.010000
0 0.212891 0.377604 0.010000 0.010000
0 0.856689 0.378255 0.010000 0.010000
0 0.586426 0.389323 0.010000 0.010417
0 0.822510 0.386393 0.010000 0.010000
0 0.586914 0.388672 0.010000 0.010000
0 0.858154 0.388997 0.010000 0.010000
0 0.865234 0.390299 0.010000 0.010000
0 0.414307 0.391276 0.010000 0.010000
0 0.406494 0.390625 0.010000 0.010000
0 0.100000 0.397461 0.010000 0.010000
0 0.242676 0.393880 0.010000 0.010000
0 0.100000 0.395833 0.010000 0.010000
0 0.387695 0.397135 0.010000 0.010000
0 0.100000 0.398438 0.010000 0.010000
0 0.100000 0.398112 0.010000 0.010000
0 0.832520 0.405273 0.010000 0.010000
0 0.831299 0.405924 0.010000 0.010000
0 0.169189 0.408529 0.010000 0.010000
0 0.100000 0.415039 0.010000 0.010000
0 0.100000 0.416992 0.010000 0.010000
0 0.562744 0.416992 0.010000 0.010000
0 0.767090 0.416992 0.010000 0.010000
0 0.863770 0.416667 0.010000 0.010000
0 0.100000 0.418294 0.010000 0.010000
0 0.766357 0.419922 0.010000 0.010000
0 0.900000 0.419922 0.010000 0.010000
0 0.900000 0.425456 0.010000 0.011068
0 0.900000 0.427409 0.010000 0.010000
0 0.706299 0.429036 0.010000 0.010000
0 0.689941 0.431966 0.010000 0.010000
0 0.741211 0.433919 0.010000 0.010000
0 0.900000 0.433268 0.010000 0.010000
0 0.220215 0.440104 0.010000 0.010000
0 0.261719 0.441732 0.010000 0.010000
0 0.712402 0.449544 0.010000 0.010000
0 0.814941 0.450195 0.010000 0.010000
0 0.205566 0.451497 0.010000 0.010000
0 0.100000 0.452148 0.010000 0.010000
0 0.255127 0.462891 0.010000 0.010000
0 0.731445 0.462891 0.010000 0.010000
0 0.241455 0.468750 0.010000 0.010000
0 0.610840 0.471029 0.010000 0.010000
0 0.754150 0.473307 0.010000 0.010000
0 0.638428 0.473958 0.010000 0.010000
0 0.478760 0.477214 0.010000 0.010000
0 0.100000 0.479492 0.010000 0.010000
0 0.243896 0.479167 0.010000 0.010000
0 0.479736 0.486654 0.010000 0.013672
0 0.755371 0.480469 0.010000 0.010000
0 0.532471 0.488932 0.010000 0.010000
0 0.828369 0.491211 0.010000 0.010000
0 0.209229 0.492188 0.010000 0.010000
0 0.867432 0.495768 0.010000 0.010000
0 0.668945 0.500000 0.010000 0.010000
0 0.705811 0.503255 0.010000 0.010000
0 0.134766 0.504557 0.010000 0.010000
0 0.529053 0.506185 0.010000 0.010000
0 0.212402 0.512370 0.010000 0.010000
0 0.555908 0.512044 0.010000 0.010000
0 0.833496 0.510417 0.010000 0.010000
0 0.900000 0.511719 0.010000 0.010000
0 0.900000 0.515951 0.010000 0.011068
0 0.900000 0.511719 0.010000 0.010000
0 0.720703 0.516602 0.010000 0.010000
0 0.900000 0.512695 0.010000 0.010000
0 0.670654 0.516927 0.010000 0.010000
0 0.900000 0.514648 0.010000 0.010000
0 0.719727 0.516276 0.010000 0.010000
0 0.900000 0.522135 0.010000 0.010417
0 0.384033 0.524089 0.010000 0.010000
0 0.555908 0.523438 0.010000 0.010000
0 0.892090 0.528646 0.010000 0.010000
0 0.385254 0.529297 0.010000 0.010000
0 0.653564 0.534831 0.010000 0.010000
0 0.507568 0.539062 0.010000 0.010000
0 0.498291 0.539388 0.010000 0.010000
0 0.671143 0.544596 0.010000 0.010000
0 0.900000 0.544922 0.010000 0.010000
0 0.192627 0.545573 0.010000 0.010000
0 0.538086 0.550781 0.010000 0.010000
0 0.535889 0.554688 0.010000 0.010000
0 0.100000 0.557292 0.010000 0.010000
0 0.372070 0.554362 0.010000 0.010000
0 0.190430 0.558594 0.010000 0.010000
0 0.366699 0.556641 0.010000 0.010000
0 0.100000 0.562174 0.010000 0.012370
0 0.191895 0.558594 0.010000 0.010000
0 0.236328 0.567057 0.010000 0.010000
0 0.900000 0.573893 0.010000 0.011068
0 0.877686 0.590169 0.010000 0.010000
0 0.100000 0.594076 0.010000 0.010000
0 0.734375 0.592448 0.010000 0.010000
0 0.100000 0.594076 0.010000 0.010000
0 0.139648 0.598958 0.010000 0.010000
0 0.100000 0.597331 0.010000 0.010000
0 0.123779 0.598633 0.010000 0.010000
0 0.804932 0.597331 0.010000 0.010000
0 0.139648 0.598958 0.010000 0.010000
0 0.100000 0.602865 0.010000 0.010000
0 0.100000 0.603190 0.010000 0.010000
0 0.512207 0.605794 0.010000 0.010000
0 0.131836 0.606771 0.010000 0.010000
0 0.124512 0.612630 0.010000 0.010000
0 0.138184 0.612630 0.010000 0.010000
0 0.302002 0.612630 0.010000 0.010000
0 0.126465 0.612630 0.010000 0.010000
0 0.138184 0.612630 0.010000 0.010000
0 0.701172 0.613281 0.010000 0.010000
0 0.736816 0.616536 0.010000 0.010000
0 0.663574 0.621419 0.010000 0.010000
0 0.749023 0.623698 0.010000 0.010000
0 0.748291 0.623698 0.010000 0.010000
0 0.747559 0.623047 0.010000 0.010000
0 0.754639 0.628581 0.010000 0.010000
0 0.656738 0.629232 0.010000 0.010000
0 0.747070 0.635091 0.010000 0.010000
0 0.541260 0.637044 0.010000 0.010000
0 0.900000 0.639974 0.010000 0.010000
0 0.512451 0.646159 0.011230 0.010000
0 0.512451 0.641927 0.010000 0.010000
0 0.522217 0.645508 0.010000 0.010000
0 0.524902 0.642904 0.010000 0.010000
0 0.891602 0.643880 0.010000 0.010000
0 0.518555 0.646159 0.010000 0.010000
0 0.371094 0.646484 0.010000 0.010000
0 0.416992 0.649740 0.010000 0.010000
0 0.363037 0.655599 0.010000 0.010000
0 0.704346 0.657552 0.010000 0.010000
0 0.759521 0.662435 0.010000 0.010000
0 0.862305 0.664714 0.010000 0.010000
0 0.363525 0.663737 0.010000 0.010000
0 0.100000 0.667969 0.010000 0.010000
0 0.100000 0.672526 0.010000 0.010000
0 0.486084 0.669922 0.010000 0.010000
0 0.713379 0.673177 0.010000 0.010000
0 0.242920 0.676432 0.010000 0.010000
0 0.594482 0.677083 0.010000 0.010000
0 0.768066 0.679688 0.010000 0.010000
0 0.751953 0.681966 0.010000 0.010000
0 0.271973 0.682617 0.010000 0.010000
0 0.766846 0.684245 0.010000 0.010000
0 0.770264 0.684245 0.010000 0.010000
0 0.760254 0.687174 0.010000 0.010000
0 0.315430 0.689128 0.010000 0.010000
0 0.315674 0.689128 0.010000 0.010000
0 0.872070 0.688802 0.010000 0.010000
0 0.100000 0.696615 0.010000 0.010000
0 0.100000 0.704102 0.010000 0.010000
0 0.784668 0.706055 0.010000 0.010000
0 0.100000 0.708333 0.010000 0.010000
0 0.387939 0.709961 0.010000 0.010000
0 0.801270 0.707682 0.010000 0.010000
0 0.387695 0.711914 0.010000 0.010000
0 0.511719 0.718099 0.010000 0.010000
0 0.475098 0.722982 0.010000 0.010000
0 0.468750 0.727865 0.010000 0.010000
0 0.159424 0.729818 0.010000 0.010000
0 0.150391 0.733073 0.010000 0.010000
0 0.197021 0.732096 0.010000 0.010000
0 0.157715 0.741862 0.010000 0.010000
0 0.456299 0.741211 0.010000 0.010000
0 0.738037 0.739909 0.010000 0.010000
0 0.798828 0.742513 0.010000 0.010000
0 0.207275 0.746419 0.010000 0.010000
0 0.457031 0.749674 0.010000 0.010000
0 0.455566 0.750000 0.010000 0.010000
0 0.201904 0.752604 0.010000 0.010000
0 0.465088 0.751302 0.010000 0.010000
0 0.750732 0.755534 0.010000 0.010000
0 0.196777 0.752930 0.010000 0.010000
0 0.340332 0.759115 0.010000 0.010000
0 0.777100 0.758138 0.010000 0.010000
0 0.342529 0.762044 0.010000 0.011068
0 0.219727 0.761719 0.010000 0.010000
0 0.738037 0.760742 0.010000 0.010000
0 0.216309 0.762044 0.010000 0.010000
0 0.541504 0.764323 0.010000 0.010000
0 0.746094 0.764648 0.010000 0.010000
0 0.743896 0.764323 0.010000 0.010000
0 0.747070 0.769857 0.010000 0.012370
0 0.745361 0.768880 0.010000 0.010000
0 0.343750 0.768880 0.010000 0.010000
0 0.216309 0.772135 0.010000 0.010000
0 0.348145 0.775065 0.010000 0.010000
0 0.550781 0.771810 0.010000 0.010000
0 0.336182 0.776042 0.010000 0.010000
0 0.502930 0.779622 0.010000 0.010000
0 0.757324 0.781901 0.010000 0.010000
0 0.348145 0.786458 0.010000 0.010000
0 0.356934 0.786784 0.010000 0.010000
0 0.625000 0.789714 0.010000 0.010000
0 0.619629 0.799805 0.010000 0.010000
0 0.621826 0.798828 0.010000 0.010000
0 0.632080 0.804362 0.010000 0.010000
0 0.843994 0.803385 0.010000 0.010000
0 0.558105 0.806966 0.010000 0.010000
0 0.499268 0.808268 0.010000 0.010000
0 0.494141 0.814128 0.010000 0.010000
0 0.238525 0.817708 0.010000 0.010000
0 0.499512 0.816406 0.010000 0.010000
0 0.853271 0.818359 0.010000 0.010000
0 0.499756 0.821289 0.010000 0.010000
0 0.131348 0.821940 0.010000 0.010000
0 0.153564 0.825521 0.010000 0.010000
0 0.900000 0.841146 0.010000 0.011719
0 0.383057 0.842448 0.011230 0.010000
0 0.203125 0.843424 0.010000 0.010000
0 0.411865 0.846354 0.010000 0.010000
0 0.403809 0.853841 0.010000 0.010000
0 0.414307 0.858724 0.010000 0.010000
0 0.415039 0.861654 0.010000 0.010000
0 0.418457 0.863932 0.010000 0.010000
0 0.566162 0.865885 0.010000 0.010417
0 0.100000 0.864583 0.010000 0.010000
0 0.100000 0.869466 0.010000 0.010000
0 0.753174 0.869792 0.010254 0.010000
0 0.100000 0.873372 0.010000 0.011068
0 0.765381 0.870117 0.010000 0.010000
0 0.407959 0.873698 0.010000 0.010000
0 0.760498 0.872070 0.010000 0.010000
0 0.768311 0.875000 0.011230 0.010000
0 0.768066 0.875000 0.010000 0.010000
0 0.765137 0.888021 0.010000 0.010000
0 0.900000 0.893229 0.010000 0.010000
0 0.790283 0.900000 0.010000 0.010000
0 0.900000 0.900000 0.010000 0.010000
0 0.410400 0.900000 0.010000 0.010000
0 0.900000 0.900000 0.010000 0.010000
0 0.900000 0.900000 0.010000 0.010000
0 0.900000 0.900000 0.010000 0.010000
0 0.900000 0.900000 0.010000 0.010000
0 0.900000 0.900000 0.010000 0.010000
0 0.900000 0.900000 0.010000 0.010000
0 0.900000 0.900000 0.010000 0.010000
0 0.334473 0.900000 0.010000 0.010000
0 0.332764 0.900000 0.010000 0.010000
0 0.692139 0.900000 0.011230 0.010000
0 0.100000 0.900000 0.010000 0.011719
0 0.100000 0.900000 0.010000 0.010000
0 0.100000 0.900000 0.010000 0.010000
0 0.493408 0.900000 0.010000 0.010000
