0 0.843955 0.538701 0.044571 0.039360
0 0.730533 0.529241 0.040565 0.038968
0 0.670547 0.746777 0.047719 0.042659
0 0.869530 0.153848 0.040933 0.038465
0 0.900000 0.541433 0.036159 0.034913
0 0.633461 0.683848 0.039410 0.035772
0 0.307114 0.590929 0.039291 0.036272
0 0.401434 0.515082 0.046440 0.040463
0 0.321966 0.819290 0.034634 0.031559
0 0.571613 0.789499 0.036287 0.031099
0 0.372863 0.611282 0.037311 0.036015
0 0.549954 0.900000 0.039741 0.038032
0 0.505590 0.593864 0.043712 0.040394
0 0.346977 0.481797 0.044563 0.043526
0 0.782062 0.715157 0.045216 0.043944
1 0.868391 0.376217 0.081547 0.077915
1 0.674437 0.393922 0.070462 0.067613
1 0.884356 0.890425 0.074824 0.069428
