0 0.100000 0.100000 0.010000 0.010000
1 0.500000 0.500000 0.500000 0.500000
0 0.100000 0.100000 0.010000 0.010000
0 0.307373 0.100000 0.010000 0.010000
0 0.353027 0.100000 0.010000 0.010000
0 0.362549 0.100000 0.012207 0.010000
0 0.458984 0.100000 0.010000 0.010000
0 0.900000 0.100000 0.028809 0.018229
0 0.431152 0.100000 0.010000 0.010000
0 0.686768 0.100000 0.010000 0.010000
0 0.150146 0.100000 0.010000 0.011068
0 0.900000 0.100000 0.010000 0.010000
0 0.900000 0.100000 0.010000 0.010000
0 0.829834 0.100000 0.010000 0.010000
0 0.208252 0.100000 0.013184 0.030599
0 0.490723 0.100000 0.010000 0.010000
0 0.256348 0.100000 0.016602 0.018880
0 0.193848 0.100000 0.010000 0.010000
0 0.779785 0.100000 0.010000 0.010000
0 0.100000 0.100000 0.010000 0.010000
0 0.195068 0.100000 0.010000 0.010000
0 0.185059 0.102865 0.010000 0.010000
0 0.186523 0.104818 0.010000 0.010000
0 0.255859 0.110352 0.010000 0.014974
0 0.693848 0.103841 0.010000 0.010000
0 0.261475 0.130859 0.010000 0.010000
0 0.793457 0.133138 0.010000 0.010000
0 0.150879 0.134440 0.010000 0.010000
0 0.810059 0.136719 0.010000 0.010000
0 0.446045 0.140625 0.010000 0.010000
0 0.360596 0.144531 0.010000 0.010000
0 0.419434 0.157227 0.010000 0.010000
0 0.473877 0.159180 0.010000 0.010000
0 0.656006 0.165365 0.010000 0.010000
0 0.633789 0.184570 0.010000 0.010000
0 0.563965 0.187174 0.010000 0.010000
0 0.252930 0.192708 0.011719 0.011719
0 0.131348 0.212891 0.010000 0.010417
0 0.463623 0.255208 0.049316 0.091146
0 0.132080 0.219076 0.010000 0.010000
0 0.900000 0.231771 0.010000 0.010000
0 0.100000 0.238932 0.010000 0.010000
0 0.353516 0.243164 0.010000 0.010000
0 0.355225 0.242513 0.010000 0.010000
0 0.100000 0.260091 0.010000 0.010000
0 0.126953 0.266927 0.010000 0.010000
0 0.381592 0.278971 0.010000 0.010000
0 0.482910 0.278646 0.010000 0.010000
0 0.392334 0.291016 0.011230 0.016927
0 0.100000 0.300781 0.010000 0.010000
0 0.579834 0.305664 0.010000 0.010000
0 0.129639 0.316732 0.010000 0.010000
0 0.634277 0.317383 0.010000 0.010000
0 0.220947 0.330078 0.010000 0.010000
0 0.100000 0.332682 0.010000 0.010000
0 0.217041 0.332031 0.010000 0.010000
0 0.586914 0.345378 0.010000 0.010000
0 0.100000 0.354167 0.010000 0.011719
0 0.305176 0.356120 0.010000 0.016927
0 0.671875 0.352865 0.010000 0.010000
0 0.504639 0.355143 0.010000 0.010000
0 0.324951 0.358398 0.010000 0.010000
0 0.325684 0.361328 0.010000 0.010000
0 0.505127 0.361979 0.010000 0.010000
0 0.314209 0.373372 0.012207 0.021484
0 0.721191 0.378906 0.010000 0.033854
0 0.331787 0.366211 0.010000 0.010000
0 0.721680 0.378906 0.010000 0.022135
0 0.900000 0.377279 0.010000 0.010000
0 0.456543 0.380208 0.010000 0.010000
0 0.247070 0.384766 0.010000 0.010000
0 0.603271 0.393880 0.010000 0.010000
0 0.721191 0.396159 0.010000 0.010000
0 0.492676 0.397135 0.010000 0.010000
0 0.246094 0.397786 0.010000 0.010000
0 0.246094 0.399740 0.010000 0.010000
0 0.100000 0.405273 0.010000 0.010000
0 0.242676 0.405599 0.010000 0.010000
0 0.246826 0.406901 0.010000 0.010000
0 0.624756 0.406901 0.010000 0.010000
0 0.247070 0.409831 0.010000 0.010000
0 0.100000 0.411458 0.010000 0.010000
0 0.444824 0.417643 0.010000 0.010000
0 0.446289 0.422201 0.010000 0.010000
0 0.678467 0.423828 0.010000 0.010000
0 0.616943 0.445638 0.010000 0.010000
0 0.513916 0.445312 0.010000 0.010000
0 0.614502 0.466471 0.010000 0.010000
0 0.274902 0.477214 0.010000 0.010000
0 0.451416 0.512695 0.010000 0.010000
0 0.593262 0.515951 0.010000 0.010000
0 0.449707 0.516276 0.010000 0.010000
0 0.100000 0.523438 0.010000 0.010000
0 0.100000 0.522461 0.010000 0.010000
0 0.613770 0.527344 0.010000 0.010417
0 0.747314 0.531901 0.010000 0.014323
0 0.100000 0.527344 0.010000 0.010000
0 0.751709 0.539388 0.014160 0.024089
0 0.100000 0.530273 0.010000 0.010000
0 0.747070 0.530924 0.010000 0.010000
0 0.900000 0.532878 0.010000 0.010000
0 0.900000 0.534180 0.010000 0.010000
0 0.100000 0.542318 0.010000 0.010000
0 0.100000 0.546224 0.010000 0.010000
0 0.100000 0.549479 0.010000 0.010000
0 0.100000 0.554362 0.010000 0.010000
0 0.100000 0.559570 0.010000 0.010000
0 0.744385 0.563151 0.010000 0.010000
0 0.797607 0.572917 0.010000 0.010000
0 0.408203 0.580404 0.010000 0.010000
0 0.408691 0.583008 0.010000 0.010000
0 0.137207 0.594727 0.010000 0.018880
0 0.735352 0.609049 0.010000 0.010000
0 0.561035 0.609701 0.010000 0.010000
0 0.625244 0.611654 0.010000 0.010000
0 0.574463 0.612956 0.010000 0.010000
0 0.716797 0.614583 0.010742 0.010000
0 0.684570 0.619466 0.010000 0.010000
0 0.219482 0.620768 0.010000 0.010000
0 0.229004 0.643555 0.029297 0.047526
0 0.636230 0.628255 0.010000 0.010000
0 0.292236 0.629883 0.010000 0.010000
0 0.208740 0.637695 0.010000 0.016276
0 0.636963 0.631185 0.010000 0.010000
0 0.293213 0.632812 0.010000 0.010000
0 0.679688 0.645182 0.010000 0.010000
0 0.521729 0.659505 0.010000 0.010000
0 0.260498 0.663737 0.010000 0.010000
0 0.663330 0.666667 0.010000 0.010000
0 0.499756 0.681641 0.010000 0.010000
0 0.144531 0.698242 0.010000 0.010000
0 0.698242 0.706706 0.012695 0.020182
0 0.138672 0.700846 0.010000 0.010000
0 0.560791 0.717122 0.015137 0.024089
0 0.580811 0.722982 0.025879 0.037109
0 0.100000 0.706380 0.010000 0.010000
0 0.701416 0.711914 0.010000 0.010000
0 0.126465 0.715169 0.010000 0.010000
0 0.687256 0.721029 0.010000 0.010000
0 0.686035 0.724609 0.010000 0.010000
0 0.850586 0.727865 0.010000 0.010000
0 0.864746 0.732422 0.010000 0.010000
0 0.135254 0.733073 0.010000 0.010000
0 0.841309 0.734701 0.010000 0.010000
0 0.838379 0.735352 0.010000 0.010000
0 0.196533 0.737630 0.010000 0.010000
0 0.156494 0.740234 0.010000 0.010000
0 0.736572 0.740885 0.010000 0.010000
0 0.860107 0.742188 0.010000 0.010000
0 0.859863 0.742188 0.010000 0.010000
0 0.844238 0.745117 0.010000 0.010000
0 0.840820 0.746419 0.010000 0.010000
0 0.152344 0.748698 0.010000 0.010000
0 0.827393 0.749674 0.010000 0.010000
0 0.652588 0.750000 0.010000 0.010000
0 0.646240 0.754232 0.010000 0.010000
0 0.631836 0.775716 0.012695 0.012370
0 0.361572 0.775716 0.010000 0.010000
0 0.365967 0.775065 0.010000 0.010000
0 0.366211 0.773438 0.010000 0.010000
0 0.708984 0.772461 0.010000 0.010000
0 0.626465 0.778320 0.010000 0.011068
0 0.822998 0.777018 0.010000 0.010000
0 0.832031 0.777018 0.010000 0.010000
0 0.423584 0.779948 0.010000 0.010000
0 0.615723 0.783854 0.010000 0.010000
0 0.571777 0.794922 0.010000 0.010000
0 0.562988 0.797526 0.010000 0.010000
0 0.761963 0.804362 0.010000 0.010000
0 0.520996 0.809245 0.010000 0.010000
0 0.100000 0.812174 0.010000 0.010000
0 0.100000 0.815430 0.010000 0.010000
0 0.500732 0.818359 0.010000 0.010000
0 0.100000 0.822917 0.010000 0.010000
0 0.100000 0.828451 0.010000 0.010000
0 0.100000 0.829427 0.010000 0.010000
0 0.564941 0.833659 0.010000 0.010000
0 0.100000 0.838216 0.010000 0.010000
0 0.100000 0.839193 0.010000 0.010000
0 0.575195 0.837891 0.010000 0.010000
0 0.596680 0.843750 0.010000 0.010000
0 0.601807 0.843099 0.010000 0.010000
0 0.100000 0.845052 0.010000 0.010000
0 0.587646 0.848307 0.010000 0.010000
0 0.100000 0.847982 0.010000 0.010000
0 0.604004 0.853841 0.010000 0.010000
0 0.601562 0.853190 0.010000 0.010000
0 0.592285 0.858724 0.010000 0.010000
0 0.890381 0.863607 0.010000 0.010000
0 0.894531 0.875651 0.010000 0.010000
0 0.661621 0.875326 0.010000 0.010000
0 0.614258 0.877930 0.010000 0.010000
0 0.352295 0.893555 0.010000 0.010000
0 0.100000 0.900000 0.010000 0.010000
0 0.352539 0.900000 0.010000 0.011068
0 0.617432 0.900000 0.010000 0.010000
0 0.606445 0.900000 0.010000 0.010000
0 0.100000 0.900000 0.010000 0.010000
0 0.609131 0.900000 0.010000 0.010000
0 0.608398 0.900000 0.010000 0.010000
0 0.645508 0.900000 0.010000 0.010000
0 0.670410 0.900000 0.010000 0.010000
0 0.100000 0.900000 0.010000 0.010000
0 0.716797 0.900000 0.010000 0.010000
0 0.100000 0.900000 0.010000 0.010000
0 0.603271 0.900000 0.010000 0.010000
0 0.100000 0.900000 0.010000 0.010000
0 0.677490 0.900000 0.010000 0.010000
0 0.100000 0.900000 0.010000 0.010000
0 0.709961 0.900000 0.010000 0.010000
0 0.302002 0.900000 0.010000 0.010000
0 0.270996 0.900000 0.010000 0.010000
0 0.709961 0.900000 0.010000 0.010000
0 0.100000 0.900000 0.010000 0.010000
0 0.435791 0.900000 0.010000 0.010000
0 0.900000 0.900000 0.010000 0.010000
0 0.100000 0.900000 0.010000 0.010000
0 0.100000 0.900000 0.010000 0.010000
0 0.100000 0.900000 0.010000 0.010000
0 0.100000 0.900000 0.010000 0.010000
0 0.100000 0.900000 0.010000 0.010000
0 0.100000 0.900000 0.010000 0.010000
0 0.511719 0.900000 0.010000 0.010000
0 0.690674 0.900000 0.010000 0.010000
