0 0.100000 0.100000 0.042969 0.016927
1 0.500000 0.500000 0.500000 0.500000
0 0.342285 0.100000 0.010000 0.010000
0 0.588379 0.100000 0.010000 0.010000
0 0.735840 0.100000 0.010000 0.010000
0 0.900000 0.100000 0.010000 0.010000
0 0.900000 0.100000 0.010000 0.010000
0 0.667725 0.100000 0.010000 0.010000
0 0.353271 0.100000 0.010000 0.010000
0 0.100000 0.100000 0.010000 0.010000
0 0.812256 0.100000 0.010000 0.013672
0 0.814453 0.100000 0.010000 0.010000
0 0.359131 0.100000 0.017090 0.016276
0 0.656494 0.100000 0.010000 0.010000
0 0.900000 0.100000 0.010000 0.010000
0 0.100000 0.100000 0.010000 0.010000
0 0.678955 0.100000 0.010000 0.010000
0 0.100000 0.100000 0.013184 0.036458
0 0.682861 0.100000 0.010000 0.011719
0 0.805176 0.100000 0.010000 0.010000
0 0.865479 0.100000 0.010000 0.010000
0 0.682129 0.100000 0.010000 0.010000
0 0.755127 0.100000 0.010000 0.010000
0 0.366943 0.100000 0.010000 0.010000
0 0.757324 0.100000 0.012695 0.021484
0 0.368652 0.100000 0.010000 0.010000
0 0.543945 0.100000 0.010000 0.010000
0 0.900000 0.100000 0.010000 0.010000
0 0.370605 0.100000 0.010000 0.010000
0 0.463867 0.100000 0.010000 0.010000
0 0.700928 0.100000 0.010000 0.010000
0 0.467041 0.100000 0.010000 0.010000
0 0.895020 0.100000 0.010000 0.010000
0 0.639893 0.100000 0.010000 0.010000
0 0.658447 0.100000 0.010000 0.010000
0 0.658691 0.100000 0.010000 0.016927
0 0.900000 0.100000 0.010000 0.010000
0 0.900000 0.100000 0.010000 0.010000
0 0.453125 0.100000 0.010000 0.010000
0 0.900000 0.100000 0.010000 0.010000
0 0.900000 0.100000 0.010000 0.010000
0 0.132568 0.100000 0.010000 0.010000
0 0.566895 0.100000 0.010000 0.010000
0 0.428467 0.100000 0.010000 0.010000
0 0.100000 0.100000 0.010000 0.010000
0 0.100000 0.100000 0.012207 0.013021
0 0.717041 0.100000 0.010000 0.010417
0 0.428955 0.100000 0.010000 0.010000
0 0.100000 0.100000 0.010000 0.010000
0 0.704346 0.100000 0.010000 0.010000
0 0.714600 0.100000 0.010000 0.010000
0 0.100000 0.100000 0.010000 0.010000
0 0.100000 0.100000 0.010000 0.010000
0 0.747803 0.100000 0.010000 0.010000
0 0.900000 0.100000 0.010000 0.010000
0 0.900000 0.102214 0.010000 0.010000
0 0.698975 0.106445 0.010000 0.010000
0 0.369141 0.112956 0.010000 0.010000
0 0.204102 0.115885 0.010000 0.010000
0 0.304932 0.117839 0.010000 0.010000
0 0.564697 0.122721 0.010000 0.010000
0 0.451660 0.123047 0.010000 0.010000
0 0.900000 0.125651 0.010000 0.010000
0 0.583008 0.126953 0.010000 0.010000
0 0.645020 0.135417 0.010000 0.016927
0 0.100000 0.131185 0.010000 0.010000
0 0.583740 0.132487 0.010000 0.010000
0 0.100000 0.133464 0.010000 0.010000
0 0.173340 0.134766 0.010000 0.010000
0 0.100000 0.134440 0.010000 0.010000
0 0.771973 0.139974 0.010000 0.010000
0 0.100000 0.140625 0.010000 0.010000
0 0.100000 0.149089 0.010000 0.015625
0 0.900000 0.142253 0.010000 0.010000
0 0.177002 0.145833 0.010000 0.010000
0 0.352783 0.144857 0.010000 0.010000
0 0.484863 0.144531 0.010000 0.010000
0 0.100000 0.148112 0.010000 0.010000
0 0.350098 0.145508 0.010000 0.010000
0 0.900000 0.145833 0.010000 0.010000
0 0.352783 0.147786 0.010000 0.010000
0 0.173828 0.153971 0.010000 0.010000
0 0.169434 0.160482 0.010000 0.017578
0 0.314209 0.152018 0.010000 0.010000
0 0.174316 0.154622 0.010000 0.010000
0 0.739746 0.154622 0.010000 0.010000
0 0.288086 0.157552 0.010000 0.010000
0 0.900000 0.161784 0.010000 0.012370
0 0.418213 0.158203 0.010000 0.010000
0 0.743896 0.159505 0.010000 0.010000
0 0.418213 0.166341 0.012207 0.016276
0 0.649414 0.159831 0.010000 0.010000
0 0.304688 0.166341 0.010000 0.010000
0 0.100000 0.169922 0.010000 0.010000
0 0.117188 0.171875 0.010000 0.010000
0 0.174316 0.169596 0.010000 0.010000
0 0.750000 0.184570 0.010000 0.016276
0 0.427002 0.179688 0.010000 0.010000
0 0.427490 0.181641 0.010000 0.010000
0 0.750000 0.183268 0.010000 0.010000
0 0.427490 0.186523 0.010000 0.010000
0 0.121338 0.189779 0.010000 0.010000
0 0.243652 0.190430 0.010000 0.010000
0 0.746826 0.200195 0.010000 0.016276
0 0.868896 0.192383 0.010000 0.010000
0 0.891357 0.195964 0.010000 0.010000
0 0.900000 0.199219 0.011719 0.010000
0 0.753418 0.226562 0.021484 0.035156
0 0.785889 0.218099 0.010000 0.010000
0 0.462646 0.222331 0.017090 0.013672
0 0.255859 0.219727 0.010000 0.010000
0 0.185303 0.223307 0.010000 0.010000
0 0.784668 0.225260 0.010000 0.010000
0 0.811035 0.225911 0.010000 0.010000
0 0.597168 0.238281 0.010000 0.010000
0 0.763184 0.243490 0.010000 0.010000
0 0.490723 0.241862 0.010000 0.010000
0 0.406982 0.244466 0.010000 0.010000
0 0.275879 0.247396 0.010000 0.010000
0 0.667236 0.248047 0.010000 0.010000
0 0.492432 0.249674 0.010000 0.010000
0 0.494385 0.251953 0.010000 0.010000
0 0.328613 0.255534 0.010000 0.010000
0 0.779297 0.257161 0.010000 0.010000
0 0.597900 0.263997 0.010000 0.010000
0 0.593750 0.265625 0.010000 0.010000
0 0.186768 0.266276 0.010000 0.010000
0 0.437744 0.264974 0.010000 0.010000
0 0.781006 0.288086 0.010000 0.010000
0 0.100000 0.289714 0.010000 0.010000
0 0.625000 0.306315 0.010000 0.010000
0 0.324707 0.310547 0.010000 0.010000
0 0.100000 0.312174 0.010000 0.010000
0 0.246094 0.312826 0.010000 0.010000
0 0.164795 0.314453 0.010000 0.010000
0 0.639160 0.313802 0.010000 0.010000
0 0.483643 0.319336 0.010000 0.010000
0 0.900000 0.319987 0.010000 0.010000
0 0.683838 0.322266 0.010000 0.010000
0 0.643799 0.325521 0.010000 0.010000
0 0.819580 0.331380 0.016113 0.015625
0 0.826416 0.325846 0.010000 0.010000
0 0.131348 0.325521 0.010000 0.010000
0 0.377930 0.331706 0.010000 0.010000
0 0.653076 0.332682 0.010000 0.010000
0 0.244629 0.336914 0.010000 0.010000
0 0.861572 0.336914 0.010000 0.010000
0 0.864014 0.339518 0.010000 0.010000
0 0.194092 0.355794 0.010000 0.010000
0 0.852295 0.362630 0.010000 0.011719
0 0.830322 0.359375 0.010000 0.010000
0 0.854248 0.361979 0.010000 0.010000
0 0.900000 0.360677 0.010000 0.010000
0 0.887451 0.363932 0.010000 0.010000
0 0.894531 0.373047 0.021484 0.024740
0 0.275635 0.364583 0.010000 0.010000
0 0.299072 0.364583 0.010000 0.010000
0 0.893066 0.373698 0.015625 0.019531
0 0.195068 0.368490 0.010000 0.010000
0 0.184814 0.373698 0.010000 0.010000
0 0.194336 0.376628 0.010000 0.014974
0 0.191406 0.376953 0.010000 0.014323
0 0.187744 0.376628 0.010000 0.010000
0 0.130127 0.375651 0.010000 0.010000
0 0.100000 0.378581 0.010000 0.010000
0 0.900000 0.375651 0.010000 0.010000
0 0.900000 0.381836 0.010000 0.010000
0 0.364990 0.387370 0.010000 0.010417
0 0.114990 0.391602 0.010000 0.010000
0 0.669922 0.390625 0.010000 0.010000
0 0.900000 0.390625 0.010000 0.010000
0 0.251709 0.390951 0.010000 0.010000
0 0.253906 0.403646 0.010000 0.010000
0 0.254150 0.405273 0.010000 0.010000
0 0.254883 0.407878 0.010000 0.010000
0 0.900000 0.408854 0.010000 0.010000
0 0.206787 0.410807 0.010000 0.010000
0 0.100000 0.414388 0.010000 0.010000
0 0.326172 0.414388 0.010000 0.010000
0 0.678711 0.417969 0.010000 0.010000
0 0.769043 0.418620 0.010000 0.010000
0 0.384277 0.422526 0.010000 0.010000
0 0.185547 0.422852 0.010000 0.010000
0 0.396729 0.424154 0.010000 0.010000
0 0.900000 0.422852 0.010000 0.010000
0 0.900000 0.428060 0.010000 0.010000
0 0.878906 0.434570 0.010000 0.010000
0 0.900000 0.436849 0.010000 0.010000
0 0.100000 0.440755 0.010000 0.010000
0 0.891602 0.441406 0.010000 0.010000
0 0.100000 0.442383 0.010000 0.010000
0 0.328857 0.446615 0.010000 0.010000
0 0.900000 0.460286 0.010000 0.010000
0 0.100000 0.460286 0.010000 0.010000
0 0.900000 0.469401 0.010000 0.010000
0 0.126953 0.476888 0.010742 0.010000
0 0.900000 0.476237 0.010000 0.010000
0 0.368408 0.477539 0.010000 0.010000
0 0.378906 0.478841 0.010000 0.010000
0 0.900000 0.478841 0.010000 0.010000
0 0.284912 0.490234 0.010000 0.010000
0 0.374512 0.493815 0.010000 0.010000
0 0.713623 0.492188 0.010000 0.010000
0 0.344482 0.495443 0.010000 0.010000
0 0.246826 0.496745 0.010000 0.010000
0 0.375732 0.497070 0.010000 0.010000
0 0.648682 0.498698 0.010000 0.010000
0 0.377197 0.498372 0.010000 0.010000
0 0.687988 0.499674 0.010000 0.010000
0 0.105713 0.502930 0.010000 0.010000
0 0.183350 0.508789 0.010000 0.010000
0 0.244141 0.510091 0.010000 0.010000
0 0.489258 0.512695 0.010000 0.010000
0 0.900000 0.511719 0.010000 0.010000
0 0.319092 0.515299 0.010000 0.010000
0 0.414795 0.513997 0.010000 0.010000
0 0.491699 0.517578 0.010000 0.010000
0 0.900000 0.524089 0.010000 0.010000
0 0.249512 0.528971 0.010000 0.010000
0 0.496338 0.528320 0.010000 0.010000
0 0.458740 0.531576 0.010000 0.010000
0 0.725830 0.531250 0.010000 0.010000
0 0.210693 0.534505 0.010000 0.010000
0 0.398926 0.537760 0.010000 0.010000
0 0.641846 0.549154 0.010000 0.010000
0 0.854004 0.547526 0.010000 0.010000
0 0.100000 0.551107 0.010000 0.010000
0 0.774170 0.552083 0.010000 0.010000
0 0.900000 0.561523 0.010000 0.016276
0 0.278076 0.563802 0.010000 0.010000
0 0.374512 0.563477 0.010000 0.010000
0 0.166504 0.567708 0.010000 0.010000
0 0.100000 0.568034 0.010000 0.010000
0 0.134521 0.570312 0.010000 0.010000
0 0.241699 0.579102 0.010000 0.010000
0 0.899658 0.580078 0.010000 0.010000
0 0.100000 0.585286 0.010000 0.011719
0 0.835449 0.581706 0.010000 0.010000
0 0.896973 0.580729 0.010000 0.010000
0 0.349609 0.584635 0.010000 0.010000
0 0.115723 0.591471 0.010000 0.010000
0 0.100000 0.595378 0.010000 0.010000
0 0.351562 0.596029 0.010000 0.010000
0 0.772461 0.607096 0.010000 0.010000
0 0.844971 0.609049 0.010000 0.010000
0 0.770264 0.609375 0.010000 0.010000
0 0.900000 0.610352 0.010000 0.010000
0 0.121094 0.614909 0.010000 0.010000
0 0.481201 0.613932 0.010000 0.010000
0 0.184326 0.619141 0.010000 0.010000
0 0.768066 0.619466 0.010000 0.010000
0 0.639404 0.618815 0.010000 0.010000
0 0.843750 0.622070 0.010000 0.010000
0 0.568604 0.626302 0.010000 0.010000
0 0.873047 0.638021 0.010000 0.013021
0 0.194092 0.639648 0.010000 0.010000
0 0.226562 0.638997 0.010000 0.010000
0 0.900000 0.645508 0.013184 0.011068
0 0.315674 0.642253 0.010000 0.010000
0 0.900000 0.645508 0.010000 0.010000
0 0.509033 0.664714 0.033691 0.042969
0 0.704346 0.648438 0.010000 0.010000
0 0.232666 0.651367 0.010000 0.010000
0 0.783936 0.656250 0.010000 0.010000
0 0.897949 0.658854 0.010000 0.010000
0 0.900000 0.664388 0.010000 0.012370
0 0.469238 0.659505 0.010000 0.010000
0 0.900000 0.666667 0.010000 0.014323
0 0.900000 0.667318 0.010000 0.010417
0 0.900000 0.664062 0.010000 0.010000
0 0.446289 0.663737 0.010000 0.010000
0 0.395996 0.678711 0.010000 0.010000
0 0.817627 0.681966 0.010000 0.010000
0 0.860107 0.679036 0.010000 0.010000
0 0.352783 0.683268 0.010000 0.010000
0 0.264160 0.694661 0.010000 0.010000
0 0.900000 0.697266 0.010000 0.010000
0 0.900000 0.701823 0.010000 0.010417
0 0.812256 0.705729 0.010000 0.010417
0 0.363281 0.723633 0.010000 0.010000
0 0.594238 0.721680 0.010000 0.010000
0 0.791260 0.722656 0.010000 0.010000
0 0.449951 0.725260 0.010000 0.010000
0 0.614746 0.723958 0.010000 0.010000
0 0.791504 0.724609 0.010000 0.010000
0 0.362549 0.727865 0.010000 0.010000
0 0.393799 0.732422 0.010000 0.010000
0 0.100000 0.735026 0.010000 0.010000
0 0.716797 0.737305 0.010000 0.010000
0 0.100000 0.739909 0.010000 0.010000
0 0.334229 0.748047 0.010000 0.010000
0 0.251953 0.750326 0.010000 0.010000
0 0.372559 0.754232 0.010000 0.010000
0 0.197266 0.755859 0.010000 0.010000
0 0.420410 0.758464 0.010000 0.010000
0 0.516357 0.762044 0.010000 0.010000
0 0.739014 0.763997 0.010000 0.010000
0 0.602051 0.764974 0.010000 0.010000
0 0.737793 0.767253 0.010000 0.010000
0 0.842773 0.768555 0.010000 0.010000
0 0.739502 0.766602 0.010000 0.010000
0 0.772949 0.771159 0.010000 0.010000
0 0.842041 0.772135 0.010000 0.010000
0 0.900000 0.772786 0.010000 0.010000
0 0.598877 0.777669 0.010000 0.010000
0 0.672607 0.780924 0.010000 0.010000
0 0.900000 0.781250 0.010000 0.010000
0 0.900000 0.783203 0.010000 0.010000
0 0.900000 0.785156 0.010000 0.010000
0 0.580322 0.786458 0.010000 0.010000
0 0.216309 0.793294 0.010000 0.012370
0 0.522461 0.790039 0.010000 0.010000
0 0.900000 0.789388 0.010000 0.010000
0 0.635498 0.793945 0.010000 0.010000
0 0.264404 0.793945 0.010000 0.010000
0 0.887207 0.792643 0.010000 0.010000
0 0.359619 0.794596 0.010000 0.010000
0 0.520264 0.797852 0.010000 0.010000
0 0.572021 0.801107 0.010000 0.010000
0 0.572021 0.802734 0.010000 0.010000
0 0.489014 0.807943 0.010000 0.010000
0 0.701416 0.807617 0.010000 0.010000
0 0.490723 0.809896 0.010000 0.010000
0 0.511963 0.810872 0.010000 0.010000
0 0.495850 0.810547 0.010000 0.010000
0 0.618408 0.809570 0.010000 0.010000
0 0.722412 0.814779 0.010000 0.010000
0 0.489502 0.817383 0.010000 0.010000
0 0.183350 0.820638 0.010000 0.010000
0 0.100000 0.823568 0.010000 0.010000
0 0.421631 0.824870 0.010000 0.010000
0 0.858643 0.831055 0.012207 0.018880
0 0.424072 0.825195 0.010000 0.010000
0 0.498779 0.826172 0.010000 0.010000
0 0.806396 0.826172 0.010000 0.010000
0 0.843262 0.827799 0.010000 0.010000
0 0.436768 0.839193 0.010000 0.011719
0 0.900000 0.835612 0.010000 0.010000
0 0.555664 0.836263 0.010000 0.010000
0 0.864746 0.837565 0.010000 0.010000
0 0.574951 0.840820 0.010000 0.010000
0 0.854004 0.841797 0.010000 0.010000
0 0.577148 0.849609 0.010000 0.016927
0 0.745361 0.843750 0.010000 0.010000
0 0.900000 0.843750 0.010000 0.010000
0 0.573730 0.848307 0.010000 0.010417
0 0.571289 0.848307 0.010000 0.010000
0 0.503174 0.849284 0.010000 0.010000
0 0.854492 0.851888 0.010000 0.011068
0 0.505127 0.850260 0.010000 0.010000
0 0.581055 0.850911 0.010000 0.010000
0 0.228516 0.851237 0.010000 0.010000
0 0.493652 0.849935 0.010000 0.010000
0 0.100000 0.855794 0.010000 0.010000
0 0.690674 0.857747 0.010000 0.010000
0 0.250732 0.858398 0.010000 0.010000
0 0.796631 0.856445 0.010000 0.010000
0 0.900000 0.857422 0.010000 0.010000
0 0.900000 0.859375 0.010000 0.010000
0 0.894287 0.866211 0.010000 0.010000
0 0.262451 0.864583 0.010000 0.010000
0 0.900000 0.865885 0.010000 0.010000
0 0.900000 0.868164 0.010000 0.010000
0 0.100000 0.872396 0.010000 0.010000
0 0.900000 0.874349 0.010000 0.010000
0 0.103027 0.876302 0.010000 0.010000
0 0.108643 0.878255 0.010000 0.010000
0 0.658691 0.877279 0.010000 0.010000
0 0.727295 0.877604 0.010000 0.010000
0 0.108643 0.879883 0.010000 0.010000
0 0.109863 0.881836 0.010000 0.010000
0 0.757812 0.883789 0.011719 0.011068
0 0.900000 0.881510 0.012207 0.010000
0 0.286621 0.880534 0.010000 0.010000
0 0.846924 0.883789 0.010000 0.010000
0 0.666992 0.886068 0.010000 0.010000
0 0.900000 0.888997 0.010000 0.010000
0 0.900000 0.888346 0.010000 0.010000
0 0.389648 0.893229 0.010000 0.010000
0 0.517578 0.894531 0.010000 0.010000
0 0.657471 0.896810 0.010000 0.010000
0 0.433350 0.900000 0.017090 0.027995
0 0.810059 0.899414 0.010000 0.010000
0 0.900000 0.899740 0.010000 0.010000
0 0.884766 0.900000 0.010000 0.010000
0 0.880127 0.900000 0.010000 0.010000
0 0.439453 0.900000 0.010000 0.010000
0 0.328857 0.900000 0.010000 0.010000
0 0.319580 0.900000 0.025879 0.026693
0 0.719482 0.900000 0.010000 0.010000
0 0.310059 0.900000 0.010000 0.010000
0 0.310791 0.900000 0.015137 0.035807
0 0.715088 0.900000 0.010000 0.010000
0 0.724365 0.900000 0.010000 0.010000
0 0.873291 0.900000 0.010000 0.010000
0 0.643799 0.900000 0.010000 0.010000
0 0.135986 0.900000 0.010000 0.010000
0 0.868164 0.900000 0.010000 0.010000
0 0.718994 0.900000 0.010000 0.010000
0 0.778564 0.900000 0.010000 0.010000
0 0.582520 0.900000 0.010000 0.010000
0 0.125732 0.900000 0.010254 0.010000
0 0.112305 0.900000 0.010000 0.010000
0 0.586426 0.900000 0.010000 0.010000
0 0.494141 0.900000 0.010000 0.010000
0 0.900000 0.900000 0.010000 0.010000
0 0.184326 0.900000 0.010000 0.010000
0 0.738281 0.900000 0.010000 0.010000
0 0.100000 0.900000 0.010000 0.010000
0 0.188721 0.900000 0.010000 0.010000
0 0.900000 0.900000 0.010000 0.015625
0 0.360596 0.900000 0.010000 0.010000
0 0.752686 0.900000 0.010000 0.010000
0 0.900000 0.900000 0.010000 0.010000
0 0.900000 0.900000 0.010000 0.013672
0 0.821777 0.900000 0.010000 0.010000
0 0.801758 0.900000 0.010000 0.010000
0 0.100000 0.900000 0.010000 0.010000
0 0.852295 0.900000 0.010000 0.010000
0 0.151611 0.900000 0.010000 0.010000
0 0.369629 0.900000 0.010000 0.010000
0 0.806885 0.900000 0.010000 0.010000
0 0.139160 0.900000 0.010000 0.010000
0 0.130615 0.900000 0.010000 0.010000
0 0.519043 0.900000 0.011719 0.016276
0 0.864502 0.900000 0.010000 0.010000
0 0.114502 0.900000 0.024902 0.015625
0 0.105225 0.900000 0.010000 0.010000
0 0.489014 0.900000 0.010000 0.010000
0 0.102051 0.900000 0.010000 0.014323
0 0.765137 0.900000 0.010000 0.010000
0 0.114990 0.900000 0.010000 0.010000
0 0.591553 0.900000 0.010000 0.010000
0 0.468262 0.900000 0.010000 0.010000
0 0.559814 0.900000 0.010000 0.010000
0 0.461182 0.900000 0.010000 0.010000
0 0.466797 0.900000 0.010000 0.010000
0 0.768799 0.900000 0.010000 0.010000
