0 0.100000 0.100000 0.010000 0.010000
1 0.500000 0.500000 0.500000 0.500000
0 0.425293 0.100000 0.010000 0.018229
0 0.649902 0.100000 0.010000 0.010000
0 0.900000 0.100000 0.010000 0.010000
0 0.100000 0.100000 0.010000 0.010417
0 0.615723 0.100000 0.010000 0.010000
0 0.541260 0.100000 0.010000 0.010000
0 0.539795 0.100000 0.010000 0.010000
0 0.100000 0.100000 0.010000 0.010000
0 0.245117 0.100000 0.010000 0.010000
0 0.421631 0.100000 0.010000 0.010000
0 0.190430 0.100000 0.010000 0.010000
0 0.542969 0.100000 0.010000 0.010000
0 0.220947 0.100000 0.010000 0.010000
0 0.699219 0.100000 0.010000 0.010000
0 0.539307 0.100000 0.010000 0.010000
0 0.205811 0.100000 0.010000 0.010000
0 0.448242 0.100000 0.010000 0.010000
0 0.541992 0.100000 0.010000 0.010000
0 0.791016 0.100000 0.010000 0.010000
0 0.694580 0.100000 0.010000 0.010000
0 0.280518 0.100000 0.010000 0.010000
0 0.820312 0.100000 0.010000 0.010000
0 0.269287 0.100000 0.010000 0.010000
0 0.859375 0.100000 0.010000 0.010000
0 0.889404 0.100000 0.010000 0.010000
0 0.330566 0.100000 0.011719 0.022135
0 0.196777 0.100000 0.010000 0.010000
0 0.100000 0.100000 0.010000 0.010000
0 0.847656 0.100000 0.010000 0.010000
0 0.298096 0.100000 0.010000 0.010000
0 0.879639 0.100000 0.010000 0.010000
0 0.521729 0.100000 0.010000 0.010000
0 0.729492 0.100000 0.010000 0.010000
0 0.345947 0.100000 0.010000 0.010000
0 0.100000 0.100000 0.010000 0.010000
0 0.340576 0.100000 0.010000 0.010417
0 0.343994 0.100000 0.010000 0.010417
0 0.335449 0.100000 0.010000 0.010000
0 0.570801 0.100000 0.010000 0.011068
0 0.100000 0.100000 0.010000 0.010000
0 0.346436 0.100000 0.010000 0.010000
0 0.796631 0.100000 0.010000 0.010000
0 0.168945 0.100000 0.010000 0.010000
0 0.795410 0.100260 0.010000 0.010000
0 0.733398 0.102865 0.010000 0.010000
0 0.258789 0.104492 0.010000 0.010000
0 0.458496 0.112630 0.010000 0.010000
0 0.828125 0.114583 0.010000 0.010000
0 0.390137 0.115885 0.010000 0.010000
0 0.100000 0.121094 0.010000 0.010000
0 0.396240 0.122070 0.010000 0.010000
0 0.460938 0.122070 0.010000 0.010000
0 0.100000 0.125651 0.010000 0.010000
0 0.900000 0.128255 0.010000 0.010000
0 0.245361 0.128906 0.010000 0.010000
0 0.568848 0.132812 0.010000 0.010000
0 0.100000 0.131836 0.010000 0.010000
0 0.560303 0.132161 0.010000 0.010000
0 0.247314 0.138021 0.010000 0.010000
0 0.708008 0.142578 0.010000 0.010000
0 0.709229 0.141276 0.010000 0.010000
0 0.591553 0.146159 0.010000 0.010000
0 0.100000 0.154948 0.010000 0.010000
0 0.254150 0.157878 0.010000 0.010000
0 0.589355 0.159505 0.010000 0.010000
0 0.394043 0.169596 0.010000 0.010000
0 0.237793 0.168294 0.010000 0.010000
0 0.391846 0.167969 0.010000 0.010000
0 0.791748 0.173177 0.010000 0.010000
0 0.818359 0.174479 0.010000 0.010000
0 0.321289 0.174154 0.010000 0.010000
0 0.330078 0.173503 0.010000 0.010000
0 0.587158 0.173828 0.010000 0.010000
0 0.669189 0.176107 0.010000 0.010000
0 0.352051 0.181641 0.010000 0.010000
0 0.792969 0.183919 0.010000 0.010000
0 0.245850 0.193034 0.010000 0.010000
0 0.900000 0.194661 0.010000 0.010000
0 0.278320 0.197591 0.010000 0.010000
0 0.100000 0.203776 0.010000 0.010000
0 0.900000 0.203451 0.010000 0.010000
0 0.900000 0.203776 0.010000 0.010000
0 0.900000 0.210286 0.010000 0.010000
0 0.900000 0.211914 0.010000 0.010000
0 0.806641 0.213542 0.010000 0.010000
0 0.100000 0.227214 0.010000 0.010417
0 0.821045 0.223307 0.010000 0.010000
0 0.652344 0.228190 0.010000 0.010000
0 0.652344 0.226562 0.010000 0.010000
0 0.748291 0.225911 0.010000 0.010000
0 0.100000 0.229167 0.010000 0.010000
0 0.579834 0.228516 0.010000 0.010000
0 0.406738 0.234701 0.010000 0.010000
0 0.856934 0.235026 0.010000 0.010000
0 0.277344 0.238932 0.010000 0.010000
0 0.540283 0.240560 0.010000 0.010000
0 0.831787 0.244792 0.010000 0.010000
0 0.339600 0.265951 0.010000 0.012370
0 0.342041 0.265625 0.010000 0.010000
0 0.756104 0.263672 0.010000 0.010000
0 0.573730 0.267904 0.010000 0.010000
0 0.235596 0.272135 0.010000 0.010000
0 0.275146 0.274414 0.010000 0.010000
0 0.574951 0.274740 0.010000 0.010000
0 0.701172 0.276693 0.010000 0.010000
0 0.178467 0.280273 0.010000 0.010000
0 0.684570 0.282227 0.010000 0.010000
0 0.692627 0.282227 0.010000 0.010000
0 0.312988 0.291341 0.010000 0.010000
0 0.313232 0.291341 0.010000 0.010000
0 0.525146 0.293620 0.010000 0.010000
0 0.684814 0.295247 0.010000 0.010000
0 0.863281 0.296224 0.010000 0.010000
0 0.100000 0.300130 0.010000 0.010000
0 0.454834 0.301758 0.010000 0.010000
0 0.200195 0.306315 0.010000 0.010000
0 0.532715 0.308268 0.010000 0.010000
0 0.602051 0.312500 0.010000 0.010000
0 0.532715 0.314779 0.010000 0.010000
0 0.527832 0.317383 0.010000 0.010000
0 0.532959 0.317708 0.010000 0.010000
0 0.483887 0.318359 0.010000 0.010000
0 0.610107 0.321289 0.010000 0.010000
0 0.676025 0.326172 0.010000 0.010000
0 0.510986 0.326172 0.010000 0.010000
0 0.482666 0.329427 0.010000 0.010000
0 0.543457 0.341471 0.010000 0.010000
0 0.900000 0.343750 0.010000 0.010000
0 0.869385 0.349935 0.010000 0.010000
0 0.879883 0.347982 0.010000 0.010000
0 0.867676 0.350911 0.010000 0.010000
0 0.865967 0.351888 0.010000 0.010000
0 0.863525 0.352214 0.010000 0.010000
0 0.474609 0.354818 0.010000 0.010000
0 0.591064 0.359049 0.010000 0.010000
0 0.157959 0.363932 0.011230 0.010000
0 0.844971 0.366536 0.010000 0.010000
0 0.738281 0.373047 0.010000 0.010000
0 0.733398 0.385417 0.010000 0.010000
0 0.801758 0.383464 0.010000 0.010000
0 0.215576 0.388021 0.010000 0.010000
0 0.391113 0.392904 0.010000 0.010000
0 0.597168 0.395508 0.010000 0.010000
0 0.166504 0.409505 0.010000 0.010000
0 0.645020 0.414062 0.010000 0.010000
0 0.900000 0.416016 0.010000 0.010000
0 0.900000 0.420573 0.010000 0.010000
0 0.336182 0.426107 0.010000 0.010000
0 0.119141 0.437500 0.010000 0.010000
0 0.868408 0.437826 0.010000 0.010000
0 0.191162 0.442057 0.010000 0.010000
0 0.650879 0.439128 0.010000 0.010000
0 0.190918 0.441732 0.010000 0.010000
0 0.832275 0.443685 0.010000 0.010000
0 0.654297 0.445964 0.010000 0.010000
0 0.100000 0.461263 0.010000 0.010000
0 0.870361 0.468099 0.010000 0.011719
0 0.870605 0.468099 0.010000 0.010000
0 0.283447 0.470703 0.010000 0.010000
0 0.643066 0.474284 0.010000 0.010000
0 0.609375 0.475586 0.010000 0.010000
0 0.637695 0.475911 0.010000 0.010000
0 0.389893 0.478516 0.010000 0.010000
0 0.760742 0.485026 0.010000 0.010000
0 0.767822 0.495117 0.010000 0.010000
0 0.388428 0.498372 0.010000 0.010000
0 0.647705 0.509115 0.012207 0.011719
0 0.900000 0.506510 0.010000 0.010000
0 0.655273 0.513672 0.010000 0.010000
0 0.649658 0.514974 0.010000 0.010000
0 0.655518 0.515625 0.010000 0.010000
0 0.711182 0.518229 0.010000 0.010000
0 0.397705 0.533854 0.010000 0.010000
0 0.528076 0.539388 0.020996 0.017578
0 0.684570 0.534505 0.010000 0.010000
0 0.624756 0.544271 0.010000 0.010000
0 0.100000 0.555990 0.010000 0.010000
0 0.575684 0.561523 0.010000 0.010000
0 0.637207 0.558594 0.010000 0.010000
0 0.811768 0.558919 0.010000 0.010000
0 0.824219 0.557617 0.010000 0.010000
0 0.634766 0.562500 0.014648 0.010000
0 0.815186 0.559245 0.010000 0.010000
0 0.311523 0.561849 0.010000 0.010000
0 0.900000 0.562174 0.010000 0.010000
0 0.239014 0.574870 0.010000 0.010000
0 0.100000 0.580729 0.010000 0.010000
0 0.787842 0.578451 0.010000 0.010000
0 0.867676 0.581706 0.010000 0.010000
0 0.900000 0.577799 0.010000 0.010000
0 0.584473 0.583333 0.010000 0.010000
0 0.660889 0.583333 0.010000 0.010000
0 0.425049 0.592773 0.010254 0.016276
0 0.848145 0.585938 0.010000 0.010000
0 0.611328 0.589518 0.010000 0.010000
0 0.446045 0.590169 0.010000 0.010000
0 0.900000 0.593750 0.010000 0.010417
0 0.900000 0.590820 0.010000 0.010000
0 0.612793 0.592773 0.010000 0.010000
0 0.501709 0.604492 0.010000 0.010000
0 0.496826 0.605794 0.010000 0.010000
0 0.900000 0.605794 0.010000 0.010000
0 0.572998 0.610677 0.010000 0.010000
0 0.225098 0.611003 0.010000 0.010000
0 0.900000 0.614258 0.010000 0.010000
0 0.499756 0.617188 0.010000 0.010000
0 0.274170 0.621419 0.010000 0.010000
0 0.283691 0.623047 0.010000 0.010000
0 0.785156 0.627279 0.010000 0.010000
0 0.774170 0.639974 0.010000 0.010000
0 0.204590 0.639974 0.010000 0.010000
0 0.774170 0.641602 0.010000 0.010000
0 0.375000 0.649089 0.010000 0.010000
0 0.271973 0.647135 0.010000 0.010000
0 0.778076 0.647135 0.010000 0.010000
0 0.782471 0.653646 0.010000 0.010000
0 0.777832 0.658203 0.010000 0.010000
0 0.215576 0.662109 0.010000 0.010000
0 0.398926 0.662760 0.010000 0.010000
0 0.900000 0.662109 0.010000 0.010000
0 0.674805 0.666341 0.010000 0.010000
0 0.210938 0.666992 0.010000 0.010000
0 0.378174 0.669596 0.010000 0.010000
0 0.428711 0.669596 0.010000 0.010000
0 0.869629 0.666667 0.010000 0.010000
0 0.880859 0.669922 0.010000 0.010000
0 0.391113 0.681315 0.010000 0.010000
0 0.391113 0.680664 0.010000 0.010000
0 0.723877 0.681641 0.010000 0.010000
0 0.900000 0.691732 0.010000 0.010000
0 0.440186 0.702474 0.010000 0.010000
0 0.820801 0.709310 0.010000 0.010000
0 0.900000 0.707031 0.010000 0.010000
0 0.900000 0.719401 0.010000 0.010000
0 0.205811 0.723307 0.010000 0.010000
0 0.206787 0.726562 0.010000 0.010000
0 0.900000 0.726562 0.010000 0.010000
0 0.900000 0.730794 0.010000 0.010000
0 0.200195 0.731771 0.010000 0.010000
0 0.373047 0.734375 0.010000 0.010000
0 0.900000 0.733398 0.010000 0.010000
0 0.900000 0.732422 0.010000 0.010000
0 0.197510 0.736328 0.010000 0.010000
0 0.206055 0.741536 0.010000 0.010000
0 0.206299 0.744792 0.010000 0.010000
0 0.207275 0.748047 0.010000 0.010000
0 0.216797 0.749674 0.010000 0.010000
0 0.209717 0.751953 0.010000 0.010000
0 0.501709 0.755534 0.010000 0.010000
0 0.629150 0.759766 0.010000 0.010000
0 0.759033 0.762044 0.010000 0.010000
0 0.900000 0.767578 0.010000 0.010000
0 0.900000 0.763997 0.010000 0.010000
0 0.655273 0.771159 0.010000 0.010000
0 0.813721 0.776367 0.010000 0.010000
0 0.210693 0.775391 0.010000 0.010000
0 0.818359 0.781576 0.010000 0.010000
0 0.240723 0.783203 0.010000 0.010000
0 0.842773 0.784831 0.010000 0.010000
0 0.219971 0.788411 0.010000 0.010000
0 0.848145 0.791992 0.010000 0.010000
0 0.327637 0.798503 0.010000 0.010000
0 0.660889 0.798177 0.010000 0.010000
0 0.849121 0.798828 0.010000 0.010000
0 0.327393 0.802083 0.010254 0.010417
0 0.652832 0.800781 0.010000 0.010000
0 0.802734 0.800130 0.010000 0.010000
0 0.100000 0.804036 0.010000 0.010000
0 0.146973 0.809570 0.010000 0.010000
0 0.302979 0.833333 0.010000 0.010000
0 0.423096 0.869466 0.010000 0.010000
0 0.288330 0.875326 0.010000 0.010000
0 0.203369 0.873372 0.010000 0.010000
0 0.652832 0.887044 0.010000 0.012370
0 0.652832 0.887044 0.010000 0.010000
0 0.100000 0.897135 0.010000 0.010000
0 0.242676 0.900000 0.010000 0.010000
0 0.667480 0.900000 0.010000 0.010000
0 0.254150 0.900000 0.010000 0.010000
0 0.604736 0.900000 0.010000 0.010000
0 0.600342 0.900000 0.010000 0.010000
0 0.610352 0.900000 0.010000 0.011719
0 0.624756 0.900000 0.010000 0.010000
0 0.608887 0.900000 0.010000 0.010000
0 0.900000 0.900000 0.010000 0.010000
0 0.605469 0.900000 0.010000 0.010000
0 0.321777 0.900000 0.010000 0.010000
0 0.578613 0.900000 0.010000 0.010000
0 0.100000 0.900000 0.010000 0.010000
0 0.317871 0.900000 0.010000 0.010000
0 0.578369 0.900000 0.010000 0.010000
0 0.100000 0.900000 0.010000 0.010000
0 0.117188 0.900000 0.010000 0.010000
0 0.184326 0.900000 0.010000 0.010000
0 0.612549 0.900000 0.010000 0.010000
0 0.569336 0.900000 0.010000 0.010000
0 0.120605 0.900000 0.010000 0.010000
0 0.175293 0.900000 0.010000 0.010000
0 0.100000 0.900000 0.010000 0.010000
0 0.575928 0.900000 0.010000 0.010000
0 0.100000 0.900000 0.010000 0.010000
0 0.100000 0.900000 0.010000 0.010000
0 0.100000 0.900000 0.010000 0.010000
0 0.187256 0.900000 0.010000 0.010000
0 0.115479 0.900000 0.010000 0.010000
0 0.159668 0.900000 0.010000 0.010000
0 0.173584 0.900000 0.010000 0.010000
0 0.117188 0.900000 0.010000 0.010000
0 0.121582 0.900000 0.010000 0.010000
0 0.216797 0.900000 0.010000 0.010000
0 0.816650 0.900000 0.010000 0.010000
0 0.187012 0.900000 0.010000 0.010000
0 0.218018 0.900000 0.010000 0.010000
