1 0.500000 0.500000 0.500000 0.500000
0 0.134766 0.100000 0.010000 0.010000
0 0.241699 0.100000 0.082031 0.072917
0 0.226562 0.100000 0.015625 0.013021
0 0.239746 0.100000 0.010000 0.010000
0 0.342285 0.100000 0.010000 0.010000
0 0.238770 0.100000 0.010000 0.010000
0 0.537354 0.100000 0.010000 0.010000
0 0.531982 0.100000 0.010000 0.011068
0 0.900000 0.100000 0.010000 0.010000
0 0.803223 0.100000 0.010000 0.010000
0 0.425293 0.100000 0.010000 0.010000
0 0.428711 0.100000 0.010000 0.010000
0 0.424805 0.100000 0.010000 0.010000
0 0.148926 0.100000 0.010000 0.010000
0 0.473389 0.100000 0.010000 0.010000
0 0.316162 0.100000 0.010000 0.010000
0 0.479736 0.100000 0.010000 0.010000
0 0.900000 0.100000 0.010000 0.010000
0 0.349365 0.100000 0.010000 0.010000
0 0.100000 0.100911 0.010000 0.010000
0 0.409180 0.104492 0.010000 0.010000
0 0.321777 0.105469 0.010000 0.010000
0 0.678955 0.125000 0.010000 0.010000
0 0.900000 0.125326 0.010000 0.010000
0 0.900000 0.126953 0.010000 0.010000
0 0.591064 0.132812 0.010000 0.010000
0 0.340332 0.136719 0.010000 0.010000
0 0.900000 0.153646 0.010000 0.010000
0 0.350342 0.153646 0.010000 0.010000
0 0.419922 0.162109 0.010000 0.010000
0 0.371338 0.163411 0.010000 0.010000
0 0.100000 0.166667 0.010000 0.010000
0 0.820557 0.166341 0.010000 0.010000
0 0.823975 0.167318 0.010000 0.010000
0 0.900000 0.169922 0.010000 0.010000
0 0.183594 0.189128 0.010000 0.010000
0 0.597412 0.192057 0.010000 0.010000
0 0.145752 0.193359 0.010000 0.010000
0 0.303955 0.195964 0.010000 0.010000
0 0.900000 0.199219 0.010000 0.010000
0 0.280273 0.198568 0.010000 0.010000
0 0.900000 0.201823 0.010000 0.010000
0 0.361328 0.207357 0.010000 0.010000
0 0.520996 0.208659 0.010000 0.010000
0 0.361084 0.211263 0.010000 0.010000
0 0.702881 0.213216 0.010000 0.010000
0 0.562012 0.216471 0.010000 0.010000
0 0.108643 0.216471 0.010000 0.010000
0 0.321289 0.229167 0.010000 0.010000
0 0.314453 0.229818 0.010000 0.010000
0 0.327637 0.229167 0.010000 0.010000
0 0.328369 0.234375 0.010000 0.010000
0 0.328613 0.235677 0.010000 0.010000
0 0.899414 0.232422 0.010000 0.010000
0 0.838379 0.236003 0.010000 0.010000
0 0.330078 0.240560 0.010000 0.010000
0 0.900000 0.240560 0.010000 0.010000
0 0.115479 0.248372 0.010000 0.010000
0 0.683105 0.254557 0.010000 0.010000
0 0.380127 0.260417 0.010000 0.015625
0 0.100000 0.258138 0.010000 0.010000
0 0.100000 0.259766 0.010000 0.010000
0 0.740967 0.266602 0.010000 0.010000
0 0.742920 0.268229 0.010000 0.010000
0 0.343262 0.285156 0.031250 0.027344
0 0.324463 0.282552 0.010000 0.010417
0 0.668213 0.279948 0.010000 0.010000
0 0.333252 0.302409 0.023926 0.016276
0 0.100000 0.307943 0.010000 0.010000
0 0.325195 0.308268 0.010000 0.010000
0 0.318848 0.317383 0.010000 0.010000
0 0.321533 0.315104 0.010000 0.010000
0 0.320801 0.316732 0.010000 0.010000
0 0.317627 0.318034 0.010000 0.010000
0 0.731934 0.323242 0.010000 0.010000
0 0.710938 0.331055 0.010000 0.010000
0 0.295166 0.340169 0.010000 0.010000
0 0.671387 0.347005 0.010000 0.010000
0 0.304443 0.350260 0.010000 0.010000
0 0.100000 0.351888 0.010000 0.010000
0 0.305420 0.350586 0.010000 0.010000
0 0.543213 0.353190 0.010000 0.010000
0 0.750244 0.352865 0.010000 0.010000
0 0.784912 0.351888 0.010000 0.010000
0 0.100000 0.357422 0.010000 0.010000
0 0.699951 0.356445 0.010000 0.010000
0 0.414307 0.357747 0.010000 0.010000
0 0.548584 0.377604 0.019043 0.032552
0 0.366455 0.364258 0.010000 0.010000
0 0.440430 0.367839 0.010000 0.010000
0 0.100000 0.367513 0.010000 0.010000
0 0.721924 0.368164 0.010000 0.010000
0 0.448975 0.382487 0.021973 0.024089
0 0.437012 0.384115 0.010000 0.010417
0 0.202881 0.392253 0.010000 0.010000
0 0.332764 0.396159 0.010000 0.010000
0 0.682129 0.399740 0.010000 0.010000
0 0.680176 0.400065 0.010000 0.010000
0 0.728271 0.418294 0.010000 0.010000
0 0.900000 0.421875 0.010000 0.010000
0 0.900000 0.420573 0.010000 0.010000
0 0.886963 0.422526 0.010000 0.010000
0 0.900000 0.429688 0.010000 0.010000
0 0.544434 0.435872 0.010000 0.010000
0 0.744629 0.431966 0.010000 0.010000
0 0.584717 0.444987 0.010000 0.010000
0 0.809570 0.443359 0.010000 0.010000
0 0.900000 0.451497 0.010000 0.010000
0 0.417236 0.449870 0.010000 0.010000
0 0.900000 0.453451 0.010000 0.010000
0 0.900000 0.453451 0.010000 0.010000
0 0.175537 0.460612 0.010000 0.010000
0 0.266846 0.460938 0.010000 0.010000
0 0.425293 0.464193 0.010000 0.010417
0 0.380859 0.470378 0.010000 0.010000
0 0.157715 0.470052 0.010000 0.010000
0 0.588379 0.480143 0.010000 0.010000
0 0.100000 0.480469 0.010000 0.010000
0 0.741211 0.481445 0.010000 0.010000
0 0.483398 0.484375 0.010000 0.010000
0 0.634521 0.484701 0.010000 0.010000
0 0.100000 0.489258 0.010000 0.010000
0 0.381104 0.494141 0.010000 0.010000
0 0.609619 0.502604 0.020996 0.023438
0 0.822021 0.516927 0.036621 0.040365
0 0.824707 0.501628 0.010000 0.010000
0 0.432861 0.504883 0.010000 0.010000
0 0.677979 0.502279 0.010000 0.010000
0 0.396973 0.507161 0.010000 0.010000
0 0.811523 0.508138 0.010000 0.010000
0 0.388916 0.512695 0.010254 0.010000
0 0.389404 0.512370 0.010000 0.010000
0 0.100000 0.514974 0.010000 0.010000
0 0.398682 0.518229 0.010000 0.010000
0 0.611328 0.517253 0.010000 0.010000
0 0.866211 0.516602 0.010000 0.010000
0 0.611816 0.519857 0.010000 0.010000
0 0.680664 0.523438 0.010000 0.010417
0 0.873535 0.518880 0.010000 0.010000
0 0.874756 0.527669 0.010000 0.016276
0 0.100000 0.523112 0.010000 0.010000
0 0.871582 0.526693 0.010000 0.010000
0 0.683838 0.530599 0.010000 0.010000
0 0.246826 0.532227 0.010000 0.010000
0 0.100000 0.539714 0.010000 0.010000
0 0.875977 0.538737 0.010000 0.010000
0 0.900000 0.560547 0.010742 0.015625
0 0.751465 0.557617 0.010000 0.010000
0 0.900000 0.556641 0.010000 0.010000
0 0.403564 0.561198 0.010000 0.010000
0 0.900000 0.565430 0.010000 0.010000
0 0.100000 0.580729 0.010000 0.010000
0 0.387695 0.583659 0.010000 0.010000
0 0.476074 0.590820 0.010000 0.010000
0 0.286621 0.599935 0.010000 0.010000
0 0.135986 0.615885 0.010000 0.010000
0 0.453613 0.617513 0.010000 0.010000
0 0.443359 0.619466 0.010000 0.010000
0 0.100000 0.623372 0.010000 0.010000
0 0.575195 0.630208 0.010000 0.010000
0 0.623047 0.632812 0.010000 0.010000
0 0.569580 0.639323 0.010000 0.010000
0 0.849365 0.641927 0.010000 0.010000
0 0.844238 0.643229 0.010000 0.010000
0 0.773193 0.645182 0.010000 0.010000
0 0.100000 0.652995 0.010000 0.010000
0 0.174316 0.661784 0.010000 0.010000
0 0.795898 0.666016 0.010000 0.010000
0 0.100000 0.667643 0.010000 0.010000
0 0.813232 0.666992 0.010000 0.010000
0 0.297852 0.670247 0.010000 0.010000
0 0.581055 0.675456 0.010000 0.010000
0 0.900000 0.675130 0.010000 0.010000
0 0.457031 0.678711 0.010000 0.010000
0 0.900000 0.705729 0.010000 0.010000
0 0.308350 0.712240 0.010000 0.011719
0 0.263184 0.714193 0.010000 0.010000
0 0.345947 0.717773 0.010000 0.010000
0 0.757812 0.718750 0.010000 0.010000
0 0.100000 0.719401 0.010000 0.010000
0 0.507080 0.746094 0.010000 0.010000
0 0.624023 0.759440 0.010000 0.010000
0 0.769531 0.764648 0.010000 0.010000
0 0.616455 0.775716 0.010000 0.010000
0 0.900000 0.775716 0.010000 0.010000
0 0.100000 0.780599 0.010000 0.010000
0 0.100000 0.788086 0.010000 0.010000
0 0.750488 0.794271 0.010000 0.010000
0 0.761475 0.795247 0.010000 0.010000
0 0.594971 0.797526 0.010000 0.010000
0 0.341553 0.799479 0.010000 0.010000
0 0.619629 0.803060 0.010000 0.011068
0 0.595215 0.801758 0.010000 0.010000
0 0.176514 0.810872 0.010000 0.010000
0 0.618896 0.811523 0.010000 0.010000
0 0.685303 0.823893 0.010000 0.010000
0 0.156494 0.826823 0.010000 0.010000
0 0.100000 0.833333 0.010000 0.010417
0 0.100000 0.840820 0.010000 0.010000
0 0.234619 0.841471 0.010000 0.010000
0 0.732422 0.849284 0.010000 0.010000
0 0.678955 0.851562 0.010000 0.010000
0 0.784668 0.852214 0.010000 0.010000
0 0.852295 0.855143 0.010000 0.010000
0 0.712646 0.864583 0.010000 0.010000
0 0.711426 0.866211 0.010000 0.010000
0 0.709961 0.867839 0.010000 0.010000
0 0.100000 0.890951 0.010000 0.010000
0 0.751221 0.892904 0.010000 0.010000
0 0.822266 0.892904 0.010000 0.010000
0 0.735107 0.900000 0.010000 0.010000
0 0.327881 0.900000 0.010000 0.010000
0 0.708008 0.900000 0.010000 0.010000
0 0.792480 0.900000 0.010000 0.010000
0 0.100000 0.900000 0.010000 0.010000
0 0.900000 0.900000 0.042969 0.068359
0 0.792236 0.900000 0.010000 0.010000
0 0.846680 0.900000 0.010000 0.010000
0 0.850098 0.900000 0.010000 0.010000
0 0.853271 0.900000 0.010000 0.010000
0 0.289062 0.900000 0.010000 0.010000
0 0.834717 0.900000 0.020020 0.033854
0 0.100000 0.900000 0.010000 0.010000
0 0.848877 0.900000 0.010000 0.010000
0 0.250244 0.900000 0.010000 0.010000
0 0.847656 0.900000 0.013672 0.020182
0 0.161377 0.900000 0.010000 0.010000
0 0.794922 0.900000 0.010000 0.010000
0 0.834717 0.900000 0.010000 0.010000
0 0.458496 0.900000 0.010000 0.010000
0 0.900000 0.900000 0.020020 0.010000
0 0.722900 0.900000 0.010000 0.010000
0 0.734619 0.900000 0.010000 0.010000
0 0.878662 0.900000 0.010000 0.010000
0 0.682129 0.900000 0.010000 0.010000
