0 0.100000 0.100000 0.010000 0.010000
1 0.500000 0.500000 0.500000 0.500000
0 0.153320 0.100000 0.010000 0.010000
0 0.155273 0.100000 0.010000 0.010000
0 0.807373 0.100000 0.010000 0.010000
0 0.327881 0.100000 0.010000 0.010000
0 0.487793 0.100000 0.010000 0.010000
0 0.822754 0.100000 0.010000 0.010000
0 0.900000 0.100000 0.010000 0.010000
0 0.528320 0.100000 0.010000 0.010000
0 0.900000 0.100000 0.010000 0.010000
0 0.179932 0.100000 0.010000 0.010000
0 0.497559 0.100000 0.011719 0.010000
0 0.842285 0.100000 0.011719 0.010000
0 0.395996 0.100000 0.010000 0.010000
0 0.409912 0.100000 0.010000 0.010000
0 0.607178 0.100000 0.010000 0.010000
0 0.332520 0.100000 0.010000 0.010000
0 0.100000 0.100000 0.010000 0.011719
0 0.100000 0.101888 0.010000 0.010000
0 0.100000 0.102214 0.010000 0.010000
0 0.764160 0.102539 0.010000 0.010000
0 0.114502 0.108073 0.010000 0.010000
0 0.100000 0.111003 0.010000 0.010000
0 0.150879 0.110677 0.010000 0.010000
0 0.626953 0.116862 0.010000 0.010000
0 0.635254 0.127604 0.010000 0.010000
0 0.900000 0.131510 0.010000 0.010000
0 0.682129 0.133138 0.010000 0.010000
0 0.354248 0.135417 0.010000 0.010000
0 0.664307 0.136393 0.010000 0.010000
0 0.664307 0.136068 0.010000 0.010000
0 0.121582 0.148112 0.010000 0.010000
0 0.900000 0.161784 0.010000 0.010000
0 0.882080 0.162435 0.010000 0.010000
0 0.700439 0.179688 0.010000 0.010000
0 0.434814 0.189453 0.010000 0.010000
0 0.733398 0.199219 0.010000 0.010000
0 0.332275 0.204102 0.010000 0.010000
0 0.100000 0.224935 0.017578 0.014974
0 0.100000 0.221680 0.010000 0.010000
0 0.100000 0.222005 0.010000 0.010000
0 0.100000 0.230794 0.010000 0.010000
0 0.741211 0.247396 0.010000 0.010000
0 0.580322 0.247721 0.010000 0.010000
0 0.216309 0.261719 0.010000 0.010000
0 0.180908 0.265299 0.010000 0.010000
0 0.100000 0.269531 0.010000 0.010000
0 0.785400 0.286784 0.010000 0.010000
0 0.389893 0.291016 0.010000 0.010000
0 0.814941 0.291992 0.010000 0.010000
0 0.323242 0.292643 0.010000 0.010000
0 0.527832 0.302083 0.010000 0.013021
0 0.847412 0.301432 0.010000 0.010000
0 0.170166 0.304362 0.010000 0.010000
0 0.725342 0.306966 0.010000 0.010000
0 0.100000 0.310872 0.010000 0.010000
0 0.167725 0.312174 0.010000 0.010000
0 0.165527 0.311523 0.010000 0.010000
0 0.900000 0.313477 0.010000 0.010000
0 0.900000 0.320964 0.010000 0.010000
0 0.238770 0.321615 0.010000 0.010000
0 0.788330 0.326497 0.010000 0.010000
0 0.100000 0.328451 0.010000 0.010000
0 0.100000 0.330078 0.010000 0.010000
0 0.893311 0.338216 0.010000 0.010000
0 0.728516 0.351562 0.010000 0.018229
0 0.484131 0.352214 0.010000 0.010000
0 0.900000 0.356771 0.010000 0.010000
0 0.900000 0.367839 0.014648 0.023438
0 0.827881 0.363281 0.010000 0.010000
0 0.892822 0.365885 0.010000 0.010000
0 0.481689 0.377279 0.017090 0.024089
0 0.600586 0.365234 0.010000 0.010000
0 0.100000 0.369466 0.010000 0.010000
0 0.474121 0.370117 0.010000 0.010000
0 0.829346 0.375977 0.010000 0.010000
0 0.832031 0.374349 0.010000 0.010000
0 0.834473 0.377930 0.010000 0.010000
0 0.120850 0.382487 0.010000 0.010000
0 0.801270 0.386393 0.010000 0.010000
0 0.263916 0.390951 0.010254 0.016276
0 0.169189 0.388672 0.010000 0.010000
0 0.786865 0.394531 0.013184 0.011719
0 0.323486 0.391276 0.010000 0.010000
0 0.791504 0.391602 0.010000 0.010000
0 0.258545 0.393555 0.010000 0.010000
0 0.304688 0.391602 0.010000 0.010000
0 0.276123 0.394857 0.010000 0.010000
0 0.390869 0.395833 0.010000 0.010000
0 0.392822 0.393880 0.010000 0.010000
0 0.900000 0.397135 0.010000 0.010000
0 0.390137 0.405599 0.010000 0.010000
0 0.689697 0.405924 0.010000 0.010000
0 0.459961 0.405924 0.010000 0.010000
0 0.900000 0.406901 0.010000 0.010000
0 0.329102 0.410482 0.010000 0.010000
0 0.590088 0.410156 0.010000 0.010000
0 0.177490 0.414388 0.010000 0.010000
0 0.900000 0.415039 0.010000 0.010000
0 0.100000 0.417318 0.010000 0.010000
0 0.900000 0.418945 0.010000 0.010000
0 0.328369 0.422201 0.010000 0.010000
0 0.323975 0.424805 0.010000 0.010000
0 0.328125 0.422201 0.010000 0.010000
0 0.617188 0.424154 0.010000 0.010000
0 0.322510 0.426107 0.010000 0.010000
0 0.659424 0.428060 0.010000 0.010000
0 0.840576 0.446615 0.010000 0.013021
0 0.548828 0.447266 0.010000 0.010000
0 0.845703 0.447917 0.010000 0.010000
0 0.341797 0.448893 0.010000 0.010000
0 0.334961 0.448893 0.010000 0.010000
0 0.546875 0.459310 0.012695 0.018880
0 0.824463 0.452799 0.010000 0.010000
0 0.552490 0.456706 0.010000 0.010000
0 0.900000 0.456055 0.010000 0.010000
0 0.823242 0.458008 0.010000 0.010000
0 0.824463 0.458333 0.010000 0.010000
0 0.819580 0.459310 0.010000 0.010000
0 0.108154 0.480469 0.010000 0.016927
0 0.709473 0.474609 0.010000 0.010000
0 0.894531 0.476888 0.010000 0.010000
0 0.180176 0.477539 0.010000 0.010000
0 0.874756 0.482422 0.015137 0.014323
0 0.541504 0.479818 0.010000 0.010000
0 0.552002 0.480143 0.010000 0.010000
0 0.151855 0.485026 0.010000 0.010000
0 0.605225 0.488281 0.010000 0.010000
0 0.870117 0.490885 0.010000 0.010000
0 0.729736 0.490885 0.010000 0.010000
0 0.100000 0.492188 0.010000 0.010000
0 0.191650 0.493490 0.010000 0.010000
0 0.886230 0.503906 0.025391 0.023438
0 0.442871 0.504557 0.014648 0.013021
0 0.876953 0.514974 0.010000 0.010000
0 0.373291 0.534505 0.017090 0.018229
0 0.437744 0.530599 0.010000 0.011719
0 0.472412 0.528971 0.010000 0.010000
0 0.731934 0.535807 0.010000 0.010000
0 0.100000 0.540039 0.010000 0.010000
0 0.100000 0.541667 0.010000 0.010000
0 0.230713 0.549805 0.010000 0.010000
0 0.622314 0.551432 0.010000 0.010000
0 0.627930 0.553060 0.010000 0.010000
0 0.654053 0.563151 0.010000 0.010000
0 0.180664 0.570312 0.010000 0.010000
0 0.178711 0.574219 0.010000 0.010000
0 0.261230 0.573242 0.010000 0.010000
0 0.100000 0.577148 0.010000 0.010000
0 0.100000 0.582357 0.010000 0.010000
0 0.100000 0.584635 0.010000 0.010000
0 0.818115 0.587891 0.010000 0.010000
0 0.483887 0.592448 0.010000 0.010000
0 0.479248 0.593099 0.010000 0.010000
0 0.305908 0.594401 0.010000 0.010000
0 0.300293 0.596354 0.010000 0.010000
0 0.298340 0.596354 0.010000 0.010000
0 0.478760 0.596680 0.010000 0.010000
0 0.298584 0.599609 0.010000 0.010000
0 0.306885 0.606445 0.012207 0.018880
0 0.302490 0.601562 0.010000 0.010000
0 0.782959 0.601888 0.010000 0.010000
0 0.116699 0.615234 0.010000 0.010000
0 0.381104 0.614258 0.010000 0.010000
0 0.303955 0.614258 0.010000 0.010000
0 0.307373 0.615234 0.010000 0.010000
0 0.895996 0.617513 0.010000 0.010000
0 0.100000 0.619792 0.010000 0.010000
0 0.751465 0.621745 0.010000 0.010000
0 0.868164 0.619792 0.010000 0.010000
0 0.201416 0.642904 0.010000 0.010000
0 0.871338 0.641276 0.010000 0.010000
0 0.900000 0.643880 0.010000 0.010000
0 0.900000 0.649089 0.010000 0.010000
0 0.156738 0.653320 0.010000 0.010000
0 0.120117 0.657878 0.010000 0.010000
0 0.189209 0.658203 0.010000 0.010000
0 0.189941 0.661133 0.010000 0.010000
0 0.900000 0.662109 0.010000 0.010000
0 0.306885 0.666341 0.010000 0.010000
0 0.900000 0.677409 0.010000 0.010000
0 0.109863 0.678060 0.010000 0.010000
0 0.477295 0.678711 0.010000 0.010000
0 0.900000 0.683594 0.016113 0.011719
0 0.900000 0.682292 0.010000 0.010000
0 0.466309 0.684896 0.010000 0.010000
0 0.461426 0.694336 0.017578 0.017578
0 0.387695 0.695312 0.010000 0.010000
0 0.389648 0.694987 0.010000 0.010000
0 0.100000 0.695312 0.010000 0.010000
0 0.246826 0.699870 0.010000 0.010000
0 0.452393 0.699219 0.010000 0.010000
0 0.379150 0.712565 0.010000 0.010000
0 0.766113 0.713542 0.010000 0.010000
0 0.883545 0.715820 0.010000 0.010000
0 0.691162 0.729492 0.023926 0.017578
0 0.691895 0.721029 0.010000 0.010000
0 0.900000 0.724284 0.010000 0.010000
0 0.900000 0.728841 0.010000 0.010000
0 0.900000 0.736003 0.010000 0.013672
0 0.702393 0.735352 0.010000 0.010000
0 0.836914 0.736003 0.010000 0.010000
0 0.367188 0.740234 0.010000 0.010000
0 0.900000 0.740885 0.010000 0.010000
0 0.900000 0.739909 0.010000 0.010000
0 0.701172 0.741536 0.010000 0.010000
0 0.338867 0.742513 0.010000 0.010000
0 0.817627 0.744141 0.010000 0.010000
0 0.900000 0.747396 0.010000 0.010000
0 0.338867 0.746745 0.010000 0.010000
0 0.341064 0.749674 0.010000 0.010000
0 0.779541 0.748047 0.010000 0.010000
0 0.658936 0.757487 0.010000 0.010000
0 0.859863 0.757161 0.010000 0.010000
0 0.900000 0.758464 0.010000 0.010000
0 0.771729 0.758789 0.010000 0.010000
0 0.100000 0.762370 0.010000 0.010000
0 0.658936 0.763997 0.010000 0.010000
0 0.658447 0.765299 0.010000 0.010000
0 0.745117 0.775716 0.010000 0.012370
0 0.842041 0.772786 0.010000 0.010000
0 0.754639 0.773112 0.010000 0.010000
0 0.330322 0.777018 0.010000 0.010000
0 0.564697 0.778320 0.010000 0.010000
0 0.772705 0.779297 0.010000 0.010000
0 0.848145 0.785156 0.010000 0.010000
0 0.358154 0.784180 0.010000 0.010000
0 0.549805 0.788411 0.010000 0.010000
0 0.333252 0.791016 0.010000 0.010000
0 0.406982 0.798828 0.010000 0.010000
0 0.422607 0.818034 0.023926 0.030599
0 0.413818 0.808594 0.010000 0.010000
0 0.404297 0.816406 0.010000 0.010000
0 0.144775 0.834310 0.020996 0.027995
0 0.143311 0.821940 0.010000 0.010000
0 0.343506 0.828451 0.010000 0.010000
0 0.426758 0.829102 0.010000 0.010000
0 0.698242 0.831380 0.010000 0.010000
0 0.538086 0.832682 0.010000 0.010000
0 0.695801 0.832357 0.010000 0.010000
0 0.137207 0.833659 0.010000 0.010000
0 0.561279 0.837240 0.010000 0.010000
0 0.700195 0.836914 0.010000 0.010000
0 0.556152 0.837565 0.010000 0.010000
0 0.177002 0.850911 0.014160 0.018229
0 0.746826 0.843424 0.010000 0.010000
0 0.900000 0.844076 0.010000 0.010000
0 0.186523 0.850260 0.010000 0.010000
0 0.832275 0.850911 0.010000 0.010000
0 0.435791 0.860026 0.026855 0.019531
0 0.171875 0.860352 0.010000 0.010000
0 0.587402 0.860677 0.010000 0.010000
0 0.117676 0.869466 0.014648 0.014974
0 0.120605 0.865234 0.010000 0.010000
0 0.110352 0.874349 0.010000 0.010000
0 0.393555 0.877604 0.010000 0.010000
0 0.892334 0.879883 0.010000 0.010000
0 0.119385 0.878255 0.010000 0.010000
0 0.100000 0.887370 0.014160 0.016927
0 0.117920 0.883789 0.010254 0.010000
0 0.884766 0.886068 0.013672 0.014323
0 0.113770 0.884766 0.010000 0.010000
0 0.121826 0.884440 0.010000 0.010000
0 0.431152 0.881836 0.010000 0.010000
0 0.885254 0.882161 0.010000 0.010000
0 0.100000 0.891602 0.010000 0.010000
0 0.885498 0.892253 0.010000 0.010000
0 0.896729 0.897786 0.010000 0.010000
0 0.884766 0.900000 0.010000 0.010000
0 0.555908 0.900000 0.010000 0.010000
0 0.559814 0.900000 0.010000 0.010000
0 0.240967 0.900000 0.010000 0.010000
0 0.443115 0.900000 0.010000 0.010000
0 0.256592 0.900000 0.010000 0.010000
0 0.713379 0.900000 0.010000 0.010000
0 0.900000 0.900000 0.010000 0.010000
0 0.110596 0.900000 0.010000 0.010000
0 0.255615 0.900000 0.010000 0.010000
0 0.256348 0.900000 0.010000 0.010000
0 0.650391 0.900000 0.010000 0.010000
0 0.186523 0.900000 0.010000 0.010000
0 0.182617 0.900000 0.010000 0.010000
0 0.875977 0.900000 0.010000 0.010000
0 0.635254 0.900000 0.010000 0.010000
0 0.280518 0.900000 0.010000 0.010000
0 0.548096 0.900000 0.010000 0.010000
0 0.542969 0.900000 0.010000 0.010000
0 0.621826 0.900000 0.010000 0.010000
0 0.397217 0.900000 0.010000 0.010000
