1 0.500000 0.500000 0.500000 0.500000
0 0.138916 0.100000 0.010000 0.010000
0 0.306885 0.100000 0.010000 0.010000
0 0.359863 0.100000 0.012695 0.010000
0 0.368164 0.100000 0.010000 0.010000
0 0.640869 0.100000 0.010000 0.010000
0 0.370605 0.100000 0.010000 0.010000
0 0.100000 0.100000 0.010000 0.010000
0 0.531006 0.100000 0.015137 0.026042
0 0.475342 0.100000 0.010000 0.010000
0 0.453125 0.100000 0.010000 0.010000
0 0.242432 0.100000 0.010000 0.010000
0 0.713379 0.100000 0.010000 0.010000
0 0.623047 0.100000 0.010000 0.010000
0 0.799561 0.100000 0.010000 0.010000
0 0.895996 0.100000 0.010000 0.010000
0 0.220459 0.100000 0.010000 0.010000
0 0.233154 0.100000 0.010000 0.010000
0 0.899658 0.100000 0.010000 0.010000
0 0.900000 0.100000 0.010000 0.010000
0 0.137207 0.100000 0.010000 0.010000
0 0.682373 0.100000 0.010000 0.010000
0 0.900000 0.100000 0.010000 0.010000
0 0.167969 0.100000 0.010000 0.010000
0 0.784668 0.104818 0.010000 0.010000
0 0.122803 0.104818 0.010000 0.010000
0 0.868652 0.110352 0.010000 0.010000
0 0.305420 0.112305 0.010000 0.010000
0 0.816162 0.114909 0.010000 0.010000
0 0.100000 0.116536 0.010000 0.010000
0 0.156982 0.116862 0.010000 0.010000
0 0.376953 0.122721 0.010000 0.010000
0 0.376709 0.129232 0.010000 0.010000
0 0.588379 0.140625 0.010000 0.010000
0 0.572266 0.148763 0.010000 0.010000
0 0.900000 0.152018 0.010000 0.010000
0 0.350098 0.155599 0.010000 0.010000
0 0.219238 0.158529 0.010000 0.010000
0 0.321289 0.159831 0.010000 0.010000
0 0.332520 0.169596 0.010742 0.022786
0 0.857666 0.167318 0.010000 0.010000
0 0.328857 0.170247 0.010000 0.010000
0 0.127197 0.174154 0.010000 0.010000
0 0.286865 0.173177 0.010000 0.010000
0 0.191895 0.196615 0.017578 0.040365
0 0.116943 0.180013 0.010000 0.010000
0 0.273926 0.179362 0.010000 0.010000
0 0.329346 0.179362 0.010000 0.010000
0 0.113770 0.184570 0.010000 0.010000
0 0.531250 0.192708 0.026367 0.020833
0 0.346191 0.186523 0.010000 0.010000
0 0.560059 0.186523 0.010000 0.010000
0 0.112061 0.190104 0.010000 0.010000
0 0.130127 0.189453 0.010000 0.010000
0 0.100000 0.196615 0.010000 0.014323
0 0.129395 0.196940 0.010742 0.010000
0 0.210449 0.200846 0.010000 0.010000
0 0.294678 0.200846 0.010000 0.010000
0 0.545166 0.198242 0.010000 0.010000
0 0.211670 0.200846 0.010000 0.010000
0 0.521484 0.199870 0.010000 0.010000
0 0.879395 0.204753 0.010000 0.010000
0 0.840332 0.210938 0.011719 0.013021
0 0.668457 0.214193 0.010000 0.013021
0 0.633789 0.215495 0.010000 0.010000
0 0.397949 0.216797 0.010000 0.010000
0 0.825928 0.224284 0.010000 0.012370
0 0.666016 0.222005 0.010000 0.010000
0 0.747803 0.242188 0.031738 0.032552
0 0.632568 0.230469 0.010000 0.010000
0 0.767334 0.227865 0.010000 0.010000
0 0.118408 0.233398 0.010000 0.010000
0 0.477295 0.234701 0.010000 0.010000
0 0.227295 0.239909 0.010000 0.010000
0 0.584473 0.236654 0.010000 0.010000
0 0.614014 0.242513 0.010000 0.010000
0 0.228760 0.242513 0.010000 0.010000
0 0.900000 0.243815 0.010000 0.010000
0 0.117188 0.250651 0.010000 0.013021
0 0.616699 0.249674 0.010000 0.010000
0 0.122070 0.249674 0.010000 0.010000
0 0.900000 0.251953 0.010000 0.010000
0 0.100000 0.253255 0.010000 0.010000
0 0.100000 0.254883 0.010000 0.010000
0 0.128906 0.254557 0.010000 0.010000
0 0.100000 0.256836 0.010000 0.010000
0 0.543213 0.263021 0.010254 0.014323
0 0.381104 0.261719 0.010000 0.010000
0 0.364502 0.260742 0.010000 0.010000
0 0.900000 0.262695 0.010000 0.010000
0 0.334473 0.265299 0.010000 0.010000
0 0.121582 0.270833 0.010000 0.010000
0 0.900000 0.273763 0.010000 0.010000
0 0.900000 0.278971 0.011719 0.012370
0 0.710693 0.277669 0.010000 0.010000
0 0.546387 0.278971 0.010000 0.010000
0 0.100000 0.290690 0.014648 0.021484
0 0.145508 0.293945 0.021484 0.026693
0 0.729248 0.282552 0.010000 0.010000
0 0.900000 0.285807 0.010000 0.010000
0 0.664062 0.286133 0.010000 0.010000
0 0.730469 0.287435 0.010000 0.010000
0 0.900000 0.295573 0.010000 0.010000
0 0.302246 0.293620 0.010000 0.010000
0 0.302979 0.294922 0.010000 0.010000
0 0.100000 0.295898 0.010000 0.010000
0 0.215332 0.298503 0.010000 0.010000
0 0.718750 0.297526 0.010000 0.010000
0 0.309814 0.299805 0.010000 0.010000
0 0.214355 0.303385 0.010000 0.010000
0 0.817383 0.301432 0.010000 0.010000
0 0.900000 0.304036 0.010000 0.010000
0 0.122803 0.315430 0.023926 0.021484
0 0.669189 0.309896 0.010000 0.010000
0 0.841797 0.315430 0.010000 0.010000
0 0.772217 0.320312 0.010000 0.010000
0 0.499512 0.327474 0.010000 0.010000
0 0.699219 0.332031 0.010000 0.010000
0 0.791260 0.336589 0.010000 0.010000
0 0.634277 0.336589 0.010000 0.010000
0 0.900000 0.335938 0.010000 0.010000
0 0.100000 0.341146 0.010000 0.010000
0 0.100000 0.340495 0.010000 0.010000
0 0.644775 0.340820 0.010000 0.010000
0 0.100000 0.340169 0.010000 0.010000
0 0.498779 0.341471 0.010000 0.010000
0 0.646240 0.343099 0.010000 0.010000
0 0.649170 0.343424 0.010000 0.010000
0 0.462402 0.352539 0.010000 0.010000
0 0.650635 0.357096 0.010254 0.016276
0 0.865234 0.349609 0.010000 0.010000
0 0.296387 0.359701 0.010000 0.014974
0 0.772705 0.356445 0.010000 0.010000
0 0.493896 0.361979 0.010000 0.010000
0 0.721680 0.366211 0.014648 0.011068
0 0.216553 0.362630 0.010000 0.010000
0 0.692139 0.363932 0.010000 0.010000
0 0.213379 0.365885 0.010000 0.010000
0 0.535645 0.369466 0.010000 0.010000
0 0.100000 0.372396 0.010000 0.010000
0 0.538086 0.370768 0.010000 0.010000
0 0.900000 0.374023 0.010000 0.010000
0 0.725586 0.379232 0.010000 0.010000
0 0.726562 0.379232 0.010000 0.010000
0 0.100000 0.381510 0.010000 0.010000
0 0.900000 0.383789 0.010000 0.010000
0 0.134521 0.381185 0.010000 0.010000
0 0.173828 0.385091 0.010000 0.010000
0 0.100000 0.387044 0.010000 0.010000
0 0.173096 0.393229 0.010000 0.014323
0 0.177490 0.386719 0.010000 0.010000
0 0.753418 0.388672 0.010000 0.010000
0 0.849854 0.389974 0.010000 0.010000
0 0.860107 0.391276 0.010000 0.010000
0 0.100000 0.391276 0.010000 0.010000
0 0.129639 0.393555 0.010000 0.010000
0 0.457275 0.391276 0.010000 0.010000
0 0.455322 0.394206 0.010000 0.010000
0 0.170898 0.400391 0.010000 0.010000
0 0.170898 0.402995 0.010000 0.010000
0 0.178467 0.409180 0.010000 0.010000
0 0.900000 0.423828 0.017090 0.029948
0 0.900000 0.416016 0.010000 0.010417
0 0.100000 0.415365 0.010000 0.010000
0 0.100000 0.425781 0.010000 0.010000
0 0.636230 0.425130 0.010000 0.010000
0 0.747803 0.427083 0.010000 0.010000
0 0.100000 0.431641 0.010000 0.010000
0 0.100000 0.446289 0.012695 0.031901
0 0.100000 0.433919 0.010000 0.010000
0 0.100000 0.458008 0.024902 0.041016
0 0.100000 0.445638 0.011230 0.013672
0 0.826904 0.443359 0.010000 0.010000
0 0.841064 0.442708 0.010000 0.010000
0 0.843506 0.442383 0.010000 0.010000
0 0.831055 0.448568 0.010000 0.010000
0 0.840576 0.448893 0.010000 0.010000
0 0.100000 0.452474 0.010000 0.010000
0 0.555664 0.452474 0.010000 0.010000
0 0.830078 0.456055 0.010000 0.010000
0 0.126709 0.462891 0.010000 0.010000
0 0.314941 0.465169 0.010000 0.010000
0 0.206055 0.465820 0.010000 0.010000
0 0.503662 0.482747 0.025879 0.030599
0 0.900000 0.482096 0.010000 0.010000
0 0.361328 0.487956 0.010000 0.010000
0 0.369629 0.491536 0.010000 0.010000
0 0.497559 0.488607 0.010000 0.010000
0 0.745850 0.503581 0.013184 0.022786
0 0.757080 0.498047 0.010000 0.010000
0 0.372803 0.497070 0.010000 0.010000
0 0.369385 0.503255 0.010000 0.010000
0 0.379395 0.503255 0.010000 0.010000
0 0.365234 0.505859 0.010000 0.010000
0 0.365479 0.508789 0.010000 0.010000
0 0.424805 0.509440 0.010000 0.010000
0 0.127197 0.507812 0.010000 0.010000
0 0.476562 0.509440 0.010000 0.010000
0 0.108154 0.515951 0.010000 0.010000
0 0.553223 0.515951 0.010000 0.010000
0 0.552002 0.521810 0.010000 0.010000
0 0.900000 0.520182 0.010000 0.010000
0 0.878662 0.527018 0.010000 0.010000
0 0.831543 0.534831 0.010000 0.011068
0 0.900000 0.536784 0.010000 0.010000
0 0.654541 0.546875 0.010000 0.011719
0 0.362793 0.547526 0.010000 0.010000
0 0.900000 0.549805 0.010000 0.010000
0 0.100000 0.559245 0.012695 0.015625
0 0.778076 0.553711 0.010000 0.010000
0 0.834229 0.555990 0.010000 0.010000
0 0.900000 0.553711 0.010000 0.010000
0 0.778564 0.558594 0.010000 0.010417
0 0.882568 0.556966 0.010000 0.010000
0 0.900000 0.558268 0.010000 0.010000
0 0.774170 0.558594 0.010000 0.010000
0 0.100000 0.562174 0.010000 0.010000
0 0.780273 0.563151 0.010000 0.010000
0 0.878418 0.563477 0.010000 0.010000
0 0.100000 0.567383 0.010000 0.010000
0 0.100000 0.568685 0.010000 0.010000
0 0.100000 0.570638 0.010000 0.010000
0 0.378174 0.570312 0.010000 0.010000
0 0.731689 0.570638 0.010000 0.010000
0 0.843750 0.572266 0.010000 0.010000
0 0.598389 0.573893 0.010000 0.010000
0 0.599609 0.574870 0.010000 0.010000
0 0.600586 0.575521 0.010000 0.010000
0 0.100000 0.577148 0.010000 0.010000
0 0.817627 0.576823 0.010000 0.010000
0 0.844482 0.581055 0.010000 0.010000
0 0.100000 0.580404 0.010000 0.010000
0 0.843018 0.581380 0.010000 0.010000
0 0.796387 0.590820 0.010000 0.010000
0 0.139648 0.596354 0.010000 0.010000
0 0.140625 0.599284 0.010000 0.010000
0 0.100000 0.600260 0.010000 0.010000
0 0.697510 0.610677 0.017090 0.022135
0 0.302979 0.604492 0.010000 0.010000
0 0.900000 0.609049 0.010000 0.011068
0 0.306396 0.606120 0.010000 0.010000
0 0.332275 0.608073 0.010000 0.010000
0 0.334717 0.605143 0.010000 0.010000
0 0.311279 0.607096 0.010000 0.010000
0 0.519043 0.606445 0.010000 0.010000
0 0.532959 0.607747 0.010000 0.010000
0 0.304932 0.608073 0.010000 0.010000
0 0.215088 0.613607 0.010000 0.010000
0 0.900000 0.621094 0.010000 0.010000
0 0.693848 0.620768 0.010000 0.010000
0 0.138916 0.645182 0.019043 0.026042
0 0.100000 0.638346 0.010000 0.010000
0 0.900000 0.638346 0.010000 0.010000
0 0.100000 0.642578 0.010000 0.010000
0 0.294922 0.642253 0.010000 0.010000
0 0.100000 0.647786 0.010000 0.010000
0 0.582520 0.647461 0.010000 0.010000
0 0.100000 0.649089 0.010000 0.010000
0 0.562988 0.659505 0.014648 0.018229
0 0.900000 0.653646 0.010000 0.010000
0 0.557861 0.656901 0.010000 0.010417
0 0.900000 0.656250 0.011230 0.010000
0 0.100000 0.658529 0.010000 0.011068
0 0.100000 0.656576 0.010000 0.010000
0 0.100000 0.656901 0.010000 0.010000
0 0.100000 0.658203 0.010000 0.010000
0 0.100000 0.657227 0.010000 0.010000
0 0.674316 0.673828 0.023438 0.035156
0 0.684082 0.658529 0.010000 0.010000
0 0.900000 0.660482 0.010000 0.010000
0 0.547607 0.662760 0.010000 0.010000
0 0.548828 0.665039 0.010000 0.010000
0 0.900000 0.673177 0.019531 0.020833
0 0.900000 0.669271 0.010254 0.013021
0 0.235840 0.667643 0.010000 0.010000
0 0.551025 0.667643 0.010000 0.010000
0 0.693848 0.672201 0.010000 0.010000
0 0.456299 0.674805 0.010000 0.010000
0 0.720703 0.673828 0.010000 0.010000
0 0.730225 0.675130 0.010000 0.010000
0 0.688477 0.677409 0.010000 0.010000
0 0.900000 0.679036 0.010000 0.010000
0 0.100000 0.680990 0.010000 0.010000
0 0.687012 0.680339 0.010000 0.010000
0 0.686768 0.682292 0.010000 0.010000
0 0.666504 0.686198 0.010000 0.010000
0 0.518799 0.690104 0.010000 0.010000
0 0.665039 0.689453 0.010000 0.010000
0 0.614502 0.703125 0.018066 0.015625
0 0.100000 0.699219 0.010000 0.010000
0 0.490723 0.698242 0.010000 0.010000
0 0.547363 0.702148 0.010000 0.010000
0 0.100000 0.707682 0.010000 0.010000
0 0.100000 0.708008 0.010000 0.010000
0 0.100000 0.709961 0.010000 0.010000
0 0.579834 0.716471 0.013184 0.012370
0 0.597656 0.716146 0.010000 0.010000
0 0.562500 0.725911 0.014648 0.015625
0 0.574707 0.722005 0.010000 0.010000
0 0.483887 0.728190 0.010000 0.010000
0 0.100000 0.737956 0.010000 0.010000
0 0.114014 0.738932 0.010000 0.010000
0 0.122070 0.743815 0.010000 0.010000
0 0.435547 0.740885 0.010000 0.010000
0 0.710938 0.740560 0.010000 0.010000
0 0.100000 0.744141 0.010000 0.010000
0 0.100000 0.745117 0.010000 0.010000
0 0.433594 0.748047 0.010000 0.013021
0 0.476318 0.746745 0.010000 0.010000
0 0.487305 0.748698 0.010000 0.010000
0 0.819580 0.753581 0.010254 0.013672
0 0.712402 0.749349 0.010000 0.010000
0 0.100000 0.757812 0.010000 0.014323
0 0.100000 0.762044 0.010000 0.020182
0 0.169922 0.765299 0.015625 0.025391
0 0.112549 0.758789 0.010000 0.010000
0 0.334717 0.759115 0.010000 0.010000
0 0.811523 0.760742 0.010000 0.010000
0 0.267090 0.767578 0.013672 0.015625
0 0.100000 0.764648 0.010000 0.010000
0 0.602539 0.777995 0.017578 0.032552
0 0.878662 0.769206 0.010000 0.010000
0 0.544922 0.771159 0.010000 0.010000
0 0.281738 0.771810 0.010000 0.010000
0 0.460449 0.771159 0.010000 0.010000
0 0.140381 0.784505 0.010000 0.010000
0 0.624023 0.784180 0.010000 0.010000
0 0.100000 0.797852 0.010000 0.010000
0 0.100000 0.798503 0.010000 0.010000
0 0.133057 0.797201 0.010000 0.010000
0 0.900000 0.799805 0.010000 0.010000
0 0.342529 0.799154 0.010000 0.010000
0 0.392822 0.803711 0.010000 0.010000
0 0.870361 0.807617 0.010000 0.010000
0 0.539551 0.815104 0.010000 0.018229
0 0.134766 0.808594 0.010000 0.010000
0 0.539551 0.826497 0.010000 0.010000
0 0.541992 0.829427 0.010000 0.010000
0 0.100000 0.839193 0.010000 0.010000
0 0.563477 0.838542 0.010000 0.010000
0 0.100000 0.840169 0.010000 0.010000
0 0.239502 0.840495 0.010000 0.010000
0 0.580811 0.841146 0.010000 0.010000
0 0.637451 0.844076 0.010000 0.010000
0 0.688477 0.845052 0.010000 0.010000
0 0.900000 0.852539 0.010742 0.014974
0 0.100000 0.851888 0.010000 0.010000
0 0.733154 0.859375 0.010000 0.010000
0 0.100000 0.861003 0.010000 0.010000
0 0.900000 0.871419 0.010000 0.011068
0 0.900000 0.868815 0.010000 0.010000
0 0.488770 0.875326 0.010000 0.010000
0 0.752686 0.883789 0.010000 0.010000
0 0.654297 0.884115 0.010000 0.010000
0 0.625244 0.886719 0.010000 0.010000
0 0.256348 0.888346 0.010000 0.010000
0 0.270264 0.893229 0.014160 0.015625
0 0.254150 0.888997 0.010000 0.010000
0 0.781006 0.889974 0.010000 0.010000
0 0.253906 0.900000 0.010000 0.012370
0 0.900000 0.896484 0.010000 0.010000
0 0.780029 0.896810 0.010000 0.010000
0 0.175781 0.899740 0.010000 0.010000
0 0.100000 0.900000 0.010000 0.016276
0 0.322754 0.900000 0.010000 0.010000
0 0.629639 0.900000 0.010000 0.010000
0 0.580322 0.900000 0.010000 0.010000
0 0.163574 0.900000 0.010000 0.010000
0 0.456787 0.900000 0.040527 0.060547
0 0.575439 0.900000 0.010000 0.010000
0 0.307129 0.900000 0.038086 0.035156
0 0.749268 0.900000 0.010000 0.010000
0 0.900000 0.900000 0.010000 0.014323
0 0.360596 0.900000 0.010000 0.010417
0 0.305420 0.900000 0.010000 0.010000
0 0.505615 0.900000 0.010000 0.010000
0 0.360107 0.900000 0.010000 0.010000
0 0.725342 0.900000 0.010000 0.010000
0 0.831543 0.900000 0.010000 0.010000
0 0.123779 0.900000 0.010000 0.010000
0 0.744141 0.900000 0.010000 0.010000
0 0.831787 0.900000 0.010000 0.010000
0 0.288574 0.900000 0.010000 0.010000
0 0.356201 0.900000 0.010000 0.010000
0 0.626709 0.900000 0.010000 0.010000
0 0.445801 0.900000 0.022461 0.023438
0 0.100000 0.900000 0.010000 0.010000
0 0.235840 0.900000 0.010000 0.010000
0 0.100000 0.900000 0.011230 0.016276
0 0.100000 0.900000 0.010000 0.010000
0 0.100000 0.900000 0.010000 0.010000
0 0.657715 0.900000 0.010000 0.010000
0 0.650391 0.900000 0.010000 0.010000
0 0.752686 0.900000 0.010000 0.010000
0 0.753418 0.900000 0.010000 0.010000
0 0.900000 0.900000 0.010000 0.010000
0 0.635010 0.900000 0.010000 0.010000
0 0.596436 0.900000 0.010000 0.010000
0 0.599365 0.900000 0.010000 0.010000
0 0.611816 0.900000 0.010000 0.010000
0 0.354004 0.900000 0.010000 0.010000
0 0.727783 0.900000 0.012207 0.010000
0 0.100000 0.900000 0.010000 0.010000
0 0.740723 0.900000 0.010000 0.010000
0 0.521240 0.900000 0.010000 0.010000
