1 0.500000 0.500000 0.500000 0.500000
0 0.900000 0.100000 0.010000 0.010000
0 0.636719 0.100000 0.010000 0.010000
0 0.238525 0.100000 0.010000 0.010000
0 0.303223 0.100000 0.010000 0.010000
0 0.900000 0.100000 0.010000 0.010000
0 0.900000 0.100000 0.010000 0.010000
0 0.674805 0.100000 0.010742 0.010000
0 0.136475 0.100000 0.010000 0.010000
0 0.697021 0.100000 0.010000 0.010000
0 0.660156 0.100000 0.010000 0.010000
0 0.388916 0.100000 0.010000 0.010000
0 0.564941 0.100000 0.010000 0.010000
0 0.706055 0.100000 0.010000 0.010000
0 0.758301 0.100000 0.010000 0.010000
0 0.100000 0.100000 0.010000 0.010000
0 0.107178 0.100000 0.010000 0.010000
0 0.491211 0.100000 0.010000 0.010000
0 0.770508 0.100000 0.010000 0.010000
0 0.130615 0.100000 0.010000 0.010000
0 0.745605 0.100000 0.010000 0.010000
0 0.888916 0.100000 0.010000 0.012370
0 0.804199 0.100000 0.010000 0.010000
0 0.615479 0.100000 0.010000 0.010000
0 0.816162 0.100000 0.010000 0.010000
0 0.774902 0.100911 0.010000 0.010000
0 0.562744 0.124674 0.010000 0.010000
0 0.859375 0.124023 0.010000 0.010000
0 0.645508 0.144857 0.029297 0.035807
0 0.634277 0.132812 0.010000 0.010000
0 0.100000 0.134115 0.010000 0.010000
0 0.456299 0.137044 0.010254 0.010000
0 0.660889 0.138346 0.010000 0.010000
0 0.887939 0.139323 0.010000 0.010000
0 0.362305 0.138672 0.010000 0.010000
0 0.708252 0.148112 0.010000 0.010000
0 0.424072 0.151367 0.010000 0.010000
0 0.504639 0.181315 0.025879 0.046224
0 0.460938 0.164388 0.010000 0.010000
0 0.640625 0.164062 0.010000 0.010000
0 0.440430 0.169271 0.010000 0.010000
0 0.504395 0.168620 0.010000 0.010000
0 0.900000 0.170573 0.010000 0.010000
0 0.498535 0.173177 0.010000 0.010000
0 0.900000 0.173828 0.010000 0.010000
0 0.605225 0.177083 0.010000 0.010000
0 0.100000 0.185221 0.010000 0.010000
0 0.494141 0.183594 0.010000 0.010000
0 0.100000 0.191732 0.010000 0.010000
0 0.494873 0.190104 0.010000 0.010000
0 0.321777 0.196615 0.010000 0.010000
0 0.435791 0.197591 0.010000 0.010000
0 0.900000 0.202148 0.010000 0.010000
0 0.900000 0.203125 0.010000 0.010000
0 0.900000 0.209961 0.010000 0.010000
0 0.578613 0.210938 0.010000 0.010000
0 0.582764 0.210612 0.010000 0.010000
0 0.900000 0.209310 0.010000 0.010000
0 0.615967 0.223633 0.010000 0.010000
0 0.708008 0.237956 0.010000 0.010000
0 0.396973 0.242839 0.010000 0.010417
0 0.177979 0.242188 0.010000 0.010000
0 0.697021 0.238932 0.010000 0.010000
0 0.246094 0.241211 0.010000 0.010000
0 0.237793 0.244466 0.010000 0.010000
0 0.398926 0.247396 0.010000 0.010000
0 0.841797 0.247396 0.010000 0.010000
0 0.479248 0.252279 0.010000 0.010000
0 0.496094 0.253581 0.010000 0.010000
0 0.755615 0.254557 0.010000 0.010000
0 0.100000 0.258138 0.010000 0.010000
0 0.497070 0.261393 0.010000 0.010000
0 0.274658 0.264974 0.010000 0.010000
0 0.157715 0.266276 0.010000 0.010000
0 0.595703 0.268555 0.010000 0.010000
0 0.887695 0.298503 0.046875 0.048828
0 0.100000 0.280273 0.010000 0.010000
0 0.104492 0.279622 0.010000 0.010000
0 0.174316 0.282878 0.010000 0.010000
0 0.688721 0.288086 0.010000 0.010000
0 0.484619 0.297526 0.010000 0.019531
0 0.360352 0.291667 0.010000 0.010000
0 0.489014 0.297201 0.010000 0.014974
0 0.118408 0.292643 0.010000 0.010000
0 0.100000 0.293620 0.010000 0.010000
0 0.581055 0.297852 0.010000 0.010000
0 0.739990 0.301432 0.010000 0.010000
0 0.874268 0.305339 0.010000 0.010000
0 0.528564 0.307617 0.010000 0.010000
0 0.778809 0.312500 0.010000 0.010000
0 0.878174 0.315430 0.010000 0.010000
0 0.887207 0.319661 0.010000 0.010000
0 0.679443 0.323568 0.010000 0.010000
0 0.900000 0.325846 0.010000 0.010000
0 0.331055 0.332357 0.010000 0.010000
0 0.588135 0.333333 0.010000 0.010000
0 0.891846 0.337565 0.010000 0.010000
0 0.554932 0.336914 0.010000 0.010000
0 0.742188 0.340495 0.010000 0.010000
0 0.748779 0.339193 0.010000 0.010000
0 0.739014 0.339844 0.010000 0.010000
0 0.487061 0.341797 0.010000 0.010000
0 0.673828 0.354492 0.010000 0.010000
0 0.105469 0.358073 0.010000 0.010000
0 0.109619 0.361654 0.010000 0.010000
0 0.108643 0.362305 0.010000 0.010000
0 0.641113 0.371745 0.010000 0.010000
0 0.643799 0.368490 0.010000 0.010000
0 0.595215 0.371419 0.010000 0.010000
0 0.874756 0.372396 0.010000 0.010000
0 0.876953 0.372721 0.010000 0.010000
0 0.235840 0.372721 0.010000 0.010000
0 0.900000 0.374349 0.010000 0.010000
0 0.327393 0.378906 0.010000 0.010000
0 0.255859 0.381836 0.010000 0.010000
0 0.661133 0.383138 0.010000 0.010000
0 0.353271 0.384115 0.010000 0.010000
0 0.802734 0.389323 0.010000 0.010000
0 0.801514 0.391927 0.010000 0.010000
0 0.273438 0.393555 0.010000 0.010000
0 0.437988 0.393555 0.010000 0.010000
0 0.648193 0.398438 0.010000 0.010000
0 0.216553 0.401367 0.010000 0.010000
0 0.535400 0.403971 0.010000 0.010000
0 0.259521 0.403971 0.010000 0.010000
0 0.381836 0.409831 0.010000 0.010000
0 0.364014 0.415690 0.010000 0.010000
0 0.900000 0.417643 0.010000 0.010000
0 0.407959 0.423177 0.010000 0.010000
0 0.100000 0.426758 0.010000 0.010000
0 0.100000 0.431641 0.010000 0.010000
0 0.419189 0.432292 0.010000 0.010000
0 0.819336 0.435547 0.010000 0.010000
0 0.830811 0.436198 0.010000 0.010000
0 0.493896 0.437174 0.010000 0.010000
0 0.823242 0.438802 0.010000 0.010000
0 0.821777 0.444661 0.010000 0.010000
0 0.817627 0.445638 0.010000 0.010000
0 0.100000 0.450846 0.010000 0.010000
0 0.819336 0.462891 0.010000 0.010000
0 0.900000 0.474284 0.010000 0.010000
0 0.900000 0.477539 0.010000 0.010000
0 0.100000 0.484049 0.010000 0.010000
0 0.256104 0.484375 0.010000 0.010000
0 0.100000 0.486003 0.010000 0.010000
0 0.397217 0.486979 0.010000 0.010000
0 0.100000 0.490885 0.010000 0.010000
0 0.699219 0.493815 0.010000 0.010000
0 0.241943 0.494792 0.010000 0.010000
0 0.366455 0.496094 0.010000 0.010000
0 0.452637 0.497070 0.010000 0.010000
0 0.216309 0.498372 0.010000 0.010000
0 0.372559 0.500326 0.010000 0.010000
0 0.401367 0.499349 0.010000 0.010000
0 0.456055 0.503581 0.010000 0.010000
0 0.900000 0.506185 0.010000 0.010000
0 0.900000 0.516276 0.010000 0.010000
0 0.882080 0.517578 0.010000 0.010000
0 0.100000 0.521484 0.010000 0.010000
0 0.900000 0.529297 0.010000 0.010000
0 0.170654 0.532552 0.010000 0.010000
0 0.383789 0.530599 0.010000 0.010000
0 0.740723 0.533854 0.010000 0.010000
0 0.718506 0.533854 0.010000 0.010000
0 0.384277 0.536458 0.010000 0.010000
0 0.100000 0.540690 0.010000 0.010000
0 0.100000 0.545247 0.010000 0.010000
0 0.699219 0.550781 0.010000 0.010000
0 0.406006 0.554362 0.010000 0.010000
0 0.900000 0.560872 0.010000 0.010000
0 0.100000 0.569010 0.010000 0.010000
0 0.100000 0.578451 0.010000 0.010000
0 0.100000 0.585612 0.019531 0.010000
0 0.211182 0.583659 0.010000 0.010000
0 0.100000 0.586263 0.010000 0.010000
0 0.297119 0.587891 0.010000 0.010000
0 0.366943 0.593424 0.010000 0.010000
0 0.505371 0.617839 0.010000 0.010000
0 0.100000 0.616862 0.010000 0.010000
0 0.111084 0.616211 0.010000 0.010000
0 0.479736 0.617513 0.010000 0.010000
0 0.461182 0.621419 0.010000 0.010000
0 0.323975 0.622070 0.010000 0.010000
0 0.755615 0.623698 0.010000 0.010000
0 0.736572 0.625977 0.010000 0.010000
0 0.459229 0.631510 0.010000 0.010000
0 0.502930 0.633138 0.010000 0.010000
0 0.727295 0.635417 0.010000 0.010000
0 0.100000 0.640625 0.010000 0.010000
0 0.653564 0.644206 0.010000 0.010000
0 0.843750 0.641927 0.010000 0.010000
0 0.649902 0.644206 0.010000 0.010000
0 0.803955 0.650391 0.010000 0.010000
0 0.257324 0.652995 0.010000 0.010000
0 0.302002 0.655273 0.010000 0.010000
0 0.149170 0.660807 0.010000 0.010000
0 0.296143 0.662109 0.010000 0.010000
0 0.643066 0.660156 0.010000 0.010000
0 0.848633 0.658854 0.010000 0.010000
0 0.637207 0.667643 0.010000 0.010000
0 0.842041 0.668294 0.010000 0.010000
0 0.100000 0.669271 0.010000 0.010000
0 0.255615 0.669596 0.010000 0.010000
0 0.638428 0.667643 0.010000 0.010000
0 0.886719 0.669271 0.010000 0.010000
0 0.851074 0.670898 0.010000 0.010000
0 0.116943 0.674479 0.010000 0.010000
0 0.270508 0.676432 0.010000 0.010000
0 0.832275 0.676758 0.010000 0.010000
0 0.253906 0.687174 0.013672 0.018880
0 0.563721 0.680990 0.010000 0.010000
0 0.889404 0.679362 0.010000 0.010000
0 0.130127 0.686849 0.014160 0.016927
0 0.805176 0.680990 0.010000 0.010000
0 0.878662 0.688151 0.010000 0.010000
0 0.895508 0.685872 0.010000 0.010000
0 0.866211 0.693359 0.010000 0.010000
0 0.564453 0.696940 0.010000 0.011068
0 0.595703 0.694987 0.010000 0.010000
0 0.700928 0.694010 0.010000 0.010000
0 0.684082 0.699544 0.010000 0.010000
0 0.254883 0.700846 0.010000 0.010000
0 0.864014 0.707682 0.010000 0.010000
0 0.613525 0.709310 0.010000 0.010000
0 0.618896 0.713216 0.010000 0.011068
0 0.561523 0.713542 0.010000 0.010000
0 0.900000 0.721029 0.010000 0.010000
0 0.900000 0.721029 0.010000 0.010000
0 0.241211 0.721354 0.010000 0.010000
0 0.407471 0.722331 0.010000 0.010000
0 0.900000 0.724609 0.010000 0.010000
0 0.278809 0.728841 0.010000 0.010000
0 0.205078 0.734375 0.010000 0.010000
0 0.436523 0.736003 0.010000 0.010000
0 0.591064 0.738281 0.010000 0.010000
0 0.604248 0.740885 0.010000 0.010000
0 0.580811 0.750651 0.010000 0.019531
0 0.497559 0.744792 0.010000 0.010000
0 0.538818 0.752279 0.010000 0.010000
0 0.232666 0.755208 0.010000 0.010000
0 0.552979 0.754232 0.010000 0.010000
0 0.824219 0.786133 0.010000 0.010000
0 0.251221 0.791667 0.010000 0.010000
0 0.793701 0.798177 0.010000 0.010000
0 0.361816 0.805990 0.010000 0.010000
0 0.444336 0.807617 0.010000 0.010000
0 0.100000 0.809896 0.010000 0.010000
0 0.179199 0.813151 0.010000 0.010000
0 0.100000 0.828125 0.011230 0.010000
0 0.658203 0.829102 0.010000 0.010000
0 0.469482 0.830729 0.010000 0.010000
0 0.577148 0.836914 0.010000 0.010000
0 0.701416 0.840169 0.010000 0.010000
0 0.477051 0.840169 0.010000 0.010000
0 0.693604 0.840820 0.010000 0.010000
0 0.324707 0.849284 0.010000 0.010000
0 0.578125 0.849284 0.010000 0.010000
0 0.270264 0.850260 0.010000 0.010000
0 0.484131 0.861328 0.010000 0.010000
0 0.584717 0.867513 0.010000 0.010000
0 0.136230 0.870443 0.010000 0.010000
0 0.462891 0.873698 0.010000 0.010000
0 0.900000 0.892578 0.010000 0.010000
0 0.767822 0.898438 0.010000 0.010000
0 0.865723 0.895833 0.010000 0.010000
0 0.798584 0.900000 0.010000 0.010000
0 0.134277 0.900000 0.010000 0.010000
0 0.208252 0.900000 0.010000 0.010000
0 0.266357 0.900000 0.010000 0.010000
0 0.780273 0.900000 0.010000 0.010000
0 0.100000 0.900000 0.010000 0.010000
0 0.900000 0.900000 0.010000 0.010000
0 0.811523 0.900000 0.010000 0.010000
0 0.805420 0.900000 0.010000 0.010000
0 0.100000 0.900000 0.010000 0.010000
0 0.767090 0.900000 0.010000 0.010000
0 0.767822 0.900000 0.010000 0.010000
0 0.796631 0.900000 0.010000 0.010000
0 0.119385 0.900000 0.010000 0.010000
0 0.779785 0.900000 0.010000 0.010000
0 0.512207 0.900000 0.010000 0.010000
0 0.131348 0.900000 0.010000 0.010000
0 0.627197 0.900000 0.010000 0.010000
0 0.639893 0.900000 0.010000 0.010000
0 0.615723 0.900000 0.010000 0.010000
0 0.648193 0.900000 0.010000 0.010000
0 0.233154 0.900000 0.010000 0.010000
0 0.654053 0.900000 0.010000 0.010000
0 0.572510 0.900000 0.010000 0.010000
0 0.151611 0.900000 0.010000 0.010000
0 0.741455 0.900000 0.010000 0.010000
0 0.127197 0.900000 0.010000 0.010000
0 0.202637 0.900000 0.010000 0.010000
0 0.152832 0.900000 0.010000 0.010000
0 0.294678 0.900000 0.010000 0.010000
0 0.572998 0.900000 0.010000 0.010000
0 0.257568 0.900000 0.010000 0.010000
0 0.652100 0.900000 0.010000 0.010000
0 0.349609 0.900000 0.012695 0.010000
0 0.259521 0.900000 0.010000 0.010000
0 0.445068 0.900000 0.010000 0.010000
0 0.900000 0.900000 0.010000 0.010000
0 0.273438 0.900000 0.010000 0.010000
0 0.294434 0.900000 0.010000 0.010000
0 0.308350 0.900000 0.010000 0.010000
