0 0.111338 0.338643 0.044535 0.038383
0 0.640980 0.138127 0.046165 0.043589
0 0.900000 0.459148 0.040084 0.038094
0 0.890589 0.372735 0.042748 0.036927
0 0.155795 0.192517 0.043460 0.042826
0 0.411920 0.347638 0.042645 0.038352
0 0.221520 0.610899 0.038959 0.036218
0 0.290983 0.160212 0.041498 0.037558
0 0.243254 0.729418 0.044924 0.039957
0 0.508291 0.448178 0.035775 0.033020
0 0.395856 0.740831 0.043449 0.043174
0 0.439693 0.522557 0.045871 0.042124
0 0.792247 0.100000 0.042461 0.037747
0 0.263933 0.896207 0.035316 0.030700
1 0.176361 0.285832 0.086390 0.076114
1 0.362513 0.109877 0.089176 0.078081
1 0.543130 0.704654 0.083618 0.078700
1 0.755321 0.752042 0.074977 0.070620
