1 0.500000 0.500000 0.500000 0.500000
0 0.100000 0.100000 0.032715 0.010000
0 0.100000 0.100000 0.010000 0.010000
0 0.567871 0.100000 0.010000 0.010000
0 0.569336 0.100000 0.010000 0.010000
0 0.604004 0.100000 0.010000 0.010000
0 0.669434 0.100000 0.010000 0.010000
0 0.675049 0.100000 0.010000 0.010000
0 0.886963 0.100000 0.010000 0.010000
0 0.671387 0.100000 0.010000 0.010000
0 0.888184 0.100000 0.010000 0.010000
0 0.800293 0.100000 0.010000 0.010000
0 0.263916 0.100000 0.010000 0.010000
0 0.889648 0.100000 0.010000 0.010000
0 0.531982 0.100000 0.010000 0.010000
0 0.887451 0.100000 0.010000 0.010000
0 0.886963 0.100000 0.010000 0.010000
0 0.885010 0.100000 0.010000 0.010000
0 0.900000 0.100000 0.010000 0.010000
0 0.864990 0.100000 0.012207 0.015625
0 0.879639 0.100000 0.010000 0.010000
0 0.708496 0.100000 0.010000 0.010000
0 0.189209 0.100000 0.010000 0.013021
0 0.754883 0.100000 0.010000 0.010000
0 0.900000 0.100000 0.010000 0.010000
0 0.703613 0.100000 0.010000 0.010000
0 0.859375 0.100000 0.010000 0.010000
0 0.204102 0.100000 0.010000 0.010000
0 0.601074 0.100000 0.010000 0.010000
0 0.100000 0.100000 0.010000 0.010000
0 0.827148 0.100000 0.010000 0.010000
0 0.900000 0.100000 0.010000 0.010000
0 0.510498 0.100000 0.010000 0.010000
0 0.357422 0.107747 0.010742 0.010000
0 0.870117 0.112630 0.010000 0.010000
0 0.735840 0.126302 0.010000 0.010000
0 0.488281 0.127930 0.010000 0.010000
0 0.845459 0.130208 0.010000 0.010000
0 0.851562 0.130208 0.010000 0.010000
0 0.100000 0.136393 0.010000 0.010000
0 0.313477 0.146484 0.010000 0.010000
0 0.483398 0.145182 0.010000 0.010000
0 0.255615 0.148112 0.010000 0.010000
0 0.785400 0.170898 0.010000 0.010000
0 0.567139 0.171549 0.010000 0.010000
0 0.320068 0.175130 0.010000 0.010000
0 0.520508 0.187174 0.010000 0.010000
0 0.737061 0.195312 0.010000 0.010000
0 0.734375 0.195312 0.010000 0.010000
0 0.555176 0.204753 0.010000 0.010000
0 0.610352 0.220703 0.010000 0.010000
0 0.665039 0.223958 0.010000 0.010000
0 0.487061 0.241211 0.010000 0.010000
0 0.317383 0.244141 0.010000 0.010000
0 0.493652 0.249349 0.010000 0.010000
0 0.267578 0.253906 0.010000 0.010000
0 0.431152 0.257487 0.010000 0.010000
0 0.271973 0.266276 0.010000 0.010000
0 0.436768 0.267253 0.010000 0.010000
0 0.100000 0.272135 0.010000 0.010000
0 0.419434 0.275391 0.010000 0.010000
0 0.427979 0.284180 0.010000 0.010000
0 0.504883 0.288737 0.010000 0.010000
0 0.505615 0.290365 0.010000 0.010000
0 0.388916 0.292318 0.010000 0.010000
0 0.502441 0.294922 0.010000 0.010000
0 0.258545 0.300130 0.010000 0.010000
0 0.416504 0.302409 0.010000 0.010000
0 0.100000 0.304362 0.010000 0.010000
0 0.415527 0.304362 0.010000 0.010000
0 0.266113 0.305664 0.010000 0.010000
0 0.100000 0.306966 0.010000 0.010000
0 0.403320 0.308594 0.010000 0.010000
0 0.100000 0.310872 0.010000 0.010000
0 0.263916 0.312500 0.010000 0.010000
0 0.895508 0.313477 0.010000 0.010000
0 0.820068 0.317708 0.010000 0.010000
0 0.747070 0.327474 0.010000 0.010000
0 0.100000 0.328776 0.010000 0.010000
0 0.888916 0.335286 0.010000 0.010000
0 0.106689 0.338216 0.010000 0.010000
0 0.355957 0.340495 0.010000 0.010000
0 0.900000 0.344727 0.010000 0.010000
0 0.100000 0.350260 0.010000 0.010000
0 0.362305 0.348633 0.010000 0.010000
0 0.413574 0.352539 0.010000 0.010000
0 0.100000 0.353841 0.010000 0.010000
0 0.100000 0.361003 0.010000 0.010000
0 0.100000 0.360352 0.010000 0.010000
0 0.255859 0.370117 0.010000 0.010000
0 0.100000 0.369141 0.010000 0.010000
0 0.373779 0.369466 0.010000 0.010000
0 0.375732 0.369141 0.010000 0.010000
0 0.706055 0.374349 0.010000 0.013021
0 0.252686 0.371419 0.010000 0.010000
0 0.297119 0.380208 0.010000 0.010000
0 0.265381 0.385091 0.010000 0.010000
0 0.324219 0.389648 0.010000 0.010000
0 0.182861 0.394206 0.010000 0.010000
0 0.900000 0.401042 0.010000 0.010000
0 0.100000 0.400391 0.010000 0.010000
0 0.100000 0.399089 0.010000 0.010000
0 0.113770 0.400065 0.010000 0.010000
0 0.394531 0.404297 0.010000 0.010000
0 0.485840 0.425456 0.023438 0.044922
0 0.294922 0.405599 0.010000 0.010000
0 0.100000 0.407227 0.010000 0.010000
0 0.383057 0.408203 0.010000 0.010000
0 0.900000 0.412109 0.010000 0.010000
0 0.187256 0.412435 0.010000 0.010000
0 0.390625 0.413086 0.010000 0.010000
0 0.473633 0.420247 0.010000 0.012370
0 0.472412 0.420573 0.010000 0.010000
0 0.752197 0.417969 0.010000 0.010000
0 0.496094 0.425456 0.010000 0.010000
0 0.477295 0.429362 0.010000 0.010000
0 0.475098 0.434570 0.010000 0.010000
0 0.473145 0.433919 0.010000 0.010000
0 0.483887 0.435221 0.010000 0.010000
0 0.900000 0.436849 0.010000 0.010000
0 0.899414 0.438151 0.010000 0.010000
0 0.845215 0.490234 0.010000 0.010000
0 0.489502 0.490560 0.010000 0.010000
0 0.646240 0.503255 0.010000 0.010000
0 0.900000 0.520182 0.010000 0.010000
0 0.900000 0.521159 0.010000 0.010000
0 0.900000 0.521810 0.010000 0.010000
0 0.403809 0.538086 0.010000 0.010000
0 0.727295 0.546549 0.010000 0.010000
0 0.230713 0.556641 0.010000 0.010000
0 0.207764 0.568034 0.010000 0.010000
0 0.400879 0.569661 0.010000 0.010000
0 0.590576 0.577148 0.010000 0.010000
0 0.171387 0.588867 0.010000 0.010000
0 0.900000 0.591797 0.010000 0.010000
0 0.900000 0.592448 0.010000 0.010000
0 0.900000 0.595052 0.010000 0.010000
0 0.900000 0.597005 0.010000 0.010000
0 0.900000 0.598307 0.010000 0.010000
0 0.900000 0.600260 0.010000 0.010000
0 0.286865 0.605143 0.010000 0.010000
0 0.682861 0.627930 0.010000 0.010000
0 0.437744 0.635417 0.010000 0.010000
0 0.197266 0.642253 0.010000 0.010000
0 0.772217 0.646484 0.010000 0.010000
0 0.100000 0.651367 0.010000 0.010000
0 0.696533 0.682943 0.010000 0.010000
0 0.798584 0.681966 0.010000 0.010000
0 0.100000 0.684245 0.010000 0.010000
0 0.586426 0.685547 0.010000 0.010000
0 0.757812 0.694336 0.010000 0.010000
0 0.313721 0.707682 0.010000 0.010000
0 0.589600 0.711914 0.010000 0.010000
0 0.764893 0.741211 0.010000 0.010000
0 0.596436 0.750326 0.010000 0.010000
0 0.472900 0.765951 0.010000 0.010000
0 0.619873 0.765299 0.010000 0.010000
0 0.768799 0.786458 0.010000 0.010000
0 0.846680 0.816081 0.010000 0.010000
0 0.437744 0.820312 0.010000 0.010000
0 0.299805 0.822591 0.010000 0.010000
0 0.108398 0.833008 0.010000 0.010000
0 0.359863 0.848633 0.010000 0.010000
0 0.568359 0.852214 0.010000 0.010000
0 0.144531 0.854818 0.010000 0.010000
0 0.124023 0.859375 0.010000 0.010000
0 0.186035 0.874674 0.010000 0.010000
0 0.291016 0.878581 0.010000 0.010000
0 0.100000 0.900000 0.010000 0.010000
0 0.207520 0.900000 0.010000 0.010000
0 0.108643 0.900000 0.010000 0.010000
0 0.100000 0.900000 0.010000 0.010000
0 0.525635 0.900000 0.010000 0.010000
0 0.694824 0.900000 0.010000 0.010000
0 0.285645 0.900000 0.010000 0.010000
0 0.100000 0.900000 0.010000 0.010000
0 0.439697 0.900000 0.010000 0.010000
