1 0.500000 0.500000 0.500000 0.500000
0 0.400146 0.100000 0.010000 0.010000
0 0.711670 0.100000 0.010000 0.010000
0 0.791504 0.100000 0.022461 0.011719
0 0.820801 0.100000 0.036133 0.017578
0 0.900000 0.100000 0.010000 0.010000
0 0.100000 0.100000 0.010000 0.010000
0 0.900000 0.100000 0.010000 0.010000
0 0.220703 0.100000 0.010000 0.010000
0 0.203125 0.100000 0.010000 0.010000
0 0.820557 0.100000 0.010000 0.010000
0 0.776611 0.100000 0.010000 0.010000
0 0.671631 0.100000 0.010000 0.010000
0 0.662842 0.100000 0.010000 0.010000
0 0.900000 0.100000 0.010000 0.010000
0 0.239258 0.100000 0.010000 0.010000
0 0.408691 0.100000 0.010000 0.010000
0 0.638916 0.100000 0.010000 0.010000
0 0.639404 0.100000 0.010000 0.010000
0 0.331055 0.100000 0.010000 0.010000
0 0.347168 0.100000 0.010000 0.010000
0 0.649658 0.100000 0.010000 0.011068
0 0.900000 0.100000 0.010000 0.010000
0 0.111572 0.100000 0.010000 0.010000
0 0.365479 0.100000 0.010000 0.010000
0 0.642334 0.100000 0.010000 0.010000
0 0.118896 0.100000 0.010000 0.010000
0 0.642334 0.100000 0.010000 0.010000
0 0.627197 0.102214 0.010000 0.010000
0 0.230225 0.104492 0.010000 0.010000
0 0.635254 0.105143 0.010000 0.010000
0 0.100000 0.108073 0.010000 0.010000
0 0.448975 0.108073 0.010000 0.010000
0 0.641602 0.108724 0.010000 0.010000
0 0.273438 0.110677 0.010000 0.010000
0 0.482178 0.118490 0.010000 0.010000
0 0.692627 0.125326 0.010000 0.010000
0 0.327881 0.132161 0.010000 0.010000
0 0.224365 0.134440 0.010000 0.010000
0 0.784912 0.134115 0.010000 0.010000
0 0.313721 0.134766 0.010000 0.010000
0 0.574951 0.135742 0.010000 0.010000
0 0.509277 0.145833 0.010000 0.010000
0 0.194580 0.151693 0.010000 0.010000
0 0.375977 0.157227 0.018555 0.017578
0 0.170654 0.153320 0.010000 0.010000
0 0.894287 0.189453 0.069824 0.066406
0 0.538330 0.161784 0.010000 0.010000
0 0.387695 0.165365 0.010000 0.010000
0 0.367432 0.167969 0.010000 0.010000
0 0.530762 0.172526 0.010000 0.010000
0 0.137451 0.173828 0.010000 0.010000
0 0.517822 0.175456 0.010000 0.010000
0 0.522461 0.175130 0.010000 0.010000
0 0.100000 0.182292 0.010000 0.010000
0 0.533447 0.181641 0.010000 0.010000
0 0.889893 0.190104 0.015137 0.013021
0 0.708984 0.196289 0.010000 0.010000
0 0.194092 0.211914 0.010000 0.010000
0 0.638916 0.215169 0.010000 0.010000
0 0.378174 0.229167 0.029785 0.028646
0 0.307129 0.218750 0.010000 0.010000
0 0.585449 0.221354 0.010000 0.010000
0 0.638916 0.222656 0.010000 0.010000
0 0.393311 0.227865 0.010000 0.010000
0 0.567627 0.227214 0.010000 0.010000
0 0.377686 0.243815 0.051270 0.034505
0 0.100000 0.229818 0.010000 0.010000
0 0.392822 0.230794 0.010000 0.010000
0 0.392090 0.232747 0.010000 0.010000
0 0.190674 0.235026 0.010000 0.010000
0 0.100000 0.236979 0.010000 0.010000
0 0.260498 0.240234 0.010000 0.010000
0 0.425781 0.241536 0.010000 0.010000
0 0.145752 0.246745 0.010000 0.010000
0 0.319336 0.258138 0.018555 0.021484
0 0.512451 0.250977 0.010000 0.010000
0 0.227539 0.258138 0.010000 0.010000
0 0.757324 0.256510 0.010000 0.010000
0 0.492432 0.259115 0.010000 0.010000
0 0.311279 0.258464 0.010000 0.010000
0 0.814697 0.271810 0.010000 0.010000
0 0.766357 0.278320 0.010000 0.010000
0 0.192383 0.291667 0.010000 0.010000
0 0.876465 0.290365 0.010000 0.010000
0 0.392334 0.303385 0.010000 0.010000
0 0.900000 0.308919 0.010000 0.010000
0 0.211426 0.309245 0.010000 0.010000
0 0.866455 0.311849 0.010000 0.010000
0 0.850830 0.330729 0.031738 0.037760
0 0.277588 0.321940 0.010000 0.010000
0 0.128174 0.323893 0.010000 0.010000
0 0.403320 0.323893 0.010000 0.010000
0 0.352783 0.333984 0.010000 0.010000
0 0.834717 0.334310 0.010000 0.010000
0 0.100098 0.338542 0.010000 0.010000
0 0.831543 0.358073 0.013672 0.031250
0 0.432373 0.350911 0.010000 0.010000
0 0.900000 0.353516 0.010000 0.010000
0 0.900000 0.362630 0.010000 0.016927
0 0.900000 0.360026 0.010000 0.010000
0 0.900000 0.367188 0.014160 0.010000
0 0.900000 0.370117 0.010000 0.010000
0 0.138916 0.386068 0.026855 0.032552
0 0.119385 0.375000 0.010000 0.010000
0 0.452393 0.379557 0.010000 0.010000
0 0.546631 0.384115 0.010000 0.010000
0 0.704590 0.387370 0.010000 0.010000
0 0.699707 0.390951 0.010000 0.010000
0 0.100000 0.392578 0.010000 0.010000
0 0.237061 0.394206 0.010000 0.010000
0 0.238770 0.396810 0.010000 0.010000
0 0.139648 0.401042 0.010000 0.013021
0 0.839600 0.408529 0.010000 0.025391
0 0.246826 0.402018 0.010000 0.010000
0 0.453613 0.400391 0.010000 0.010000
0 0.771484 0.405273 0.010000 0.010000
0 0.727783 0.411458 0.010000 0.010000
0 0.229980 0.418620 0.010000 0.010000
0 0.299316 0.419922 0.010000 0.010000
0 0.100000 0.423503 0.010000 0.010000
0 0.282959 0.430664 0.010000 0.010000
0 0.308838 0.430339 0.010000 0.010000
0 0.100000 0.441732 0.010742 0.016276
0 0.102051 0.442057 0.010000 0.014323
0 0.100830 0.442057 0.010000 0.010417
0 0.292725 0.445312 0.010000 0.010000
0 0.677490 0.454753 0.010000 0.010000
0 0.441406 0.466146 0.010000 0.010000
0 0.900000 0.491536 0.010000 0.015625
0 0.697021 0.486979 0.010000 0.010000
0 0.900000 0.487305 0.010000 0.010000
0 0.900000 0.489909 0.010000 0.010000
0 0.622559 0.490885 0.010000 0.010000
0 0.100000 0.492513 0.013672 0.010000
0 0.621826 0.490885 0.010000 0.010000
0 0.699219 0.489258 0.010000 0.010000
0 0.608887 0.493815 0.010000 0.010000
0 0.489014 0.498047 0.010000 0.010000
0 0.621094 0.499674 0.010000 0.010000
0 0.533936 0.499674 0.010000 0.010000
0 0.900000 0.500000 0.010000 0.010000
0 0.616211 0.501628 0.010000 0.010000
0 0.893555 0.506185 0.010000 0.010000
0 0.555908 0.506836 0.010000 0.010000
0 0.900000 0.515951 0.011719 0.016276
0 0.900000 0.510417 0.010000 0.010000
0 0.505859 0.512370 0.010000 0.010000
0 0.900000 0.512370 0.010000 0.010000
0 0.900000 0.522786 0.011230 0.010417
0 0.900000 0.519206 0.010000 0.010000
0 0.496582 0.521810 0.010000 0.010000
0 0.629395 0.541016 0.010000 0.010000
0 0.627441 0.543294 0.010000 0.010000
0 0.248291 0.545573 0.010000 0.010000
0 0.345215 0.546875 0.010000 0.010000
0 0.362793 0.549479 0.010000 0.010000
0 0.150635 0.550456 0.010000 0.010000
0 0.235107 0.558594 0.010000 0.010000
0 0.689941 0.557943 0.010000 0.010000
0 0.635986 0.559570 0.010000 0.010000
0 0.209717 0.565104 0.010000 0.010000
0 0.186035 0.572591 0.010000 0.010000
0 0.311523 0.578125 0.010000 0.010000
0 0.285400 0.579753 0.010000 0.010000
0 0.365967 0.579102 0.010000 0.010000
0 0.296143 0.601888 0.074707 0.042318
0 0.127441 0.587891 0.010000 0.010000
0 0.290039 0.593750 0.010000 0.010000
0 0.380859 0.593750 0.010000 0.010000
0 0.900000 0.596680 0.010000 0.010000
0 0.382324 0.597982 0.010000 0.010000
0 0.900000 0.601562 0.010000 0.010000
0 0.100000 0.613607 0.010000 0.010000
0 0.412109 0.634440 0.010000 0.010000
0 0.148682 0.637370 0.010000 0.010000
0 0.198486 0.658854 0.010000 0.010000
0 0.900000 0.663086 0.010000 0.010000
0 0.175781 0.673828 0.010000 0.010000
0 0.900000 0.676432 0.010000 0.010000
0 0.435791 0.675456 0.010000 0.010000
0 0.879395 0.675781 0.010000 0.010000
0 0.520508 0.679688 0.010000 0.010000
0 0.151855 0.684570 0.010000 0.010000
0 0.623779 0.689779 0.010000 0.010000
0 0.857422 0.704427 0.021484 0.024740
0 0.217529 0.696289 0.010000 0.010000
0 0.235107 0.696289 0.010000 0.010000
0 0.143311 0.696289 0.010000 0.010000
0 0.531006 0.694661 0.010000 0.010000
0 0.900000 0.697266 0.010000 0.010000
0 0.900000 0.702148 0.010000 0.010000
0 0.638184 0.703776 0.010000 0.010000
0 0.100000 0.710286 0.010000 0.010000
0 0.360596 0.712240 0.010000 0.010000
0 0.900000 0.726888 0.010000 0.010000
0 0.900000 0.729818 0.010000 0.010000
0 0.138672 0.745117 0.010000 0.010000
0 0.593750 0.750000 0.010000 0.010000
0 0.445312 0.751628 0.010000 0.010000
0 0.100000 0.762370 0.010000 0.010000
0 0.709717 0.766927 0.010000 0.010000
0 0.818604 0.773112 0.010000 0.010000
0 0.545166 0.786133 0.010000 0.010000
0 0.130615 0.788737 0.010000 0.010000
0 0.720947 0.800781 0.010000 0.010000
0 0.874023 0.799805 0.010000 0.010000
0 0.603027 0.800456 0.010000 0.010000
0 0.751221 0.799479 0.010000 0.010000
0 0.783691 0.804036 0.010000 0.010000
0 0.715820 0.815755 0.010000 0.010000
0 0.149414 0.817708 0.010000 0.010000
0 0.103271 0.820964 0.010000 0.010000
0 0.738770 0.822266 0.010000 0.010000
0 0.850098 0.822591 0.010000 0.010000
0 0.466797 0.823242 0.010000 0.010000
0 0.845703 0.826497 0.010000 0.010000
0 0.360596 0.837565 0.010000 0.010000
0 0.100000 0.852539 0.010000 0.010000
0 0.900000 0.852214 0.010000 0.010000
0 0.891846 0.853516 0.010000 0.010000
0 0.468994 0.863932 0.010000 0.010000
0 0.900000 0.864583 0.010000 0.010000
0 0.900000 0.867188 0.010000 0.010000
0 0.100000 0.866862 0.010000 0.010000
0 0.131836 0.869141 0.010000 0.010000
0 0.276367 0.869141 0.010000 0.010000
0 0.301025 0.872721 0.010000 0.010000
0 0.348145 0.873698 0.010000 0.010000
0 0.856689 0.877279 0.010000 0.010000
0 0.764648 0.881185 0.010000 0.010000
0 0.900000 0.880859 0.010000 0.010000
0 0.506836 0.883138 0.010000 0.010000
0 0.100000 0.885417 0.010000 0.010000
0 0.883301 0.893555 0.010000 0.010000
0 0.639160 0.894857 0.010000 0.010000
0 0.445557 0.897461 0.010000 0.010000
0 0.514404 0.900000 0.010000 0.010000
0 0.781738 0.900000 0.010000 0.010000
0 0.900000 0.900000 0.010000 0.010000
0 0.261230 0.900000 0.010000 0.010000
0 0.836670 0.900000 0.010000 0.010000
0 0.838135 0.900000 0.010000 0.010000
0 0.833008 0.900000 0.010000 0.010417
0 0.405273 0.900000 0.010000 0.010000
0 0.100000 0.900000 0.010000 0.010000
0 0.201904 0.900000 0.010000 0.010000
0 0.348145 0.900000 0.010000 0.010000
0 0.860840 0.900000 0.010000 0.010000
0 0.733643 0.900000 0.010000 0.010000
0 0.459961 0.900000 0.010000 0.010000
0 0.390381 0.900000 0.010000 0.010000
0 0.701172 0.900000 0.010000 0.010000
0 0.100000 0.900000 0.010000 0.010000
0 0.224121 0.900000 0.010000 0.010000
0 0.366943 0.900000 0.010000 0.010000
0 0.482178 0.900000 0.010000 0.010000
0 0.695557 0.900000 0.010000 0.010000
0 0.597412 0.900000 0.010000 0.010000
0 0.806885 0.900000 0.010000 0.010000
0 0.784912 0.900000 0.010000 0.010000
0 0.802246 0.900000 0.010000 0.010000
0 0.785645 0.900000 0.010000 0.010000
0 0.900000 0.900000 0.010000 0.010000
0 0.781982 0.900000 0.010000 0.010000
0 0.828125 0.900000 0.010000 0.010000
0 0.900000 0.900000 0.010000 0.010000
0 0.580811 0.900000 0.010000 0.010000
0 0.157227 0.900000 0.010000 0.010000
0 0.397705 0.900000 0.010000 0.010000
0 0.197998 0.900000 0.010000 0.010000
0 0.820068 0.900000 0.010000 0.010000
0 0.878662 0.900000 0.010000 0.010000
0 0.469727 0.900000 0.010000 0.010000
0 0.634521 0.900000 0.010000 0.010000
0 0.252930 0.900000 0.010000 0.010000
0 0.773438 0.900000 0.010000 0.010000
0 0.100000 0.900000 0.010000 0.010000
0 0.471191 0.900000 0.010000 0.010000
