1 0.500000 0.500000 0.500000 0.500000
0 0.343262 0.100000 0.010000 0.010000
0 0.645508 0.100000 0.010000 0.010000
0 0.530029 0.100000 0.010000 0.010000
0 0.100000 0.100000 0.010000 0.010000
0 0.260010 0.100000 0.010000 0.010000
0 0.882080 0.100000 0.010000 0.010000
0 0.100000 0.100000 0.010000 0.010000
0 0.452881 0.100000 0.010000 0.010000
0 0.392578 0.100000 0.010000 0.010000
0 0.272461 0.100000 0.010000 0.010000
0 0.317871 0.100000 0.010000 0.010000
0 0.100000 0.100000 0.010000 0.010000
0 0.316406 0.100000 0.010000 0.010000
0 0.625977 0.100000 0.010000 0.010000
0 0.378906 0.100000 0.010000 0.010000
0 0.778564 0.100000 0.010000 0.010000
0 0.568604 0.100000 0.010000 0.010000
0 0.568604 0.100000 0.010000 0.010000
0 0.120850 0.100000 0.010000 0.010000
0 0.506836 0.100000 0.010000 0.010000
0 0.900000 0.100000 0.010000 0.010000
0 0.643066 0.100000 0.010000 0.010000
0 0.159180 0.100000 0.010000 0.010000
0 0.537109 0.100000 0.010000 0.010000
0 0.123047 0.100000 0.010000 0.010000
0 0.697021 0.100000 0.010000 0.010000
0 0.664795 0.100000 0.010000 0.010000
0 0.100000 0.100000 0.010000 0.010000
0 0.347900 0.100000 0.010000 0.010000
0 0.836426 0.100000 0.010000 0.010000
0 0.100000 0.100000 0.010000 0.010000
0 0.369141 0.100000 0.010000 0.010000
0 0.587402 0.100000 0.010000 0.010000
0 0.411377 0.100000 0.010000 0.010000
0 0.900000 0.100000 0.010000 0.010000
0 0.210693 0.101237 0.010000 0.010000
0 0.848145 0.103516 0.010000 0.010000
0 0.523926 0.106120 0.010000 0.010000
0 0.900000 0.105469 0.010000 0.010000
0 0.188232 0.107422 0.010000 0.010000
0 0.837158 0.107747 0.010000 0.010000
0 0.900000 0.107747 0.010000 0.010000
0 0.900000 0.109049 0.010000 0.010000
0 0.100000 0.111979 0.010000 0.010000
0 0.865479 0.114258 0.010000 0.010000
0 0.469971 0.118490 0.010000 0.010000
0 0.100000 0.120768 0.010000 0.010000
0 0.580811 0.118164 0.010000 0.010000
0 0.588623 0.121094 0.010000 0.010000
0 0.830322 0.124023 0.010000 0.010000
0 0.900000 0.127604 0.010000 0.010000
0 0.900000 0.132161 0.010000 0.010000
0 0.539551 0.138346 0.010000 0.010000
0 0.689453 0.144206 0.010000 0.010000
0 0.773438 0.148112 0.010000 0.010000
0 0.604736 0.154948 0.010000 0.010000
0 0.777832 0.153646 0.010000 0.010000
0 0.900000 0.154297 0.010000 0.010000
0 0.732910 0.155273 0.010000 0.010000
0 0.427979 0.157878 0.010000 0.010000
0 0.786865 0.157878 0.010000 0.010000
0 0.541016 0.163737 0.010000 0.010000
0 0.883301 0.165365 0.010000 0.010000
0 0.105225 0.175130 0.010000 0.010000
0 0.224609 0.174805 0.010000 0.010000
0 0.100000 0.181966 0.010000 0.010000
0 0.785645 0.194661 0.010000 0.010000
0 0.248779 0.197591 0.010000 0.010000
0 0.878418 0.213216 0.010000 0.010000
0 0.443848 0.214518 0.010000 0.010000
0 0.429688 0.227865 0.010000 0.010000
0 0.900000 0.245443 0.010000 0.010000
0 0.789551 0.273112 0.010000 0.010000
0 0.174316 0.286784 0.010000 0.010000
0 0.157715 0.287760 0.010000 0.010000
0 0.320068 0.290690 0.010000 0.010000
0 0.900000 0.290039 0.010000 0.010000
0 0.835693 0.301758 0.010000 0.010000
0 0.309082 0.314453 0.010000 0.010000
0 0.517822 0.316732 0.010000 0.010000
0 0.847168 0.317708 0.010000 0.010000
0 0.518066 0.320964 0.010742 0.010417
0 0.524414 0.324870 0.011719 0.014323
0 0.530029 0.322266 0.010000 0.010000
0 0.510010 0.322917 0.010000 0.010000
0 0.521484 0.326172 0.010000 0.011719
0 0.530762 0.323568 0.010000 0.010000
0 0.511719 0.325521 0.010000 0.010000
0 0.513428 0.327474 0.010000 0.010000
0 0.104492 0.328776 0.010000 0.010000
0 0.523926 0.331706 0.010000 0.010000
0 0.892090 0.330404 0.010000 0.010000
0 0.524170 0.333008 0.010000 0.010000
0 0.708496 0.337240 0.010000 0.010000
0 0.528564 0.340169 0.010000 0.010000
0 0.425293 0.338216 0.010000 0.010000
0 0.529541 0.338867 0.010000 0.010000
0 0.100000 0.340495 0.010000 0.010000
0 0.100000 0.342448 0.010000 0.010000
0 0.106445 0.348307 0.010000 0.014323
0 0.525879 0.345378 0.010000 0.010000
0 0.702637 0.345052 0.010000 0.010000
0 0.192871 0.346680 0.010000 0.010000
0 0.372314 0.348307 0.010000 0.010000
0 0.707275 0.353516 0.010000 0.015625
0 0.680664 0.349935 0.010000 0.010000
0 0.706543 0.352214 0.010000 0.010000
0 0.100000 0.350586 0.010000 0.010000
0 0.166748 0.351237 0.010000 0.010000
0 0.532715 0.350911 0.010000 0.010000
0 0.679199 0.350911 0.010000 0.010000
0 0.714844 0.352539 0.010000 0.010000
0 0.110107 0.353190 0.010000 0.010000
0 0.714600 0.354818 0.010000 0.010000
0 0.112305 0.357747 0.010000 0.010000
0 0.105225 0.358724 0.010000 0.010000
0 0.192383 0.361654 0.010000 0.010000
0 0.805664 0.361654 0.010000 0.010000
0 0.189697 0.363607 0.010000 0.010000
0 0.900000 0.364258 0.010000 0.010000
0 0.441162 0.365234 0.010000 0.010000
0 0.180664 0.366211 0.010000 0.010000
0 0.679199 0.371745 0.010000 0.013021
0 0.114502 0.368490 0.010000 0.010000
0 0.190430 0.370117 0.010000 0.010000
0 0.637451 0.368815 0.010000 0.010000
0 0.900000 0.368164 0.010000 0.010000
0 0.193604 0.370443 0.010000 0.010000
0 0.431396 0.372070 0.010000 0.010000
0 0.637939 0.371745 0.010000 0.010000
0 0.291992 0.373372 0.010000 0.010000
0 0.712402 0.375326 0.010000 0.010000
0 0.432373 0.375326 0.010000 0.010000
0 0.635742 0.374349 0.010000 0.010000
0 0.100000 0.378906 0.010000 0.010000
0 0.900000 0.376302 0.010000 0.010000
0 0.221191 0.378581 0.010000 0.010000
0 0.236572 0.378906 0.010000 0.010000
0 0.100000 0.380208 0.010000 0.010000
0 0.334961 0.382487 0.010000 0.010000
0 0.632080 0.380208 0.010000 0.010000
0 0.100000 0.383138 0.010000 0.010000
0 0.447998 0.384766 0.010000 0.010000
0 0.625977 0.387044 0.010000 0.010000
0 0.900000 0.388672 0.010000 0.010000
0 0.100000 0.391276 0.010000 0.010000
0 0.833008 0.398763 0.010000 0.011068
0 0.509766 0.400716 0.010000 0.010000
0 0.294434 0.403320 0.010000 0.010000
0 0.657227 0.406576 0.010000 0.010000
0 0.100000 0.410156 0.010000 0.010000
0 0.307129 0.414062 0.014648 0.018229
0 0.659180 0.416016 0.010000 0.019531
0 0.297852 0.411458 0.010000 0.010000
0 0.299561 0.412109 0.010000 0.010000
0 0.316895 0.415690 0.010000 0.011068
0 0.900000 0.415039 0.010000 0.010000
0 0.318359 0.416992 0.010000 0.010000
0 0.100000 0.417643 0.010000 0.010000
0 0.864014 0.420898 0.010000 0.010000
0 0.116211 0.429362 0.014648 0.016276
0 0.674805 0.423177 0.010000 0.010000
0 0.829102 0.424805 0.010000 0.010000
0 0.121338 0.426107 0.010000 0.010000
0 0.323730 0.426107 0.010000 0.010000
0 0.743652 0.430664 0.010000 0.010000
0 0.673828 0.429362 0.010000 0.010000
0 0.100000 0.432617 0.010000 0.010000
0 0.109375 0.438151 0.010000 0.010000
0 0.123047 0.437500 0.010000 0.010000
0 0.850342 0.441081 0.010000 0.010000
0 0.100000 0.448893 0.010000 0.010000
0 0.173340 0.447917 0.010000 0.010000
0 0.201172 0.448893 0.010000 0.010000
0 0.100000 0.451823 0.010000 0.010000
0 0.437012 0.458008 0.010000 0.010000
0 0.843506 0.458984 0.010000 0.010000
0 0.544434 0.464193 0.010000 0.011719
0 0.544922 0.464518 0.010000 0.010000
0 0.100000 0.468750 0.010000 0.010000
0 0.100000 0.468424 0.010000 0.010000
0 0.378662 0.468750 0.010000 0.010000
0 0.640137 0.470378 0.010000 0.010000
0 0.100000 0.475586 0.010000 0.010000
0 0.390381 0.473958 0.010000 0.010000
0 0.100000 0.473307 0.010000 0.010000
0 0.100000 0.475260 0.010000 0.010000
0 0.531494 0.480469 0.010254 0.010000
0 0.531738 0.480469 0.010000 0.010000
0 0.216553 0.484375 0.010000 0.010417
0 0.293945 0.480469 0.010000 0.010000
0 0.100000 0.486979 0.010000 0.010000
0 0.100000 0.488607 0.010000 0.011068
0 0.100000 0.487305 0.010000 0.010000
0 0.537842 0.484375 0.010000 0.010000
0 0.100000 0.489583 0.010000 0.010000
0 0.100000 0.489258 0.010000 0.010000
0 0.528564 0.489909 0.013184 0.010000
0 0.389893 0.490234 0.010000 0.010000
0 0.529053 0.489583 0.010000 0.010000
0 0.230713 0.496419 0.010000 0.010000
0 0.530029 0.495117 0.010000 0.010000
0 0.527100 0.496745 0.010000 0.010000
0 0.221680 0.501628 0.010742 0.010000
0 0.183838 0.502279 0.010000 0.010000
0 0.129395 0.505534 0.010000 0.010000
0 0.648193 0.505534 0.010000 0.010000
0 0.428467 0.515299 0.010000 0.010000
0 0.134521 0.516927 0.010000 0.010000
0 0.900000 0.524414 0.010000 0.010000
0 0.819824 0.525065 0.010000 0.010000
0 0.154297 0.542643 0.010000 0.010000
0 0.425049 0.554688 0.010000 0.010000
0 0.314941 0.560872 0.010000 0.010000
0 0.738770 0.570312 0.010000 0.010000
0 0.900000 0.577148 0.010000 0.010000
0 0.574707 0.578125 0.010000 0.010000
0 0.228271 0.584961 0.010000 0.010000
0 0.675537 0.591146 0.010000 0.010000
0 0.270752 0.604492 0.010000 0.010000
0 0.583740 0.607422 0.010000 0.010000
0 0.399658 0.632161 0.019043 0.024740
0 0.369873 0.625651 0.010000 0.010000
0 0.290771 0.638346 0.010000 0.010000
0 0.370850 0.637695 0.010000 0.010000
0 0.370850 0.639323 0.010000 0.010000
0 0.762207 0.666992 0.010000 0.010000
0 0.684082 0.669271 0.010000 0.010000
0 0.444092 0.668620 0.010000 0.010000
0 0.792236 0.675456 0.010000 0.010000
0 0.440674 0.686198 0.010000 0.014323
0 0.100000 0.688802 0.010000 0.010000
0 0.181152 0.688477 0.010000 0.010000
0 0.173828 0.689779 0.010000 0.010000
0 0.177490 0.712891 0.030762 0.036458
0 0.772705 0.698893 0.010000 0.010000
0 0.393311 0.700195 0.010000 0.010000
0 0.393799 0.706706 0.020020 0.012370
0 0.164062 0.705078 0.010000 0.010000
0 0.659912 0.705729 0.010000 0.010000
0 0.159424 0.708333 0.010000 0.010000
0 0.720703 0.709310 0.010000 0.010000
0 0.400879 0.708659 0.010000 0.010000
0 0.641357 0.716146 0.010000 0.010000
0 0.386963 0.716146 0.010000 0.010000
0 0.404297 0.720378 0.010000 0.010000
0 0.405029 0.719076 0.010000 0.010000
0 0.177490 0.729492 0.010000 0.010000
0 0.829590 0.735677 0.010000 0.010000
0 0.753174 0.745443 0.010000 0.010000
0 0.348145 0.746094 0.010000 0.010000
0 0.269775 0.753255 0.010000 0.010000
0 0.232666 0.758464 0.010000 0.010000
0 0.389893 0.759115 0.010000 0.010000
0 0.128418 0.783203 0.010000 0.010000
0 0.151611 0.783854 0.010000 0.010000
0 0.674072 0.784180 0.010000 0.010000
0 0.163330 0.784831 0.010000 0.010000
0 0.151611 0.793945 0.010000 0.010000
0 0.152832 0.793945 0.010000 0.010000
0 0.114014 0.798828 0.010000 0.010000
0 0.107666 0.798503 0.010000 0.010000
0 0.900000 0.800456 0.010000 0.010000
0 0.161621 0.800456 0.010000 0.010000
0 0.219727 0.801107 0.010000 0.010000
0 0.758057 0.803385 0.010000 0.010000
0 0.142090 0.807943 0.010000 0.010000
0 0.323975 0.806641 0.010000 0.010000
0 0.106201 0.809570 0.010000 0.010000
0 0.107666 0.808594 0.010000 0.010000
0 0.692383 0.808268 0.010000 0.010000
0 0.377930 0.812826 0.010000 0.010000
0 0.402100 0.815430 0.010000 0.010000
0 0.141357 0.817383 0.010000 0.010000
0 0.144531 0.818034 0.010000 0.010000
0 0.100000 0.819010 0.010000 0.010000
0 0.116455 0.817383 0.010000 0.010000
0 0.139648 0.817708 0.010000 0.010000
0 0.114502 0.819987 0.010000 0.010000
0 0.116455 0.819987 0.010000 0.010000
0 0.321289 0.831380 0.010000 0.010000
0 0.362793 0.850260 0.010000 0.010000
0 0.747314 0.865234 0.010000 0.010000
0 0.615479 0.878906 0.010000 0.010000
0 0.472900 0.883138 0.010000 0.010000
0 0.268311 0.891602 0.010000 0.010000
0 0.711426 0.895182 0.010000 0.010000
0 0.900000 0.898763 0.010000 0.010000
0 0.281250 0.900000 0.010000 0.010000
0 0.535645 0.900000 0.010000 0.010000
0 0.238525 0.900000 0.010000 0.010000
0 0.291504 0.900000 0.010000 0.010000
0 0.166748 0.900000 0.010000 0.010000
0 0.861572 0.900000 0.010000 0.010000
0 0.350342 0.900000 0.010000 0.010000
0 0.266113 0.900000 0.010000 0.010000
0 0.249756 0.900000 0.010000 0.010000
0 0.691895 0.900000 0.010000 0.010000
0 0.267090 0.900000 0.010000 0.010000
0 0.280273 0.900000 0.010000 0.010000
0 0.291016 0.900000 0.010000 0.010000
0 0.269775 0.900000 0.010000 0.010000
0 0.900000 0.900000 0.010000 0.010000
0 0.588379 0.900000 0.010000 0.010000
0 0.269287 0.900000 0.010000 0.010000
0 0.719238 0.900000 0.010000 0.010000
0 0.288818 0.900000 0.010000 0.010000
0 0.100000 0.900000 0.010000 0.010000
0 0.789795 0.900000 0.010000 0.010000
0 0.362061 0.900000 0.010000 0.010000
0 0.169922 0.900000 0.010000 0.010000
0 0.833496 0.900000 0.010000 0.010000
0 0.100000 0.900000 0.010000 0.010000
0 0.100000 0.900000 0.010000 0.010000
