1 0.500000 0.500000 0.500000 0.500000
0 0.100000 0.100000 0.010742 0.010000
0 0.100000 0.100000 0.010000 0.010000
0 0.100000 0.100000 0.010000 0.010000
0 0.186279 0.100000 0.010000 0.010000
0 0.469482 0.100000 0.010000 0.010000
0 0.469727 0.100000 0.010000 0.010000
0 0.473877 0.100000 0.010000 0.010000
0 0.476318 0.100000 0.010000 0.010000
0 0.857666 0.100000 0.010000 0.010000
0 0.468750 0.100000 0.010000 0.016927
0 0.464111 0.100000 0.010000 0.010000
0 0.467285 0.100000 0.010000 0.010000
0 0.100000 0.100000 0.010000 0.010000
0 0.339600 0.100000 0.010000 0.010000
0 0.765869 0.100000 0.010000 0.010000
0 0.870361 0.100000 0.010000 0.010417
0 0.100000 0.100000 0.010000 0.018880
0 0.663818 0.100000 0.010254 0.010417
0 0.122803 0.100000 0.012207 0.016276
0 0.149414 0.100000 0.010000 0.010000
0 0.149902 0.100000 0.010000 0.010000
0 0.161865 0.100000 0.010000 0.010000
0 0.159424 0.100000 0.010000 0.010000
0 0.833740 0.100000 0.010000 0.010000
0 0.283447 0.100000 0.010000 0.010000
0 0.812744 0.100000 0.010000 0.010000
0 0.118164 0.100000 0.010000 0.010000
0 0.335449 0.100000 0.010000 0.010000
0 0.333740 0.100000 0.010000 0.010000
0 0.178467 0.100000 0.010000 0.010000
0 0.780029 0.100000 0.010000 0.010000
0 0.501709 0.117839 0.010000 0.010000
0 0.298096 0.126628 0.010000 0.010000
0 0.100000 0.131836 0.014160 0.011068
0 0.100000 0.131510 0.010000 0.010000
0 0.100000 0.135742 0.011719 0.010000
0 0.458984 0.137695 0.010000 0.010000
0 0.458984 0.137044 0.010000 0.010000
0 0.100000 0.139974 0.010000 0.010000
0 0.100000 0.140951 0.010000 0.010000
0 0.282227 0.140299 0.010000 0.010000
0 0.338867 0.145182 0.010000 0.010000
0 0.434814 0.148438 0.010000 0.010000
0 0.217285 0.173503 0.010000 0.010000
0 0.900000 0.186523 0.010000 0.018880
0 0.100000 0.183919 0.010000 0.010000
0 0.646240 0.186523 0.010000 0.010000
0 0.802246 0.192057 0.010000 0.010000
0 0.900000 0.196940 0.010000 0.010000
0 0.900000 0.199544 0.010000 0.010000
0 0.533447 0.203125 0.010000 0.010000
0 0.100000 0.207031 0.010000 0.010000
0 0.877686 0.215169 0.010000 0.010000
0 0.100000 0.216471 0.010000 0.010000
0 0.760742 0.225260 0.010000 0.010000
0 0.842773 0.229492 0.010000 0.010000
0 0.100000 0.235352 0.010000 0.010000
0 0.100000 0.234049 0.010254 0.010000
0 0.100000 0.236979 0.010000 0.010000
0 0.262451 0.238932 0.010000 0.010000
0 0.107422 0.241211 0.010000 0.010000
0 0.693604 0.240885 0.010000 0.010000
0 0.180664 0.242188 0.010000 0.010000
0 0.854980 0.243490 0.010000 0.010000
0 0.848633 0.243815 0.010000 0.010000
0 0.848877 0.245768 0.010000 0.010000
0 0.850098 0.247721 0.010000 0.010000
0 0.458740 0.249674 0.010000 0.010000
0 0.626221 0.253581 0.010000 0.010000
0 0.488281 0.256836 0.010000 0.010000
0 0.839600 0.259766 0.011230 0.010417
0 0.829590 0.260417 0.010000 0.010000
0 0.840088 0.256185 0.010000 0.010000
0 0.383545 0.279622 0.010000 0.010000
0 0.111816 0.282227 0.010000 0.010000
0 0.687012 0.290365 0.010000 0.010000
0 0.617188 0.292969 0.010000 0.010000
0 0.608643 0.296224 0.010000 0.010000
0 0.100000 0.304362 0.010000 0.010000
0 0.722412 0.305339 0.010000 0.010000
0 0.668945 0.304688 0.010000 0.010000
0 0.100000 0.316081 0.012207 0.018880
0 0.100000 0.316732 0.010000 0.010000
0 0.675049 0.321615 0.011230 0.013021
0 0.683594 0.320312 0.010000 0.010417
0 0.100000 0.317383 0.010000 0.010000
0 0.100000 0.319010 0.010000 0.010000
0 0.681641 0.320312 0.010000 0.010000
0 0.100000 0.323242 0.010000 0.010000
0 0.829834 0.322917 0.010000 0.010000
0 0.466553 0.331380 0.010000 0.010000
0 0.460449 0.332682 0.010000 0.010000
0 0.100000 0.334635 0.010000 0.010000
0 0.464111 0.334310 0.010000 0.010000
0 0.100000 0.338216 0.010000 0.010000
0 0.100000 0.339193 0.010000 0.010000
0 0.259033 0.343099 0.010000 0.010000
0 0.884033 0.344076 0.010000 0.010000
0 0.900000 0.367839 0.010000 0.010000
0 0.195801 0.370443 0.010000 0.010000
0 0.547119 0.377279 0.010000 0.010000
0 0.687012 0.378906 0.010000 0.010000
0 0.100000 0.394857 0.010000 0.034505
0 0.343018 0.382487 0.010000 0.010000
0 0.257080 0.380534 0.010000 0.010000
0 0.548096 0.386719 0.010000 0.010000
0 0.551758 0.385742 0.010000 0.010000
0 0.227783 0.389648 0.010000 0.010000
0 0.115479 0.405924 0.010254 0.012370
0 0.284912 0.416667 0.010000 0.010000
0 0.323975 0.418945 0.010000 0.010000
0 0.483643 0.419922 0.010000 0.010000
0 0.176270 0.441406 0.035156 0.031250
0 0.900000 0.428711 0.010000 0.010000
0 0.900000 0.430990 0.010000 0.010000
0 0.343262 0.439128 0.010000 0.010000
0 0.900000 0.436523 0.010000 0.010000
0 0.310059 0.455078 0.018555 0.033854
0 0.339844 0.440104 0.010000 0.010000
0 0.509033 0.449870 0.010254 0.010000
0 0.499512 0.456055 0.012695 0.017578
0 0.513428 0.450521 0.010000 0.010000
0 0.510254 0.453776 0.010000 0.010000
0 0.119141 0.459310 0.010000 0.012370
0 0.352295 0.459310 0.010000 0.011068
0 0.510010 0.458659 0.010000 0.011068
0 0.349609 0.460612 0.010000 0.011068
0 0.900000 0.456706 0.010000 0.010000
0 0.116699 0.460286 0.010000 0.010000
0 0.509766 0.458659 0.010000 0.010000
0 0.114990 0.462240 0.010000 0.010000
0 0.399658 0.469401 0.010000 0.010000
0 0.399658 0.470703 0.010000 0.010000
0 0.768311 0.472331 0.010000 0.010000
0 0.400391 0.473307 0.010000 0.010000
0 0.416748 0.478190 0.010000 0.012370
0 0.669922 0.476888 0.010000 0.010000
0 0.610107 0.480794 0.010000 0.010000
0 0.423096 0.486328 0.010000 0.010000
0 0.229004 0.486003 0.010000 0.010000
0 0.263428 0.485677 0.010000 0.010000
0 0.264404 0.488281 0.010000 0.010000
0 0.337402 0.493490 0.010000 0.010000
0 0.188232 0.497396 0.010000 0.010000
0 0.322510 0.526042 0.077637 0.049479
0 0.360352 0.504232 0.010000 0.010000
0 0.723633 0.508464 0.010000 0.010000
0 0.500000 0.516927 0.011719 0.015625
0 0.500000 0.511068 0.010000 0.010000
0 0.493164 0.514648 0.010000 0.010000
0 0.322266 0.536133 0.010000 0.010000
0 0.321533 0.537435 0.010000 0.010000
0 0.817627 0.549154 0.023926 0.024089
0 0.319824 0.539388 0.010000 0.010000
0 0.100000 0.541341 0.010000 0.010000
0 0.285889 0.547201 0.010000 0.010000
0 0.287598 0.545573 0.010000 0.010000
0 0.100000 0.548503 0.010000 0.010000
0 0.283203 0.553385 0.010000 0.010000
0 0.715088 0.555664 0.010000 0.010000
0 0.157715 0.562500 0.010000 0.010000
0 0.469482 0.569661 0.020996 0.016927
0 0.705811 0.562500 0.010000 0.010000
0 0.461670 0.564779 0.010000 0.010000
0 0.157471 0.566081 0.010000 0.010000
0 0.169922 0.577148 0.023438 0.022786
0 0.391846 0.574219 0.019043 0.016927
0 0.642578 0.568034 0.010000 0.010000
0 0.625977 0.572266 0.010000 0.010000
0 0.634521 0.572591 0.010000 0.010000
0 0.620361 0.588542 0.015137 0.032552
0 0.634766 0.572917 0.010000 0.010000
0 0.480469 0.575195 0.010000 0.010000
0 0.643555 0.574870 0.010000 0.010000
0 0.152344 0.579753 0.010000 0.010000
0 0.475830 0.580078 0.010000 0.010000
0 0.479492 0.583008 0.010000 0.010000
0 0.644775 0.585612 0.010000 0.014974
0 0.456055 0.583008 0.010000 0.010000
0 0.458984 0.583008 0.010000 0.010000
0 0.128418 0.584961 0.010000 0.010000
0 0.178955 0.586589 0.010000 0.010000
0 0.613525 0.587891 0.010000 0.010000
0 0.468506 0.591146 0.020020 0.010417
0 0.459961 0.591471 0.010000 0.010000
0 0.478271 0.593099 0.010000 0.010000
0 0.298340 0.592448 0.010000 0.010000
0 0.631836 0.595703 0.010000 0.010000
0 0.644531 0.595052 0.010000 0.010000
0 0.583008 0.597982 0.010000 0.010000
0 0.734131 0.597331 0.010000 0.010000
0 0.131836 0.602539 0.010000 0.010000
0 0.865967 0.609701 0.010000 0.010000
0 0.100000 0.620117 0.017090 0.020182
0 0.678223 0.627279 0.012695 0.016276
0 0.100000 0.625000 0.010000 0.010000
0 0.100000 0.634440 0.010000 0.010000
0 0.564941 0.641927 0.010000 0.010000
0 0.121826 0.645182 0.010000 0.010000
0 0.670654 0.666992 0.010000 0.010000
0 0.718506 0.681315 0.010000 0.010000
0 0.898193 0.688802 0.012207 0.016927
0 0.740479 0.687174 0.010000 0.010000
0 0.900000 0.687174 0.010000 0.010000
0 0.221924 0.690755 0.010000 0.010000
0 0.141357 0.703451 0.018066 0.016276
0 0.187988 0.705404 0.010000 0.010000
0 0.524902 0.704427 0.010000 0.010000
0 0.186768 0.708333 0.010000 0.010000
0 0.638916 0.708008 0.010000 0.010000
0 0.100000 0.710286 0.010000 0.010000
0 0.271729 0.713216 0.010000 0.010000
0 0.602783 0.717122 0.010000 0.010000
0 0.311768 0.724609 0.010000 0.010000
0 0.620605 0.730794 0.010000 0.010000
0 0.623779 0.733398 0.010000 0.010000
0 0.900000 0.734375 0.011719 0.010000
0 0.900000 0.740560 0.019531 0.018880
0 0.234131 0.741211 0.019043 0.017578
0 0.658936 0.736003 0.010000 0.010000
0 0.626465 0.737630 0.010000 0.010000
0 0.627441 0.739258 0.010000 0.010000
0 0.660889 0.738607 0.010000 0.010000
0 0.900000 0.741211 0.010000 0.010000
0 0.791016 0.748698 0.012695 0.015625
0 0.528320 0.749349 0.010000 0.010417
0 0.671875 0.752279 0.010000 0.011068
0 0.900000 0.748372 0.010000 0.010000
0 0.900000 0.754232 0.012207 0.013672
0 0.415039 0.753906 0.010000 0.010000
0 0.541016 0.754232 0.010000 0.010000
0 0.543457 0.762044 0.010000 0.018880
0 0.574219 0.759766 0.010000 0.010000
0 0.744629 0.769531 0.020508 0.023438
0 0.573242 0.761719 0.010000 0.010000
0 0.583252 0.764323 0.010000 0.010417
0 0.403809 0.767253 0.010000 0.013672
0 0.595215 0.764974 0.010000 0.010000
0 0.504883 0.764323 0.010000 0.010000
0 0.448730 0.764648 0.010000 0.010000
0 0.778076 0.766927 0.010000 0.010000
0 0.141113 0.773112 0.010000 0.010000
0 0.733643 0.774740 0.010000 0.010000
0 0.143555 0.774414 0.010000 0.010000
0 0.700195 0.778971 0.010000 0.010000
0 0.761230 0.778320 0.010000 0.010000
0 0.212402 0.780924 0.010000 0.010000
0 0.412109 0.796875 0.010000 0.010000
0 0.413574 0.798177 0.010000 0.010000
0 0.499268 0.807617 0.010254 0.012370
0 0.100000 0.808268 0.010000 0.010000
0 0.161865 0.814128 0.010000 0.010000
0 0.502441 0.810547 0.010000 0.010000
0 0.315430 0.818359 0.010000 0.010000
0 0.469971 0.821940 0.010000 0.010000
0 0.467041 0.828776 0.010000 0.011719
0 0.462402 0.832031 0.010000 0.010000
0 0.359375 0.835286 0.010000 0.010000
0 0.240479 0.843750 0.012207 0.011719
0 0.246338 0.842448 0.010000 0.010000
0 0.245850 0.848958 0.010000 0.010000
0 0.100000 0.854492 0.010000 0.010000
0 0.125000 0.864258 0.010000 0.010000
0 0.100000 0.878581 0.016113 0.022786
0 0.152588 0.870443 0.010000 0.010000
0 0.702393 0.875977 0.010000 0.012370
0 0.132568 0.873047 0.010000 0.010000
0 0.116699 0.877604 0.010000 0.010000
0 0.676514 0.882487 0.011230 0.014974
0 0.100000 0.886068 0.010000 0.010000
0 0.682129 0.884766 0.010000 0.010000
0 0.683594 0.884440 0.010000 0.010000
0 0.100000 0.884440 0.010000 0.010000
0 0.411377 0.887370 0.010000 0.010000
0 0.426758 0.887695 0.013672 0.010000
0 0.685791 0.884440 0.010000 0.010000
0 0.433594 0.888672 0.010000 0.010000
0 0.620117 0.896810 0.010000 0.010000
0 0.622314 0.896810 0.010000 0.010000
0 0.708252 0.895833 0.010000 0.010000
0 0.308350 0.899089 0.010000 0.010000
0 0.900000 0.900000 0.010254 0.016276
0 0.900000 0.900000 0.010000 0.010000
0 0.807129 0.900000 0.010000 0.010000
0 0.705322 0.900000 0.010000 0.010000
0 0.789551 0.900000 0.010000 0.010000
0 0.364990 0.900000 0.010000 0.010000
0 0.900000 0.900000 0.010000 0.010000
0 0.221680 0.900000 0.010000 0.010000
0 0.900000 0.900000 0.010000 0.010000
0 0.409668 0.900000 0.010000 0.010000
0 0.145020 0.900000 0.010000 0.010000
0 0.259033 0.900000 0.010000 0.010000
0 0.130371 0.900000 0.010000 0.010000
0 0.255615 0.900000 0.010000 0.010000
0 0.276855 0.900000 0.021484 0.011719
0 0.458984 0.900000 0.010000 0.010000
0 0.900000 0.900000 0.010000 0.010000
0 0.900000 0.900000 0.010000 0.010000
0 0.289551 0.900000 0.010000 0.010000
