0 0.308594 0.235352 0.074219 0.076172
0 0.771484 0.268555 0.042969 0.044922
0 0.891602 0.294922 0.041016 0.042969
0 0.522461 0.340820 0.041016 0.044922
0 0.346680 0.376953 0.037109 0.039062
0 0.899414 0.389648 0.044922 0.044922
0 0.465820 0.412109 0.041016 0.042969
0 0.665039 0.446289 0.044922 0.041016
0 0.186523 0.538086 0.041016 0.037109
0 0.665039 0.545898 0.044922 0.044922
0 0.347656 0.549805 0.042969 0.044922
0 0.290039 0.627930 0.076172 0.080078
0 0.788086 0.617188 0.044922 0.046875
0 0.380859 0.628906 0.042969 0.046875
0 0.100000 0.633789 0.044922 0.044922
0 0.201172 0.645508 0.039062 0.041016
0 0.618164 0.747070 0.044922 0.044922
0 0.651367 0.889648 0.037109 0.037109
