0 0.100000 0.100000 0.035645 0.089844
1 0.500000 0.500000 0.500000 0.500000
0 0.564697 0.100000 0.010000 0.010000
0 0.860352 0.100000 0.010000 0.010000
0 0.541748 0.100000 0.010000 0.010000
0 0.544922 0.100000 0.010000 0.010000
0 0.900000 0.100000 0.010000 0.010000
0 0.900000 0.100000 0.010000 0.010000
0 0.369629 0.100000 0.010000 0.010000
0 0.591797 0.100000 0.010000 0.010000
0 0.900000 0.100000 0.010000 0.010000
0 0.100000 0.100000 0.010000 0.010000
0 0.341797 0.100000 0.010000 0.010000
0 0.802979 0.100000 0.010000 0.010000
0 0.795898 0.100000 0.014648 0.016276
0 0.789795 0.100000 0.020996 0.013672
0 0.460205 0.100000 0.010000 0.010000
0 0.462646 0.100000 0.010000 0.010000
0 0.683350 0.100000 0.010000 0.010000
0 0.857422 0.100000 0.010000 0.010000
0 0.376221 0.100000 0.010000 0.010000
0 0.100000 0.100000 0.010000 0.010000
0 0.266113 0.100000 0.010000 0.010000
0 0.376709 0.100000 0.010000 0.010000
0 0.900000 0.100000 0.010000 0.010000
0 0.266602 0.100000 0.010000 0.010000
0 0.763672 0.100000 0.010000 0.010000
0 0.378906 0.100000 0.010000 0.010000
0 0.257812 0.100000 0.010000 0.010000
0 0.260010 0.100000 0.010000 0.010000
0 0.265625 0.100000 0.010000 0.010000
0 0.887695 0.100000 0.010000 0.010000
0 0.100000 0.100260 0.010742 0.011719
0 0.900000 0.100260 0.010000 0.010000
0 0.100000 0.103516 0.010000 0.010000
0 0.208984 0.106771 0.010000 0.010000
0 0.756104 0.109049 0.010000 0.010000
0 0.193604 0.113607 0.010000 0.010000
0 0.657471 0.116211 0.010000 0.010000
0 0.688721 0.112956 0.010000 0.010000
0 0.364990 0.122721 0.010000 0.010000
0 0.363281 0.125651 0.010000 0.010000
0 0.729736 0.127604 0.010000 0.010000
0 0.100000 0.131185 0.010000 0.010000
0 0.900000 0.134766 0.010000 0.010000
0 0.900000 0.135742 0.010000 0.010000
0 0.342285 0.136719 0.010000 0.010000
0 0.855469 0.143555 0.010000 0.016276
0 0.350830 0.139323 0.010000 0.010000
0 0.343994 0.141276 0.013184 0.010000
0 0.550537 0.140299 0.010000 0.010000
0 0.100000 0.143880 0.010000 0.010000
0 0.344238 0.141602 0.010000 0.010000
0 0.900000 0.141276 0.010000 0.010000
0 0.550049 0.142904 0.010000 0.010000
0 0.550781 0.144531 0.010000 0.010000
0 0.832520 0.147135 0.010000 0.010000
0 0.833008 0.151693 0.010000 0.010000
0 0.834229 0.153320 0.010000 0.010000
0 0.852783 0.153971 0.010000 0.010000
0 0.900000 0.153646 0.010000 0.010000
0 0.900000 0.155273 0.010000 0.010000
0 0.771484 0.173828 0.011719 0.023438
0 0.577148 0.168294 0.010000 0.010000
0 0.485352 0.179362 0.010000 0.010000
0 0.500732 0.182292 0.010000 0.010000
0 0.682129 0.185221 0.010000 0.010000
0 0.178223 0.190430 0.010000 0.010000
0 0.686768 0.192383 0.010000 0.010000
0 0.140137 0.198242 0.010000 0.010000
0 0.141602 0.199219 0.010000 0.010000
0 0.149170 0.200521 0.010000 0.010000
0 0.666016 0.199219 0.010000 0.010000
0 0.470947 0.204753 0.014160 0.013672
0 0.159180 0.200846 0.010000 0.010000
0 0.900000 0.209961 0.010000 0.010000
0 0.464600 0.213216 0.010000 0.010000
0 0.460938 0.217122 0.010000 0.010000
0 0.878174 0.216471 0.010000 0.010000
0 0.455811 0.223307 0.010000 0.010000
0 0.214355 0.233398 0.010742 0.017578
0 0.217285 0.232422 0.010000 0.015625
0 0.218018 0.231120 0.010000 0.010000
0 0.447998 0.233724 0.010000 0.010000
0 0.683594 0.242188 0.010000 0.010000
0 0.184326 0.245768 0.010000 0.010000
0 0.448486 0.242188 0.010000 0.010000
0 0.697510 0.243490 0.010000 0.010000
0 0.411377 0.251953 0.010000 0.010000
0 0.697021 0.254232 0.010000 0.010000
0 0.760498 0.253255 0.010000 0.010000
0 0.762451 0.252604 0.010000 0.010000
0 0.397461 0.262695 0.010000 0.018880
0 0.900000 0.256510 0.010000 0.010000
0 0.758789 0.256185 0.010000 0.010000
0 0.269531 0.261719 0.010000 0.010000
0 0.754395 0.261719 0.010000 0.010000
0 0.900000 0.262044 0.010000 0.010000
0 0.900000 0.275065 0.011230 0.027995
0 0.235596 0.265951 0.010000 0.010000
0 0.523193 0.265299 0.010000 0.010000
0 0.219971 0.266927 0.010000 0.010000
0 0.154053 0.270508 0.010000 0.010000
0 0.166992 0.270508 0.010000 0.010000
0 0.619873 0.269531 0.010000 0.010000
0 0.175781 0.272461 0.010000 0.010000
0 0.900000 0.275391 0.010000 0.011719
0 0.900000 0.273763 0.010000 0.010000
0 0.253418 0.277018 0.010000 0.010000
0 0.900000 0.277995 0.010000 0.010000
0 0.134033 0.279622 0.010000 0.010000
0 0.900000 0.285156 0.010000 0.010000
0 0.327637 0.285807 0.010000 0.010000
0 0.354492 0.306315 0.021484 0.027995
0 0.262695 0.298828 0.010000 0.010000
0 0.773193 0.301758 0.010000 0.010000
0 0.459229 0.303060 0.010000 0.010000
0 0.777344 0.313477 0.010000 0.010000
0 0.658447 0.320638 0.010000 0.010000
0 0.650879 0.323568 0.010000 0.010000
0 0.137939 0.327474 0.010000 0.010000
0 0.618408 0.332031 0.010000 0.010000
0 0.389404 0.337891 0.010000 0.010000
0 0.452637 0.335612 0.010000 0.010000
0 0.650146 0.340169 0.010000 0.010000
0 0.100000 0.342448 0.010000 0.010000
0 0.572754 0.345703 0.010000 0.010000
0 0.896484 0.351237 0.010000 0.010000
0 0.217529 0.354818 0.010000 0.010000
0 0.291992 0.356771 0.010000 0.010000
0 0.895020 0.354167 0.010000 0.010000
0 0.900000 0.354818 0.010000 0.010000
0 0.900000 0.353516 0.010000 0.010000
0 0.363037 0.354492 0.010000 0.010000
0 0.900000 0.355469 0.010000 0.010000
0 0.218506 0.357747 0.010000 0.010000
0 0.315918 0.366862 0.010000 0.010000
0 0.123047 0.373372 0.010000 0.010000
0 0.313721 0.375977 0.010000 0.010000
0 0.131348 0.381510 0.010000 0.010000
0 0.499512 0.382812 0.010000 0.010000
0 0.489990 0.383789 0.010000 0.010000
0 0.864502 0.387044 0.010000 0.010000
0 0.100000 0.390625 0.010000 0.010000
0 0.100000 0.391276 0.010000 0.010000
0 0.100000 0.392904 0.010000 0.010000
0 0.133057 0.391602 0.010000 0.010000
0 0.478271 0.392578 0.010000 0.010000
0 0.616211 0.396810 0.010000 0.010000
0 0.100000 0.398438 0.010000 0.010000
0 0.900000 0.407552 0.010000 0.019531
0 0.888672 0.403971 0.010000 0.011068
0 0.122559 0.403646 0.010000 0.010000
0 0.120117 0.404297 0.010000 0.010000
0 0.316162 0.404297 0.010000 0.010000
0 0.119141 0.405599 0.010000 0.010000
0 0.319336 0.406576 0.010000 0.010000
0 0.605469 0.412435 0.010000 0.010000
0 0.233154 0.412435 0.010000 0.010000
0 0.280518 0.416341 0.010000 0.010000
0 0.838379 0.415690 0.010000 0.010000
0 0.900000 0.417643 0.010000 0.010000
0 0.276611 0.420898 0.010000 0.010000
0 0.877930 0.424154 0.010000 0.010000
0 0.190918 0.429362 0.010000 0.010000
0 0.900000 0.432943 0.010000 0.010417
0 0.396240 0.436849 0.010000 0.010000
0 0.185791 0.438477 0.010000 0.010000
0 0.100000 0.449219 0.010000 0.010000
0 0.362061 0.451497 0.010000 0.010000
0 0.850830 0.455404 0.010000 0.011068
0 0.345215 0.462240 0.010000 0.010000
0 0.880615 0.461914 0.010000 0.010000
0 0.660889 0.464518 0.010000 0.010000
0 0.100000 0.467122 0.010000 0.010000
0 0.633301 0.470703 0.010000 0.010000
0 0.231445 0.479818 0.010000 0.010000
0 0.417236 0.485026 0.010000 0.010417
0 0.777588 0.480143 0.010000 0.010000
0 0.325684 0.486328 0.010000 0.010000
0 0.387939 0.485352 0.010000 0.010000
0 0.333008 0.485352 0.010000 0.010000
0 0.396973 0.494466 0.021484 0.013672
0 0.389160 0.494792 0.010000 0.010000
0 0.416504 0.503255 0.010000 0.010000
0 0.489502 0.507487 0.010000 0.010000
0 0.364990 0.531250 0.010000 0.011719
0 0.118408 0.539714 0.012207 0.015625
0 0.367920 0.533203 0.010000 0.010000
0 0.636475 0.542969 0.020020 0.020833
0 0.180176 0.535807 0.010000 0.010000
0 0.197754 0.540690 0.010000 0.010000
0 0.254883 0.540365 0.010000 0.010000
0 0.375977 0.540365 0.010000 0.010000
0 0.100000 0.543945 0.010000 0.010000
0 0.614990 0.543620 0.010000 0.010000
0 0.900000 0.544271 0.010000 0.010000
0 0.600830 0.546549 0.010000 0.010000
0 0.900000 0.553711 0.014160 0.017578
0 0.558105 0.554362 0.010000 0.010000
0 0.650391 0.555013 0.010000 0.010000
0 0.100000 0.558268 0.010000 0.010000
0 0.900000 0.558919 0.010000 0.010000
0 0.900000 0.559245 0.010000 0.010000
0 0.900000 0.559245 0.010000 0.010000
0 0.469482 0.565104 0.010000 0.010000
0 0.178223 0.571940 0.010000 0.010000
0 0.218750 0.570964 0.010000 0.010000
0 0.218994 0.582031 0.018066 0.023438
0 0.810547 0.573242 0.010000 0.010000
0 0.227783 0.580078 0.010000 0.016927
0 0.229004 0.578125 0.010000 0.013021
0 0.156250 0.575846 0.010000 0.010000
0 0.664307 0.575195 0.010000 0.010000
0 0.430664 0.575846 0.010000 0.010000
0 0.452393 0.579102 0.010000 0.010000
0 0.454102 0.578451 0.010000 0.010000
0 0.236572 0.589518 0.014160 0.024089
0 0.236328 0.581055 0.010000 0.010000
0 0.210693 0.584961 0.010000 0.010000
0 0.894531 0.592773 0.028320 0.024089
0 0.418701 0.584635 0.010000 0.010000
0 0.202881 0.585938 0.010000 0.010000
0 0.147705 0.590169 0.010000 0.010000
0 0.148926 0.593099 0.010000 0.010000
0 0.828613 0.597331 0.010000 0.010000
0 0.878662 0.597656 0.010000 0.010000
0 0.199219 0.603841 0.010000 0.010000
0 0.900000 0.608073 0.010000 0.010000
0 0.900000 0.609375 0.010000 0.010000
0 0.328613 0.610677 0.010000 0.010000
0 0.100000 0.612956 0.010000 0.010000
0 0.223145 0.612630 0.010000 0.010000
0 0.252930 0.619792 0.010000 0.010000
0 0.133789 0.633464 0.010000 0.010000
0 0.665283 0.635742 0.010000 0.010000
0 0.900000 0.640299 0.013184 0.011068
0 0.900000 0.635091 0.010000 0.010000
0 0.812744 0.649089 0.010000 0.010000
0 0.503906 0.656901 0.010000 0.010000
0 0.173096 0.660156 0.010000 0.010000
0 0.677734 0.692057 0.047852 0.040365
0 0.800781 0.685872 0.010000 0.010000
0 0.687256 0.689128 0.010000 0.010000
0 0.352783 0.691406 0.010000 0.010000
0 0.468018 0.698568 0.010000 0.010000
0 0.101807 0.703125 0.010000 0.010000
0 0.900000 0.706055 0.010000 0.010000
0 0.497803 0.705078 0.010000 0.010000
0 0.681885 0.708659 0.010000 0.010000
0 0.617188 0.714518 0.010000 0.010000
0 0.676025 0.715169 0.010000 0.010000
0 0.810059 0.720378 0.010000 0.010000
0 0.503662 0.726237 0.010000 0.010000
0 0.100000 0.731120 0.010000 0.010000
0 0.261719 0.731771 0.010000 0.010000
0 0.183838 0.740560 0.010000 0.010000
0 0.182617 0.739909 0.010000 0.010000
0 0.729004 0.739583 0.010000 0.010000
0 0.188232 0.747721 0.016113 0.018880
0 0.194824 0.743164 0.010000 0.010000
0 0.195312 0.746094 0.010000 0.010000
0 0.402588 0.747070 0.010000 0.010000
0 0.395508 0.751953 0.011719 0.011719
0 0.182861 0.751302 0.010000 0.010000
0 0.395020 0.752279 0.010000 0.010000
0 0.437012 0.756836 0.011719 0.011068
0 0.408447 0.753906 0.010000 0.010000
0 0.535645 0.757812 0.010000 0.010000
0 0.100000 0.759115 0.010000 0.010000
0 0.185547 0.758789 0.010000 0.010000
0 0.442139 0.759440 0.010000 0.010000
0 0.703125 0.760417 0.010000 0.010000
0 0.436523 0.762695 0.010000 0.010000
0 0.100000 0.763672 0.010000 0.010000
0 0.806152 0.765299 0.010000 0.010000
0 0.120361 0.772786 0.013184 0.010000
0 0.127441 0.773112 0.010000 0.010000
0 0.139893 0.775716 0.010000 0.010000
0 0.132080 0.785482 0.031738 0.018880
0 0.104004 0.781576 0.010000 0.010000
0 0.843262 0.782552 0.010000 0.010000
0 0.508057 0.792969 0.012207 0.019531
0 0.115723 0.791667 0.010000 0.010000
0 0.453857 0.799805 0.015137 0.022786
0 0.148193 0.790690 0.010000 0.010000
0 0.100000 0.792318 0.010000 0.010000
0 0.900000 0.804036 0.010000 0.010000
0 0.489014 0.806315 0.010000 0.010000
0 0.506348 0.806966 0.010000 0.010000
0 0.744629 0.817057 0.010000 0.010000
0 0.249268 0.822917 0.010000 0.010000
0 0.803711 0.823568 0.010000 0.010000
0 0.379150 0.826823 0.010000 0.010000
0 0.733887 0.832682 0.010000 0.010000
0 0.100000 0.831380 0.010000 0.010000
0 0.100000 0.839193 0.010000 0.010417
0 0.477295 0.834635 0.010000 0.010000
0 0.900000 0.838542 0.010000 0.010000
0 0.345215 0.847331 0.010000 0.010000
0 0.488037 0.849935 0.010000 0.010000
0 0.900000 0.855794 0.010000 0.010000
0 0.100000 0.857747 0.010000 0.010000
0 0.100000 0.861003 0.010000 0.010000
0 0.439941 0.865560 0.010000 0.011068
0 0.472900 0.863281 0.010000 0.010000
0 0.386963 0.875651 0.010000 0.010000
0 0.291992 0.877604 0.010000 0.010000
0 0.900000 0.879557 0.010000 0.010000
0 0.252441 0.886393 0.010000 0.010000
0 0.473389 0.890299 0.012207 0.016276
0 0.100000 0.885091 0.010000 0.010000
0 0.100000 0.886068 0.010000 0.010000
0 0.244141 0.890299 0.010742 0.012370
0 0.473633 0.890625 0.010000 0.011719
0 0.473877 0.890951 0.010000 0.010000
0 0.458740 0.895508 0.010000 0.010000
0 0.348877 0.895508 0.010000 0.010000
0 0.440674 0.896810 0.010000 0.010000
0 0.251953 0.898763 0.010000 0.010000
0 0.315186 0.900000 0.010000 0.010000
0 0.363037 0.900000 0.010000 0.010000
0 0.472168 0.900000 0.010000 0.010000
0 0.100000 0.900000 0.010000 0.010000
0 0.190430 0.900000 0.010000 0.010000
0 0.100000 0.900000 0.010000 0.010000
0 0.308105 0.900000 0.010000 0.010000
0 0.374268 0.900000 0.010000 0.010000
0 0.366699 0.900000 0.010000 0.010000
0 0.190430 0.900000 0.010000 0.010000
0 0.320801 0.900000 0.010000 0.010417
0 0.320801 0.900000 0.010000 0.010000
0 0.324951 0.900000 0.010000 0.010000
0 0.671875 0.900000 0.010000 0.010000
0 0.668213 0.900000 0.010254 0.016927
0 0.668213 0.900000 0.010000 0.016276
0 0.344727 0.900000 0.010000 0.010000
0 0.657959 0.900000 0.010000 0.010000
0 0.668457 0.900000 0.010000 0.010000
0 0.524658 0.900000 0.010254 0.010000
0 0.124512 0.900000 0.010000 0.010000
0 0.862305 0.900000 0.010000 0.010000
0 0.572021 0.900000 0.010000 0.010000
0 0.717285 0.900000 0.010000 0.010000
0 0.100000 0.900000 0.010000 0.010000
0 0.100000 0.900000 0.010000 0.010000
0 0.669922 0.900000 0.010000 0.010000
0 0.633301 0.900000 0.010000 0.010000
0 0.679199 0.900000 0.010000 0.010000
0 0.576904 0.900000 0.010000 0.010000
0 0.100000 0.900000 0.010000 0.010000
0 0.900000 0.900000 0.010000 0.012370
0 0.100000 0.900000 0.010000 0.010000
0 0.100000 0.900000 0.010742 0.010000
0 0.651367 0.900000 0.010000 0.010000
0 0.658936 0.900000 0.010000 0.010000
0 0.100000 0.900000 0.010000 0.010000
0 0.100000 0.900000 0.010000 0.010000
0 0.568115 0.900000 0.010000 0.010000
0 0.189453 0.900000 0.010000 0.010000
