1 0.500000 0.500000 0.500000 0.500000
0 0.105469 0.100000 0.010000 0.010000
0 0.900000 0.100000 0.010000 0.010000
0 0.465088 0.100000 0.010000 0.010000
0 0.464600 0.100000 0.010000 0.010000
0 0.478760 0.100000 0.010000 0.010000
0 0.511230 0.100000 0.010000 0.010000
0 0.300049 0.100000 0.010000 0.010000
0 0.162598 0.100000 0.010000 0.010000
0 0.469971 0.100000 0.010000 0.010000
0 0.725342 0.100000 0.010000 0.010000
0 0.685059 0.100000 0.010000 0.010000
0 0.856689 0.100000 0.010000 0.010000
0 0.900000 0.100000 0.010000 0.010000
0 0.309326 0.100000 0.010000 0.010000
0 0.395996 0.100000 0.010000 0.010000
0 0.532227 0.100000 0.010000 0.010000
0 0.171143 0.100000 0.010000 0.010000
0 0.829346 0.100000 0.010000 0.010000
0 0.452393 0.102214 0.010000 0.010000
0 0.100000 0.115234 0.010000 0.010000
0 0.106445 0.126302 0.010000 0.010000
0 0.796631 0.126628 0.010000 0.010000
0 0.900000 0.128255 0.010000 0.010000
0 0.718262 0.131836 0.010000 0.010000
0 0.100000 0.134440 0.010000 0.010000
0 0.842285 0.135417 0.010000 0.010000
0 0.395020 0.140625 0.010000 0.010000
0 0.230957 0.152344 0.010000 0.010000
0 0.741943 0.152018 0.010000 0.010000
0 0.100000 0.155924 0.010000 0.010000
0 0.618164 0.157552 0.010000 0.010000
0 0.751221 0.180013 0.010000 0.010000
0 0.390137 0.183594 0.010000 0.010000
0 0.666260 0.190104 0.010000 0.010000
0 0.131592 0.193685 0.010000 0.010000
0 0.900000 0.194661 0.010000 0.010000
0 0.900000 0.196940 0.010000 0.010000
0 0.623291 0.197591 0.010000 0.010000
0 0.560059 0.202474 0.010000 0.010000
0 0.639893 0.204427 0.010000 0.010000
0 0.557861 0.207357 0.010000 0.010000
0 0.900000 0.221029 0.010000 0.010000
0 0.499512 0.230469 0.010000 0.010000
0 0.574463 0.237630 0.010000 0.010000
0 0.479736 0.242513 0.010000 0.010000
0 0.669189 0.257161 0.010000 0.010000
0 0.600586 0.269206 0.010000 0.010000
0 0.504395 0.277344 0.010000 0.010000
0 0.702393 0.277344 0.010000 0.010000
0 0.634521 0.283529 0.010000 0.010000
0 0.699219 0.281901 0.010000 0.010000
0 0.900000 0.284180 0.010000 0.010000
0 0.807373 0.290690 0.010000 0.010000
0 0.571777 0.291667 0.010000 0.010000
0 0.803223 0.292969 0.010000 0.010000
0 0.784668 0.295247 0.010000 0.010000
0 0.807617 0.295573 0.010000 0.010000
0 0.786621 0.300130 0.010000 0.010000
0 0.100000 0.300781 0.010000 0.010000
0 0.785889 0.303385 0.010000 0.010000
0 0.276367 0.305664 0.010000 0.010000
0 0.637939 0.304688 0.010000 0.010000
0 0.637939 0.306966 0.010000 0.010000
0 0.100000 0.309570 0.010000 0.010000
0 0.565186 0.319336 0.010000 0.010000
0 0.522461 0.326497 0.010000 0.010000
0 0.533691 0.332357 0.010000 0.012370
0 0.566406 0.332682 0.010000 0.010000
0 0.641602 0.331380 0.010000 0.010000
0 0.733398 0.357422 0.010000 0.010000
0 0.515381 0.363281 0.010000 0.010000
0 0.900000 0.368815 0.010000 0.010000
0 0.553711 0.385417 0.010000 0.010000
0 0.551514 0.391602 0.010000 0.010000
0 0.842041 0.405273 0.010000 0.010000
0 0.100000 0.409180 0.010000 0.010000
0 0.255859 0.417318 0.010000 0.010000
0 0.773438 0.416016 0.010000 0.010000
0 0.677002 0.428385 0.010000 0.010000
0 0.268066 0.439779 0.010000 0.010000
0 0.541992 0.463216 0.010000 0.010000
0 0.805176 0.480143 0.019531 0.035807
0 0.532227 0.471354 0.010000 0.010000
0 0.100000 0.472005 0.010000 0.010000
0 0.530029 0.481120 0.010000 0.010000
0 0.572754 0.506185 0.010000 0.010000
0 0.900000 0.507161 0.010000 0.010000
0 0.319336 0.509115 0.010000 0.010000
0 0.651123 0.514974 0.010000 0.010000
0 0.386230 0.519857 0.010000 0.010000
0 0.387207 0.517578 0.010000 0.010000
0 0.199219 0.523438 0.010000 0.010000
0 0.339355 0.534831 0.010000 0.010000
0 0.640625 0.536458 0.010000 0.010000
0 0.353271 0.538737 0.010000 0.010000
0 0.733643 0.538737 0.010000 0.010000
0 0.350586 0.540690 0.010000 0.010000
0 0.720703 0.541992 0.010000 0.010000
0 0.900000 0.543294 0.010000 0.010000
0 0.900000 0.550130 0.010000 0.010000
0 0.239502 0.556966 0.010000 0.010000
0 0.460938 0.575521 0.010000 0.010000
0 0.900000 0.582682 0.011230 0.010000
0 0.100000 0.604818 0.010000 0.010000
0 0.100000 0.609049 0.010000 0.010000
0 0.410156 0.623698 0.010000 0.010000
0 0.486572 0.642578 0.010000 0.010000
0 0.666748 0.648438 0.010000 0.010000
0 0.888916 0.651367 0.010000 0.010000
0 0.557129 0.660807 0.010000 0.010000
0 0.733154 0.679688 0.010000 0.010000
0 0.244385 0.684896 0.010000 0.010000
0 0.266357 0.698893 0.010000 0.010000
0 0.332764 0.702799 0.010000 0.010000
0 0.881836 0.706055 0.010000 0.010000
0 0.900000 0.708659 0.010000 0.010000
0 0.791748 0.709961 0.010000 0.010000
0 0.822754 0.710938 0.010000 0.010000
0 0.100000 0.718099 0.010000 0.010000
0 0.100000 0.724284 0.014648 0.010000
0 0.100000 0.723633 0.010000 0.010000
0 0.900000 0.724284 0.010000 0.010000
0 0.100000 0.724609 0.010000 0.010000
0 0.100000 0.723307 0.010000 0.010000
0 0.626709 0.732422 0.010000 0.010000
0 0.385498 0.747396 0.010000 0.010000
0 0.100000 0.748372 0.010000 0.010000
0 0.534668 0.748047 0.010000 0.010000
0 0.377930 0.763672 0.010000 0.010000
0 0.841309 0.770182 0.010000 0.010000
0 0.900000 0.773763 0.010000 0.010000
0 0.589111 0.778971 0.010000 0.010000
0 0.548096 0.784180 0.010000 0.010000
0 0.709473 0.799805 0.010000 0.010000
0 0.855469 0.805013 0.010000 0.010000
0 0.898193 0.811198 0.010000 0.010000
0 0.779297 0.819987 0.010000 0.010000
0 0.100000 0.827148 0.010000 0.010000
0 0.176758 0.835286 0.010000 0.010000
0 0.273438 0.838542 0.010000 0.010000
0 0.307373 0.845703 0.010000 0.010000
0 0.687988 0.848307 0.010000 0.010000
0 0.898926 0.851562 0.010000 0.010000
0 0.900000 0.857422 0.010000 0.010000
0 0.387207 0.859049 0.010000 0.010000
0 0.796143 0.862630 0.010000 0.010000
0 0.771240 0.864583 0.010000 0.010000
0 0.657471 0.871419 0.010000 0.010000
0 0.141357 0.872396 0.010000 0.010000
0 0.900000 0.876302 0.010000 0.010000
0 0.625000 0.878255 0.010000 0.010000
0 0.100000 0.886719 0.010000 0.010000
0 0.393799 0.900000 0.010000 0.010000
0 0.791016 0.900000 0.010000 0.010000
0 0.100000 0.900000 0.010000 0.010000
0 0.178223 0.900000 0.010000 0.010000
0 0.765137 0.900000 0.010000 0.010000
0 0.166992 0.900000 0.010000 0.010000
0 0.900000 0.900000 0.010000 0.010000
0 0.682129 0.900000 0.010000 0.010000
0 0.900000 0.900000 0.010000 0.010000
0 0.100000 0.900000 0.010000 0.010000
0 0.116699 0.900000 0.010000 0.010000
0 0.243896 0.900000 0.010000 0.010000
0 0.818115 0.900000 0.010000 0.010000
0 0.382568 0.900000 0.010000 0.010000
0 0.353271 0.900000 0.010000 0.010000
0 0.561279 0.900000 0.010000 0.010000
0 0.446533 0.900000 0.010000 0.010000
0 0.540039 0.900000 0.010000 0.010000
0 0.900000 0.900000 0.010000 0.010000
0 0.210938 0.900000 0.010000 0.010000
0 0.100000 0.900000 0.010000 0.010000
