1 0.500000 0.500000 0.500000 0.500000
0 0.151123 0.100000 0.010000 0.010000
0 0.354004 0.100000 0.010000 0.010000
0 0.572998 0.100000 0.010000 0.010000
0 0.671143 0.100000 0.010000 0.010000
0 0.900000 0.100000 0.010000 0.010000
0 0.449707 0.100000 0.010000 0.010000
0 0.100000 0.100000 0.010000 0.010000
0 0.273193 0.100000 0.010000 0.010000
0 0.865967 0.100000 0.010000 0.010000
0 0.697021 0.100000 0.010000 0.010000
0 0.408203 0.100000 0.010000 0.010000
0 0.542725 0.100000 0.010000 0.010000
0 0.900000 0.100000 0.010000 0.010000
0 0.512695 0.100000 0.010000 0.010000
0 0.521484 0.100000 0.010000 0.010000
0 0.437012 0.100000 0.010000 0.010000
0 0.850098 0.100000 0.010000 0.010000
0 0.729980 0.100000 0.010000 0.010000
0 0.825928 0.100000 0.010000 0.010000
0 0.411377 0.118164 0.010000 0.010000
0 0.227295 0.120443 0.010000 0.010000
0 0.397461 0.127279 0.010000 0.010000
0 0.100000 0.128906 0.010000 0.010000
0 0.378418 0.132812 0.010000 0.010000
0 0.100000 0.149089 0.010000 0.010000
0 0.597412 0.150065 0.010000 0.010000
0 0.470703 0.152995 0.010000 0.010000
0 0.900000 0.156576 0.010000 0.010000
0 0.525391 0.170898 0.010000 0.010000
0 0.100000 0.174154 0.010000 0.010000
0 0.797607 0.171224 0.010000 0.010000
0 0.776855 0.174154 0.011719 0.010000
0 0.274414 0.190430 0.010000 0.010000
0 0.444336 0.188802 0.010000 0.010000
0 0.900000 0.199219 0.010000 0.010000
0 0.413818 0.212891 0.010000 0.010000
0 0.900000 0.228841 0.010000 0.010000
0 0.633789 0.234375 0.010000 0.010000
0 0.682129 0.260742 0.010000 0.010000
0 0.819580 0.281576 0.010000 0.010000
0 0.102295 0.287109 0.010000 0.010000
0 0.161621 0.300781 0.010000 0.010000
0 0.900000 0.309245 0.010000 0.010000
0 0.900000 0.310872 0.010000 0.010000
0 0.900000 0.319010 0.010000 0.010000
0 0.100000 0.327148 0.010000 0.010000
0 0.486084 0.327148 0.010000 0.010000
0 0.314209 0.334635 0.010000 0.010000
0 0.477539 0.335938 0.010000 0.010000
0 0.100000 0.340169 0.010000 0.010000
0 0.900000 0.345378 0.010000 0.010000
0 0.900000 0.346680 0.010000 0.010000
0 0.900000 0.351562 0.010000 0.010000
0 0.153320 0.358724 0.010000 0.010000
0 0.766357 0.362956 0.010000 0.010000
0 0.732422 0.368815 0.010000 0.010000
0 0.461670 0.370443 0.010000 0.010000
0 0.727295 0.373698 0.010000 0.010000
0 0.552734 0.379883 0.010000 0.010000
0 0.664307 0.388346 0.010000 0.012370
0 0.670166 0.386719 0.010000 0.010000
0 0.666992 0.388672 0.010000 0.010000
0 0.668457 0.388346 0.010000 0.010000
0 0.673828 0.386719 0.010000 0.010000
0 0.686768 0.387044 0.010000 0.010000
0 0.749023 0.388672 0.010000 0.010000
0 0.900000 0.388346 0.010000 0.010000
0 0.900000 0.390299 0.010000 0.010000
0 0.900000 0.391927 0.010000 0.010000
0 0.756104 0.408203 0.010254 0.036458
0 0.755615 0.390625 0.010000 0.010000
0 0.681885 0.391602 0.010000 0.010000
0 0.900000 0.392904 0.010000 0.010000
0 0.518799 0.399414 0.010000 0.010000
0 0.100000 0.399089 0.010000 0.010000
0 0.211426 0.412109 0.010000 0.010000
0 0.762451 0.414062 0.010000 0.010000
0 0.762451 0.417318 0.010000 0.010000
0 0.762695 0.423177 0.010000 0.013021
0 0.100000 0.436849 0.010000 0.010000
0 0.701416 0.438477 0.010000 0.010000
0 0.245361 0.448893 0.010000 0.010000
0 0.289795 0.455078 0.010000 0.010000
0 0.502197 0.461263 0.010000 0.010000
0 0.123535 0.462565 0.010000 0.010000
0 0.518799 0.466471 0.010000 0.010000
0 0.485107 0.472982 0.010000 0.010000
0 0.487061 0.480469 0.010000 0.010000
0 0.457031 0.497721 0.010000 0.010000
0 0.529053 0.499674 0.010000 0.010000
0 0.575928 0.503581 0.010000 0.010000
0 0.582520 0.504232 0.010000 0.010000
0 0.526855 0.508138 0.010000 0.010000
0 0.528564 0.509115 0.010000 0.010000
0 0.527832 0.521810 0.010000 0.010000
0 0.528320 0.519857 0.010000 0.010000
0 0.424072 0.523438 0.010000 0.010000
0 0.576172 0.523112 0.010000 0.010000
0 0.538330 0.528646 0.010000 0.010000
0 0.449707 0.533854 0.010000 0.010000
0 0.458984 0.559570 0.010000 0.010000
0 0.465088 0.564453 0.010000 0.010000
0 0.519775 0.578451 0.010000 0.010000
0 0.637695 0.589518 0.010000 0.010000
0 0.100000 0.605143 0.010000 0.010000
0 0.547119 0.606771 0.010000 0.010000
0 0.100000 0.615885 0.010000 0.010000
0 0.900000 0.630859 0.010000 0.010000
0 0.100000 0.633464 0.010000 0.010000
0 0.290527 0.657552 0.010000 0.010000
0 0.100000 0.676107 0.010000 0.010000
0 0.100000 0.682292 0.010000 0.010000
0 0.100000 0.686523 0.010000 0.010000
0 0.100000 0.690755 0.010000 0.010000
0 0.100000 0.692057 0.010000 0.010000
0 0.100000 0.691406 0.010000 0.010000
0 0.526123 0.696615 0.010000 0.010000
0 0.612305 0.720703 0.010000 0.010000
0 0.276123 0.722331 0.010000 0.010000
0 0.241211 0.730469 0.010000 0.010000
0 0.583984 0.732747 0.010000 0.010000
0 0.100000 0.741862 0.010000 0.010000
0 0.631348 0.756185 0.010000 0.010000
0 0.393066 0.765299 0.010000 0.010000
0 0.648193 0.774740 0.010000 0.010000
0 0.719727 0.773763 0.010000 0.010000
0 0.900000 0.773112 0.010000 0.010000
0 0.197998 0.782227 0.010000 0.010000
0 0.455078 0.788086 0.010000 0.010000
0 0.866943 0.791667 0.010000 0.010000
0 0.142578 0.807617 0.010000 0.010000
0 0.558350 0.838867 0.010000 0.010000
0 0.891357 0.843424 0.010000 0.010000
0 0.575684 0.848958 0.010000 0.010000
0 0.796387 0.862956 0.010000 0.010000
0 0.819336 0.886393 0.010000 0.010000
0 0.147461 0.887695 0.010000 0.010000
0 0.203125 0.898112 0.010000 0.010000
0 0.487549 0.900000 0.010000 0.010000
0 0.662109 0.900000 0.010000 0.010000
0 0.100000 0.900000 0.010000 0.010000
0 0.414795 0.900000 0.010000 0.010000
