1 0.500000 0.500000 0.500000 0.500000
0 0.474121 0.100000 0.010000 0.010000
0 0.476318 0.100000 0.010000 0.010000
0 0.477295 0.100000 0.010000 0.010000
0 0.492920 0.100000 0.010000 0.010000
0 0.585693 0.100000 0.010000 0.010000
0 0.597656 0.100000 0.011719 0.017578
0 0.900000 0.100000 0.010000 0.010000
0 0.900000 0.100000 0.010000 0.010000
0 0.556641 0.100000 0.010000 0.010000
0 0.585205 0.100000 0.010000 0.010000
0 0.703125 0.100000 0.010000 0.010000
0 0.100000 0.100000 0.010000 0.010000
0 0.500732 0.100000 0.010000 0.010000
0 0.100000 0.100000 0.010000 0.010000
0 0.506104 0.100000 0.010000 0.010000
0 0.760010 0.100000 0.010000 0.010000
0 0.900000 0.100000 0.010000 0.010000
0 0.165039 0.100000 0.010000 0.010000
0 0.725586 0.100000 0.010000 0.010000
0 0.900000 0.100000 0.010000 0.010000
0 0.473389 0.100000 0.010000 0.010000
0 0.751709 0.100000 0.010000 0.010000
0 0.268066 0.100000 0.010000 0.010000
0 0.716064 0.100000 0.010000 0.010000
0 0.461914 0.100000 0.010000 0.010000
0 0.737061 0.100000 0.010000 0.010000
0 0.100000 0.100000 0.010000 0.010000
0 0.493652 0.100000 0.010000 0.010000
0 0.733887 0.100000 0.010000 0.010000
0 0.900000 0.100000 0.010000 0.010000
0 0.878662 0.100000 0.010000 0.010000
0 0.830322 0.100000 0.010000 0.010000
0 0.830811 0.100000 0.010000 0.010000
0 0.853516 0.100000 0.010000 0.010000
0 0.143555 0.100000 0.010000 0.010000
0 0.508789 0.100000 0.010000 0.010000
0 0.886230 0.100000 0.010000 0.010000
0 0.852051 0.100000 0.010742 0.010000
0 0.387451 0.100000 0.010000 0.010000
0 0.900000 0.100000 0.010000 0.010000
0 0.900000 0.113932 0.010000 0.010000
0 0.900000 0.113607 0.010000 0.010000
0 0.459473 0.115560 0.010000 0.010000
0 0.100000 0.153320 0.010000 0.010000
0 0.330811 0.182617 0.010254 0.010000
0 0.473633 0.191081 0.010000 0.010000
0 0.445557 0.195638 0.010000 0.010000
0 0.123047 0.197917 0.010000 0.010000
0 0.128174 0.208984 0.010000 0.010000
0 0.394531 0.214844 0.010000 0.010000
0 0.834473 0.218099 0.010000 0.010000
0 0.174561 0.219401 0.010000 0.010000
0 0.483643 0.228516 0.010000 0.010000
0 0.513184 0.226888 0.010000 0.010000
0 0.886230 0.229167 0.010000 0.010000
0 0.852783 0.229492 0.010000 0.010000
0 0.682129 0.239909 0.010000 0.010000
0 0.634277 0.242513 0.010000 0.010000
0 0.251465 0.248047 0.010000 0.010000
0 0.224121 0.252279 0.010000 0.010000
0 0.900000 0.253906 0.010000 0.010000
0 0.695312 0.258464 0.010000 0.010000
0 0.163330 0.264323 0.010000 0.010000
0 0.246826 0.266276 0.010000 0.010000
0 0.100000 0.268555 0.010000 0.010000
0 0.134277 0.271484 0.010000 0.010000
0 0.214355 0.274414 0.010000 0.010000
0 0.367432 0.273763 0.010000 0.010000
0 0.142822 0.278971 0.010000 0.010000
0 0.222900 0.286133 0.010000 0.010000
0 0.304443 0.296875 0.024902 0.024740
0 0.100000 0.288086 0.010000 0.010000
0 0.170166 0.290365 0.010000 0.010000
0 0.313232 0.295247 0.010000 0.010000
0 0.737793 0.295898 0.010000 0.010000
0 0.161621 0.296224 0.010000 0.010000
0 0.131836 0.304036 0.010000 0.010000
0 0.100000 0.310872 0.010000 0.010000
0 0.177734 0.309570 0.010000 0.010000
0 0.100000 0.310221 0.010000 0.010000
0 0.100000 0.313477 0.010000 0.010000
0 0.440918 0.318359 0.010000 0.010000
0 0.100000 0.321615 0.010000 0.010000
0 0.238037 0.339193 0.010000 0.010000
0 0.836426 0.343424 0.010000 0.010000
0 0.493896 0.352865 0.010000 0.011719
0 0.486084 0.350911 0.010000 0.010000
0 0.706787 0.349284 0.010000 0.010000
0 0.521729 0.359701 0.010000 0.010000
0 0.527100 0.366211 0.010000 0.010000
0 0.528564 0.367513 0.010000 0.010000
0 0.531494 0.368490 0.010000 0.010000
0 0.531982 0.381185 0.018066 0.018880
0 0.796143 0.373372 0.010000 0.010000
0 0.854004 0.372721 0.010000 0.010000
0 0.533447 0.377279 0.010000 0.010000
0 0.831055 0.377930 0.010000 0.010000
0 0.837646 0.378906 0.014160 0.010000
0 0.852051 0.381510 0.010000 0.010000
0 0.525879 0.386719 0.010000 0.010000
0 0.851318 0.391602 0.010000 0.011068
0 0.209473 0.388021 0.010000 0.010000
0 0.423828 0.392578 0.010000 0.010000
0 0.127441 0.396484 0.010000 0.010000
0 0.432373 0.397461 0.010000 0.010000
0 0.775879 0.399089 0.010000 0.010000
0 0.581055 0.405599 0.010000 0.010000
0 0.580322 0.406901 0.010000 0.010000
0 0.588135 0.407227 0.010000 0.010000
0 0.738281 0.406250 0.010000 0.010000
0 0.616699 0.409180 0.010000 0.010000
0 0.644531 0.411133 0.010000 0.010000
0 0.624756 0.413737 0.010000 0.010000
0 0.785400 0.412435 0.010000 0.010000
0 0.876953 0.432292 0.010000 0.010000
0 0.304443 0.432617 0.010000 0.010000
0 0.163574 0.440430 0.010000 0.010000
0 0.757080 0.438151 0.010000 0.010000
0 0.741211 0.454102 0.010000 0.010000
0 0.512939 0.473958 0.010000 0.010000
0 0.630127 0.478516 0.010000 0.010417
0 0.634521 0.480794 0.010000 0.010000
0 0.599365 0.485026 0.010000 0.010000
0 0.900000 0.483724 0.010000 0.010000
0 0.601562 0.484375 0.010000 0.010000
0 0.551514 0.484375 0.010000 0.010000
0 0.900000 0.508789 0.010000 0.010000
0 0.900000 0.512695 0.010000 0.010000
0 0.834717 0.514323 0.010000 0.010000
0 0.900000 0.513672 0.010000 0.010000
0 0.225586 0.520182 0.010000 0.010000
0 0.813965 0.524089 0.011719 0.011719
0 0.900000 0.533203 0.010000 0.010000
0 0.540039 0.537435 0.010000 0.010000
0 0.887939 0.541992 0.010000 0.010000
0 0.162842 0.552409 0.010000 0.010000
0 0.541260 0.552083 0.010000 0.010000
0 0.541504 0.555339 0.010000 0.010000
0 0.113525 0.563477 0.010000 0.010000
0 0.191406 0.564453 0.010000 0.010000
0 0.577393 0.566081 0.010000 0.010000
0 0.900000 0.575846 0.010000 0.010000
0 0.900000 0.573893 0.010000 0.010000
0 0.558838 0.604492 0.010000 0.010000
0 0.496094 0.606771 0.010000 0.010000
0 0.638916 0.611654 0.010000 0.010000
0 0.888672 0.619141 0.010000 0.010000
0 0.100000 0.649414 0.010000 0.010000
0 0.539795 0.670573 0.010000 0.010000
0 0.404785 0.675781 0.010000 0.010000
0 0.100000 0.676758 0.010000 0.010000
0 0.622314 0.682292 0.010000 0.010000
0 0.380615 0.685872 0.010000 0.010000
0 0.810547 0.692383 0.010000 0.010000
0 0.774658 0.693359 0.010000 0.010000
0 0.226562 0.701497 0.010000 0.010000
0 0.100000 0.707357 0.010000 0.010000
0 0.494141 0.708984 0.010000 0.010000
0 0.900000 0.711589 0.010000 0.010000
0 0.900000 0.713216 0.010000 0.010000
0 0.900000 0.712891 0.010000 0.010000
0 0.900000 0.718099 0.010000 0.010000
0 0.634033 0.719076 0.010000 0.010000
0 0.900000 0.722331 0.010000 0.010000
0 0.900000 0.721680 0.010000 0.010000
0 0.900000 0.727539 0.010000 0.010000
0 0.307861 0.729818 0.010000 0.010000
0 0.529297 0.730794 0.010000 0.010000
0 0.499268 0.732747 0.010000 0.010000
0 0.696533 0.734049 0.010000 0.010000
0 0.702637 0.740885 0.010000 0.010000
0 0.700928 0.762044 0.016113 0.039714
0 0.712402 0.749674 0.010000 0.010000
0 0.687744 0.755208 0.010000 0.010000
0 0.690430 0.758464 0.010000 0.010417
0 0.708984 0.755534 0.010000 0.010000
0 0.697998 0.758138 0.010000 0.010000
0 0.192383 0.763021 0.010000 0.010000
0 0.694824 0.764974 0.010000 0.010000
0 0.100000 0.770833 0.010000 0.010000
0 0.691650 0.769206 0.010000 0.010000
0 0.711182 0.772461 0.010000 0.010000
0 0.900000 0.773438 0.010000 0.010000
0 0.706787 0.777344 0.010000 0.010000
0 0.702148 0.780599 0.010000 0.010000
0 0.697510 0.783529 0.010000 0.010000
0 0.298340 0.790039 0.010000 0.010000
0 0.711914 0.790690 0.010000 0.010000
0 0.396484 0.800781 0.010000 0.010000
0 0.741943 0.803385 0.010000 0.010000
0 0.553467 0.803385 0.010000 0.010000
0 0.722656 0.801758 0.010000 0.010000
0 0.854980 0.807617 0.010000 0.010000
0 0.743896 0.812826 0.010000 0.010000
0 0.748779 0.813151 0.010000 0.010000
0 0.742676 0.813151 0.010000 0.010000
0 0.755371 0.819336 0.010000 0.010000
0 0.243896 0.823893 0.010000 0.010000
0 0.342773 0.827148 0.010000 0.010000
0 0.382080 0.832357 0.010000 0.010000
0 0.472168 0.837891 0.010000 0.010000
0 0.421387 0.847982 0.010000 0.010000
0 0.812500 0.892253 0.010000 0.010000
0 0.357178 0.900000 0.010000 0.010000
0 0.900000 0.900000 0.010000 0.010000
0 0.554199 0.900000 0.010000 0.010000
0 0.801758 0.900000 0.010000 0.010000
0 0.512451 0.900000 0.010000 0.010000
0 0.202393 0.900000 0.010000 0.010417
0 0.595947 0.900000 0.010000 0.010000
0 0.617188 0.900000 0.014648 0.010000
0 0.488770 0.900000 0.010000 0.010000
0 0.641113 0.900000 0.010000 0.010000
