1 0.500000 0.500000 0.500000 0.500000
0 0.111328 0.100000 0.010000 0.010000
0 0.158936 0.100000 0.010000 0.010000
0 0.397705 0.100000 0.010000 0.010000
0 0.177734 0.100000 0.010000 0.010000
0 0.541016 0.100000 0.010000 0.010000
0 0.100000 0.100000 0.010000 0.010000
0 0.663574 0.100000 0.010000 0.010000
0 0.669434 0.100000 0.010000 0.010000
0 0.666748 0.100000 0.010000 0.010000
0 0.809570 0.100000 0.010000 0.010000
0 0.505127 0.100000 0.010000 0.010000
0 0.179688 0.100000 0.010000 0.010000
0 0.595703 0.100000 0.010000 0.010000
0 0.128174 0.100000 0.010000 0.010000
0 0.100000 0.100000 0.022461 0.014323
0 0.110107 0.100000 0.010000 0.010417
0 0.900000 0.100000 0.010000 0.010000
0 0.425049 0.100000 0.010000 0.010000
0 0.700928 0.100000 0.010000 0.010000
0 0.100000 0.100000 0.010000 0.010000
0 0.615723 0.100000 0.010000 0.010000
0 0.738281 0.100000 0.010000 0.010000
0 0.100000 0.100000 0.010000 0.010000
0 0.100000 0.100000 0.010000 0.010000
0 0.588867 0.100000 0.010000 0.010000
0 0.570068 0.100000 0.010000 0.010000
0 0.494873 0.100000 0.010000 0.010000
0 0.777832 0.107422 0.010000 0.015625
0 0.251709 0.107747 0.010000 0.010000
0 0.148438 0.109375 0.010000 0.010000
0 0.327148 0.109049 0.010000 0.010000
0 0.692383 0.109375 0.010000 0.010000
0 0.793457 0.117188 0.010742 0.013021
0 0.900000 0.113281 0.010000 0.010000
0 0.337891 0.117839 0.010000 0.010000
0 0.422119 0.124349 0.010000 0.010000
0 0.647949 0.125000 0.010000 0.010000
0 0.900000 0.125326 0.010000 0.010000
0 0.405273 0.133138 0.010000 0.010000
0 0.633545 0.139974 0.010000 0.010000
0 0.791992 0.145833 0.010000 0.010000
0 0.100000 0.149089 0.010000 0.010000
0 0.791260 0.148112 0.010000 0.010000
0 0.685547 0.150065 0.010000 0.010000
0 0.812500 0.149740 0.010000 0.010000
0 0.100000 0.151693 0.010000 0.010000
0 0.496338 0.152344 0.010000 0.010000
0 0.900000 0.154948 0.010000 0.010000
0 0.833740 0.178385 0.013184 0.016927
0 0.174316 0.180013 0.011719 0.017578
0 0.164062 0.181315 0.010742 0.014974
0 0.900000 0.175130 0.010000 0.010000
0 0.828125 0.179036 0.010000 0.010000
0 0.218262 0.186198 0.010000 0.010000
0 0.831543 0.188151 0.010000 0.010000
0 0.444580 0.196289 0.010000 0.010000
0 0.443848 0.199544 0.010000 0.010000
0 0.555664 0.200846 0.010000 0.010000
0 0.710938 0.212240 0.010000 0.010000
0 0.900000 0.213867 0.010000 0.010000
0 0.629883 0.217448 0.010000 0.010000
0 0.600342 0.216146 0.010000 0.010000
0 0.360352 0.218424 0.010000 0.010000
0 0.253662 0.232422 0.010000 0.010000
0 0.733643 0.234375 0.010000 0.010000
0 0.100000 0.248698 0.010000 0.010000
0 0.533447 0.247721 0.010000 0.010000
0 0.641113 0.252930 0.010000 0.010000
0 0.386963 0.257812 0.010000 0.010000
0 0.582520 0.265299 0.010000 0.010000
0 0.592285 0.264974 0.010000 0.010000
0 0.601318 0.267904 0.010000 0.010000
0 0.900000 0.272786 0.010000 0.010417
0 0.663086 0.272461 0.010000 0.010000
0 0.662354 0.274089 0.010000 0.010000
0 0.247314 0.274414 0.010000 0.010000
0 0.246338 0.276042 0.010000 0.010000
0 0.900000 0.276042 0.010000 0.010000
0 0.526611 0.279297 0.010000 0.010000
0 0.768555 0.279297 0.010000 0.010000
0 0.294189 0.279622 0.010000 0.010000
0 0.662109 0.286458 0.010000 0.015625
0 0.660645 0.286458 0.010742 0.013021
0 0.660400 0.286458 0.010000 0.010000
0 0.182373 0.291341 0.010000 0.010000
0 0.818604 0.294596 0.010000 0.010000
0 0.595459 0.310872 0.016113 0.022786
0 0.669434 0.310872 0.010000 0.013672
0 0.320312 0.312174 0.010000 0.010000
0 0.325195 0.315430 0.010000 0.010000
0 0.900000 0.317383 0.010000 0.010000
0 0.673096 0.323568 0.010000 0.010000
0 0.483398 0.322917 0.010000 0.010000
0 0.674072 0.327148 0.010000 0.010000
0 0.854492 0.331706 0.010000 0.010000
0 0.499756 0.343424 0.010000 0.010000
0 0.769775 0.349935 0.012207 0.012370
0 0.824951 0.353516 0.010000 0.010000
0 0.100000 0.352214 0.010000 0.010000
0 0.772461 0.355143 0.010000 0.010000
0 0.821777 0.354167 0.010000 0.010000
0 0.828613 0.353516 0.010000 0.010000
0 0.100000 0.355143 0.010000 0.010000
0 0.627441 0.359701 0.010000 0.010000
0 0.225342 0.361979 0.010000 0.010000
0 0.100000 0.366862 0.013672 0.012370
0 0.131836 0.371094 0.010000 0.011719
0 0.598633 0.365885 0.010000 0.010000
0 0.405273 0.369466 0.010000 0.010000
0 0.208984 0.371419 0.010000 0.010000
0 0.100000 0.373698 0.010000 0.010000
0 0.874268 0.375326 0.010000 0.010000
0 0.100000 0.387370 0.011719 0.022135
0 0.754883 0.377604 0.010000 0.010000
0 0.854004 0.377279 0.010000 0.010000
0 0.581543 0.381836 0.010000 0.010000
0 0.755371 0.380859 0.010000 0.010000
0 0.900000 0.381510 0.010000 0.010000
0 0.100000 0.384115 0.010000 0.010000
0 0.100000 0.386068 0.010000 0.010000
0 0.199219 0.386068 0.010000 0.010000
0 0.900000 0.388021 0.010000 0.010000
0 0.100000 0.389648 0.010000 0.010000
0 0.143799 0.395182 0.010000 0.013021
0 0.522217 0.390951 0.010000 0.010000
0 0.100000 0.398438 0.010000 0.010000
0 0.900000 0.402018 0.010000 0.010000
0 0.900000 0.404297 0.010000 0.011719
0 0.297363 0.404622 0.010742 0.010000
0 0.900000 0.407227 0.010742 0.014974
0 0.148682 0.406901 0.010000 0.010000
0 0.900000 0.407227 0.010000 0.010000
0 0.612305 0.454427 0.030273 0.085938
0 0.396973 0.422201 0.010000 0.011068
0 0.100000 0.418945 0.010000 0.010000
0 0.136719 0.421549 0.010000 0.010000
0 0.731689 0.423828 0.010000 0.010000
0 0.259521 0.424805 0.010000 0.010000
0 0.259033 0.425456 0.010000 0.010000
0 0.767578 0.430339 0.010000 0.010000
0 0.262939 0.431641 0.010000 0.010000
0 0.900000 0.430339 0.010000 0.010000
0 0.410889 0.434570 0.010000 0.010000
0 0.100000 0.436198 0.010000 0.010000
0 0.100000 0.439779 0.010000 0.010000
0 0.330566 0.446940 0.021484 0.020182
0 0.754150 0.443685 0.010000 0.010000
0 0.900000 0.441081 0.010000 0.010000
0 0.188477 0.442708 0.010000 0.010000
0 0.448730 0.443034 0.010000 0.010000
0 0.900000 0.444336 0.010000 0.010000
0 0.631104 0.448568 0.010000 0.010000
0 0.100000 0.449544 0.010000 0.010000
0 0.240234 0.451172 0.010000 0.010000
0 0.186523 0.453451 0.010000 0.010000
0 0.560303 0.455729 0.010000 0.010000
0 0.554932 0.455404 0.010000 0.010000
0 0.623535 0.459961 0.010000 0.011068
0 0.547119 0.464844 0.013184 0.016927
0 0.900000 0.474284 0.027344 0.034505
0 0.547363 0.465169 0.010000 0.010000
0 0.884766 0.466471 0.010000 0.010000
0 0.498291 0.469401 0.010000 0.010000
0 0.183105 0.477865 0.010000 0.010000
0 0.621582 0.479818 0.010000 0.010000
0 0.893311 0.480469 0.010000 0.010000
0 0.223877 0.483724 0.010000 0.010000
0 0.491699 0.484701 0.010000 0.010000
0 0.222412 0.488932 0.010000 0.010000
0 0.462158 0.488281 0.010000 0.010000
0 0.588623 0.500977 0.010000 0.021484
0 0.599365 0.492513 0.010000 0.010000
0 0.148193 0.497070 0.010000 0.010000
0 0.461914 0.498698 0.010000 0.010000
0 0.600098 0.512370 0.017578 0.029948
0 0.608398 0.501953 0.010000 0.010000
0 0.508301 0.508464 0.010000 0.010000
0 0.422852 0.529948 0.013672 0.019531
0 0.411133 0.541341 0.037109 0.037109
0 0.807129 0.526693 0.010000 0.010000
0 0.193359 0.526693 0.010000 0.010000
0 0.110107 0.533203 0.010000 0.010000
0 0.655518 0.536133 0.010000 0.010000
0 0.657959 0.548503 0.018066 0.022786
0 0.100000 0.540039 0.010000 0.010000
0 0.100000 0.541992 0.010000 0.010000
0 0.396240 0.548828 0.010000 0.010000
0 0.600830 0.551107 0.010000 0.010000
0 0.393311 0.552734 0.010000 0.010000
0 0.391113 0.555990 0.010000 0.010000
0 0.390381 0.554688 0.010000 0.010000
0 0.392578 0.554362 0.010000 0.010000
0 0.413574 0.553711 0.010000 0.010000
0 0.656982 0.555013 0.010000 0.010000
0 0.648682 0.556966 0.010000 0.010000
0 0.844482 0.557292 0.010000 0.010000
0 0.392578 0.565755 0.010000 0.013021
0 0.100000 0.570964 0.013184 0.018229
0 0.391357 0.564779 0.010000 0.010000
0 0.900000 0.568359 0.010000 0.010000
0 0.569092 0.574870 0.010000 0.013021
0 0.100000 0.573893 0.011230 0.010000
0 0.100000 0.573893 0.010000 0.010000
0 0.559326 0.583333 0.010000 0.010000
0 0.184326 0.585938 0.010000 0.010000
0 0.100000 0.590495 0.010000 0.010000
0 0.447021 0.596354 0.010000 0.010000
0 0.821289 0.605469 0.034180 0.022135
0 0.721191 0.596354 0.010000 0.010000
0 0.900000 0.601888 0.010000 0.010000
0 0.716553 0.603841 0.010000 0.010000
0 0.280518 0.605143 0.010000 0.010000
0 0.368896 0.611979 0.010000 0.010000
0 0.583740 0.611328 0.010000 0.010000
0 0.776123 0.615234 0.010000 0.010000
0 0.100000 0.635091 0.010000 0.010000
0 0.465820 0.637370 0.010000 0.010000
0 0.659668 0.651693 0.010000 0.010000
0 0.866211 0.658203 0.010000 0.010000
0 0.361328 0.658854 0.010000 0.010000
0 0.686035 0.670898 0.010000 0.010000
0 0.684326 0.678711 0.010000 0.010000
0 0.599609 0.688151 0.010000 0.010000
0 0.247803 0.699219 0.010000 0.010000
0 0.705811 0.698242 0.010000 0.010000
0 0.597412 0.701172 0.010000 0.010000
0 0.788574 0.700521 0.010000 0.010000
0 0.595459 0.704427 0.010000 0.010000
0 0.592285 0.708659 0.010000 0.010000
0 0.900000 0.707682 0.010000 0.010000
0 0.592041 0.708333 0.010000 0.010000
0 0.900000 0.707682 0.010000 0.010000
0 0.900000 0.708984 0.010000 0.010000
0 0.900000 0.711914 0.010000 0.010000
0 0.900000 0.711589 0.010000 0.010000
0 0.900000 0.710612 0.010000 0.010000
0 0.331787 0.716797 0.010000 0.010000
0 0.100000 0.714193 0.010000 0.010000
0 0.649658 0.716471 0.010000 0.010000
0 0.900000 0.727539 0.015625 0.020182
0 0.900000 0.724284 0.010000 0.010000
0 0.403564 0.722982 0.010000 0.010000
0 0.900000 0.724284 0.010000 0.010000
0 0.100000 0.732422 0.010000 0.010000
0 0.124268 0.736654 0.010000 0.010000
0 0.856934 0.743815 0.010000 0.010000
0 0.740723 0.747396 0.010000 0.010000
0 0.100000 0.751953 0.010000 0.010000
0 0.652832 0.752930 0.010000 0.010000
0 0.291016 0.758789 0.010000 0.010000
0 0.647217 0.760091 0.010000 0.010000
0 0.650391 0.762695 0.010000 0.010000
0 0.459961 0.768229 0.010000 0.010000
0 0.381104 0.769857 0.010000 0.010000
0 0.105469 0.771159 0.010000 0.010000
0 0.900000 0.773112 0.010000 0.010000
0 0.100000 0.773112 0.010000 0.010000
0 0.372314 0.778646 0.010000 0.010000
0 0.457031 0.783854 0.010000 0.010000
0 0.215332 0.784831 0.010000 0.010000
0 0.395996 0.801432 0.010000 0.010000
0 0.611816 0.809570 0.010000 0.010000
0 0.398438 0.809245 0.010000 0.010000
0 0.440186 0.816406 0.010000 0.010000
0 0.322754 0.828125 0.010000 0.010417
0 0.322754 0.828125 0.010000 0.010000
0 0.100000 0.837565 0.010000 0.010000
0 0.358887 0.840495 0.010000 0.010000
0 0.646973 0.840820 0.010000 0.010000
0 0.100000 0.844401 0.010000 0.010000
0 0.100000 0.843750 0.010000 0.010000
0 0.100000 0.847982 0.010000 0.010000
0 0.100000 0.848307 0.010000 0.010000
0 0.100000 0.848958 0.010000 0.010000
0 0.237305 0.849935 0.010000 0.010000
0 0.450195 0.851237 0.010000 0.010000
0 0.100000 0.853190 0.010000 0.010000
0 0.446289 0.856120 0.010000 0.010000
0 0.407471 0.858073 0.010000 0.010000
0 0.444092 0.861328 0.010000 0.010417
0 0.645508 0.857096 0.010000 0.010000
0 0.111572 0.860352 0.010000 0.010000
0 0.891357 0.863607 0.010000 0.010000
0 0.228760 0.874674 0.010000 0.010000
0 0.415283 0.875977 0.010000 0.010000
0 0.422119 0.871745 0.010000 0.010000
0 0.427490 0.882487 0.010000 0.010000
0 0.100000 0.885091 0.010000 0.010000
0 0.312256 0.888346 0.010000 0.010000
0 0.370361 0.890625 0.010000 0.010000
0 0.371094 0.888672 0.010000 0.010000
0 0.425049 0.888346 0.010000 0.010000
0 0.372070 0.894206 0.010000 0.010000
0 0.100000 0.892904 0.010000 0.010000
0 0.214844 0.893229 0.010000 0.010000
0 0.704346 0.894531 0.010000 0.010000
0 0.373535 0.897786 0.010000 0.010000
0 0.610840 0.897786 0.010000 0.010000
0 0.374512 0.898112 0.010000 0.010000
0 0.701660 0.900000 0.010000 0.010417
0 0.314209 0.900000 0.010000 0.010000
0 0.696289 0.900000 0.010000 0.010000
0 0.135986 0.900000 0.010000 0.010000
0 0.339600 0.900000 0.010000 0.010000
0 0.173584 0.900000 0.010000 0.010000
0 0.868652 0.900000 0.010000 0.010000
0 0.623535 0.900000 0.010000 0.010000
0 0.100000 0.900000 0.010000 0.010000
0 0.505615 0.900000 0.010000 0.010000
0 0.100000 0.900000 0.010000 0.010000
0 0.406494 0.900000 0.010000 0.010000
0 0.100000 0.900000 0.010000 0.010000
0 0.100000 0.900000 0.010000 0.010000
0 0.295898 0.900000 0.010000 0.010000
0 0.100000 0.900000 0.010000 0.010000
0 0.100000 0.900000 0.010000 0.010000
0 0.698975 0.900000 0.010254 0.011068
0 0.699463 0.900000 0.010000 0.010000
0 0.389648 0.900000 0.010000 0.010000
0 0.481689 0.900000 0.010000 0.010000
0 0.100000 0.900000 0.015137 0.024089
0 0.309326 0.900000 0.010000 0.010000
0 0.496826 0.900000 0.010000 0.010000
0 0.569336 0.900000 0.010000 0.010000
0 0.725586 0.900000 0.010000 0.010000
0 0.504883 0.900000 0.010000 0.010000
0 0.525879 0.900000 0.010000 0.010000
0 0.538574 0.900000 0.010000 0.010000
0 0.726074 0.900000 0.010000 0.010000
