1 0.500000 0.500000 0.500000 0.500000
0 0.648438 0.100000 0.010000 0.010000
0 0.900000 0.100000 0.010000 0.010000
0 0.726318 0.100000 0.010000 0.010000
0 0.599365 0.100000 0.014160 0.010000
0 0.791504 0.100000 0.010000 0.010000
0 0.505371 0.100000 0.010000 0.010000
0 0.402344 0.100000 0.010000 0.010000
0 0.751465 0.100000 0.010000 0.010000
0 0.468750 0.100000 0.018555 0.026042
0 0.221924 0.100000 0.010000 0.010000
0 0.303955 0.100000 0.010000 0.010000
0 0.477783 0.100000 0.010000 0.010000
0 0.755127 0.100000 0.010000 0.010000
0 0.542725 0.100000 0.010000 0.010000
0 0.547852 0.100000 0.010000 0.010000
0 0.578613 0.100000 0.010000 0.010000
0 0.735352 0.100000 0.010000 0.010000
0 0.737549 0.100000 0.010000 0.010000
0 0.185547 0.100000 0.010000 0.010000
0 0.868652 0.100000 0.010000 0.010000
0 0.270996 0.100000 0.010000 0.010000
0 0.473145 0.100000 0.010000 0.010000
0 0.720703 0.100000 0.011719 0.018880
0 0.734131 0.100000 0.010000 0.010000
0 0.227783 0.100000 0.010000 0.010000
0 0.743164 0.100000 0.010000 0.010000
0 0.769287 0.100000 0.010000 0.010000
0 0.100000 0.100000 0.010000 0.010000
0 0.349365 0.110677 0.010000 0.010000
0 0.720215 0.111328 0.010000 0.010000
0 0.900000 0.112956 0.010000 0.010000
0 0.611084 0.121419 0.010000 0.010000
0 0.787842 0.133138 0.010000 0.010000
0 0.722412 0.135417 0.010000 0.010000
0 0.887451 0.138672 0.010000 0.010000
0 0.356689 0.138672 0.010000 0.010000
0 0.704346 0.142253 0.010000 0.010000
0 0.732422 0.141276 0.010000 0.010000
0 0.801514 0.140951 0.010000 0.010000
0 0.851318 0.144206 0.010000 0.010000
0 0.874023 0.149089 0.010000 0.010000
0 0.900000 0.156250 0.010000 0.010000
0 0.679932 0.163411 0.010000 0.010000
0 0.669189 0.165690 0.010000 0.010000
0 0.681152 0.167969 0.010000 0.010000
0 0.867188 0.165365 0.010000 0.010000
0 0.683105 0.166016 0.010000 0.010000
0 0.900000 0.170247 0.010000 0.010000
0 0.196289 0.172852 0.010000 0.010000
0 0.877930 0.174805 0.010000 0.010000
0 0.214111 0.175130 0.010000 0.010000
0 0.900000 0.185221 0.010000 0.014974
0 0.226074 0.183594 0.010000 0.010000
0 0.478271 0.181966 0.010000 0.010000
0 0.100000 0.185221 0.010000 0.010000
0 0.100000 0.186849 0.010000 0.010000
0 0.100000 0.189453 0.011719 0.010417
0 0.900000 0.187826 0.010000 0.010000
0 0.100000 0.195312 0.010000 0.010000
0 0.678955 0.194010 0.010000 0.010000
0 0.154541 0.195964 0.010000 0.010000
0 0.727539 0.200195 0.010000 0.010000
0 0.201660 0.200521 0.010000 0.010000
0 0.727295 0.200195 0.010000 0.010000
0 0.100000 0.202474 0.010000 0.010000
0 0.456787 0.208333 0.010000 0.010000
0 0.135498 0.212891 0.010000 0.010000
0 0.105713 0.221354 0.010000 0.010000
0 0.423584 0.220378 0.010000 0.010000
0 0.431152 0.219727 0.010000 0.010000
0 0.105957 0.220703 0.010000 0.010000
0 0.867676 0.227214 0.010000 0.010000
0 0.296387 0.236003 0.010000 0.010000
0 0.435791 0.236979 0.010000 0.010000
0 0.634033 0.238607 0.010000 0.010000
0 0.714844 0.243815 0.010000 0.010000
0 0.645508 0.250651 0.013672 0.011719
0 0.110352 0.251302 0.010000 0.010000
0 0.550049 0.254883 0.010000 0.010000
0 0.548584 0.256185 0.010000 0.010000
0 0.825439 0.261068 0.010000 0.010000
0 0.215088 0.262695 0.010000 0.010000
0 0.278564 0.265299 0.010000 0.010000
0 0.649658 0.270508 0.010000 0.010000
0 0.900000 0.266602 0.010000 0.010000
0 0.650635 0.270182 0.010000 0.010000
0 0.767090 0.270182 0.010000 0.010000
0 0.430908 0.280273 0.013184 0.010000
0 0.651123 0.279622 0.010000 0.010000
0 0.797119 0.282552 0.010000 0.010000
0 0.348633 0.291016 0.010000 0.010000
0 0.611816 0.293620 0.010000 0.010000
0 0.900000 0.292318 0.010000 0.010000
0 0.615967 0.294922 0.010000 0.010000
0 0.839600 0.298828 0.010000 0.010000
0 0.837402 0.301432 0.010000 0.010000
0 0.900000 0.311523 0.010000 0.010000
0 0.352539 0.313477 0.010000 0.010000
0 0.851807 0.313477 0.010000 0.010000
0 0.384521 0.318359 0.010000 0.010000
0 0.100000 0.323242 0.010000 0.010000
0 0.900000 0.335286 0.010000 0.023438
0 0.543701 0.341471 0.011230 0.010000
0 0.709717 0.338216 0.010000 0.010000
0 0.900000 0.340820 0.010000 0.010000
0 0.537598 0.341797 0.010000 0.010000
0 0.701660 0.342773 0.010000 0.010000
0 0.700684 0.341797 0.010000 0.010000
0 0.536133 0.342122 0.010000 0.010000
0 0.840576 0.348958 0.010000 0.010000
0 0.100000 0.347656 0.010000 0.010000
0 0.639404 0.351562 0.010000 0.010000
0 0.658691 0.353516 0.010000 0.010000
0 0.741211 0.349609 0.010000 0.010000
0 0.655273 0.351237 0.010000 0.010000
0 0.640381 0.357422 0.010000 0.010000
0 0.900000 0.359049 0.010000 0.010000
0 0.642822 0.364583 0.010000 0.010000
0 0.634277 0.365234 0.010000 0.010000
0 0.640137 0.364583 0.010000 0.010000
0 0.636475 0.364909 0.010000 0.010000
0 0.837158 0.366211 0.010000 0.010000
0 0.100000 0.366211 0.010000 0.010000
0 0.829102 0.373047 0.010000 0.010000
0 0.523926 0.379883 0.010000 0.010000
0 0.631592 0.381185 0.010000 0.010000
0 0.625000 0.381836 0.010000 0.010000
0 0.900000 0.386068 0.010000 0.010000
0 0.666260 0.384766 0.010000 0.010000
0 0.664551 0.386719 0.010000 0.010000
0 0.655762 0.391276 0.010000 0.010000
0 0.820068 0.388672 0.010000 0.010000
0 0.657471 0.388672 0.010000 0.010000
0 0.661865 0.395508 0.010000 0.014974
0 0.522461 0.397135 0.010000 0.010000
0 0.524902 0.394531 0.010000 0.010000
0 0.520752 0.399740 0.010000 0.010000
0 0.813232 0.402018 0.010000 0.011068
0 0.666016 0.399414 0.010000 0.010000
0 0.673584 0.399740 0.010000 0.010000
0 0.732178 0.398763 0.010000 0.010000
0 0.521240 0.402018 0.010000 0.010000
0 0.676758 0.400716 0.010000 0.010000
0 0.815674 0.402018 0.010000 0.010000
0 0.521484 0.404622 0.010000 0.010000
0 0.674072 0.404297 0.010000 0.010000
0 0.666016 0.416992 0.012695 0.016276
0 0.881104 0.416667 0.010000 0.010000
0 0.218994 0.419596 0.010000 0.010000
0 0.502686 0.427734 0.017090 0.020833
0 0.886719 0.421224 0.010000 0.010000
0 0.895508 0.421224 0.010000 0.010000
0 0.781982 0.438802 0.012207 0.026042
0 0.223633 0.428060 0.010000 0.010000
0 0.756836 0.430339 0.010000 0.010000
0 0.766602 0.447917 0.016602 0.035156
0 0.766113 0.434245 0.010000 0.010000
0 0.350586 0.441406 0.010000 0.010000
0 0.830322 0.444336 0.010000 0.010000
0 0.352295 0.446289 0.010000 0.010000
0 0.900000 0.446615 0.010000 0.010000
0 0.573242 0.449219 0.010000 0.010000
0 0.589355 0.460612 0.010742 0.020182
0 0.533203 0.454427 0.010000 0.010000
0 0.535889 0.454427 0.010000 0.010000
0 0.780762 0.468099 0.010000 0.015625
0 0.449707 0.471680 0.010000 0.011068
0 0.773682 0.472656 0.010000 0.010000
0 0.239258 0.476562 0.010000 0.010000
0 0.235840 0.481445 0.010000 0.010000
0 0.194824 0.482747 0.010000 0.010000
0 0.865479 0.509766 0.010000 0.010000
0 0.184570 0.512695 0.010000 0.010000
0 0.573975 0.511719 0.010000 0.010000
0 0.579346 0.517253 0.010000 0.010000
0 0.900000 0.518880 0.010000 0.010000
0 0.327881 0.527995 0.010000 0.010000
0 0.314941 0.542318 0.010000 0.020833
0 0.718018 0.535482 0.010000 0.010000
0 0.733643 0.553060 0.026855 0.037109
0 0.772461 0.542318 0.010000 0.011719
0 0.409180 0.540365 0.010000 0.010000
0 0.303467 0.544271 0.010000 0.010000
0 0.828857 0.545898 0.010000 0.010000
0 0.671387 0.545573 0.010000 0.010000
0 0.834717 0.546875 0.010000 0.010000
0 0.725098 0.567708 0.018555 0.018229
0 0.100000 0.562500 0.010000 0.010000
0 0.389404 0.562826 0.010000 0.010000
0 0.723145 0.564779 0.010000 0.010000
0 0.424805 0.567383 0.010000 0.010000
0 0.251953 0.571940 0.010000 0.010000
0 0.247803 0.577474 0.010000 0.010000
0 0.253174 0.590169 0.010000 0.010000
0 0.253174 0.593099 0.010000 0.010000
0 0.802490 0.599284 0.017090 0.018880
0 0.253418 0.596029 0.010000 0.010000
0 0.260010 0.593424 0.010000 0.010000
0 0.900000 0.592773 0.010000 0.010000
0 0.260986 0.595703 0.010000 0.010000
0 0.262207 0.596354 0.010000 0.010000
0 0.760742 0.597982 0.010000 0.010000
0 0.826660 0.597331 0.010000 0.010000
0 0.262451 0.599284 0.010000 0.010000
0 0.758301 0.604492 0.010000 0.010000
0 0.441650 0.616536 0.010000 0.010000
0 0.900000 0.619141 0.010000 0.010000
0 0.164307 0.636393 0.010000 0.010000
0 0.900000 0.636719 0.010000 0.010000
0 0.590820 0.646484 0.013672 0.014323
0 0.900000 0.662435 0.010000 0.010000
0 0.900000 0.662760 0.010000 0.010000
0 0.691162 0.667318 0.010000 0.010000
0 0.593262 0.670573 0.010000 0.010000
0 0.878174 0.676107 0.011230 0.012370
0 0.136963 0.672201 0.010000 0.010000
0 0.883545 0.676758 0.010000 0.010000
0 0.765625 0.682292 0.010000 0.010000
0 0.439453 0.689453 0.010000 0.010000
0 0.508301 0.697266 0.010000 0.010000
0 0.500000 0.697917 0.010000 0.010000
0 0.100000 0.701172 0.010000 0.010000
0 0.192383 0.717773 0.010000 0.010000
0 0.114990 0.720052 0.010000 0.010000
0 0.173096 0.721029 0.010000 0.010000
0 0.425293 0.722331 0.010000 0.010000
0 0.770752 0.724609 0.010000 0.010000
0 0.900000 0.729818 0.010000 0.010000
0 0.618896 0.728841 0.010000 0.010000
0 0.711670 0.735352 0.010000 0.011068
0 0.756836 0.732096 0.010000 0.010000
0 0.675781 0.735352 0.010000 0.010000
0 0.100000 0.758464 0.010000 0.010000
0 0.900000 0.773112 0.010000 0.010000
0 0.803223 0.777344 0.010000 0.010000
0 0.346680 0.783854 0.010000 0.010000
0 0.261719 0.798828 0.012695 0.016927
0 0.261230 0.793945 0.010000 0.010000
0 0.273438 0.799805 0.010000 0.010000
0 0.273193 0.803385 0.010254 0.010000
0 0.260986 0.803711 0.010000 0.010000
0 0.269531 0.803385 0.010000 0.010000
0 0.260986 0.803711 0.010000 0.010000
0 0.274414 0.805990 0.010000 0.010000
0 0.273682 0.807292 0.010000 0.010000
0 0.100000 0.814779 0.010000 0.010000
0 0.831299 0.830729 0.010000 0.010000
0 0.754150 0.842773 0.010000 0.010000
0 0.537109 0.851562 0.010000 0.010000
0 0.540527 0.849284 0.010000 0.010000
0 0.633545 0.853516 0.010000 0.010000
0 0.812500 0.864258 0.010000 0.010000
0 0.101807 0.875977 0.010000 0.010000
0 0.629150 0.889974 0.010000 0.010000
0 0.257812 0.888672 0.010000 0.010000
0 0.840088 0.898112 0.010000 0.010000
0 0.269287 0.900000 0.010000 0.010000
0 0.546387 0.900000 0.010000 0.010000
0 0.201416 0.900000 0.010000 0.010000
0 0.120117 0.900000 0.010000 0.010000
0 0.504883 0.900000 0.010000 0.010000
0 0.525146 0.900000 0.010000 0.010000
0 0.100000 0.900000 0.010000 0.010000
0 0.160645 0.900000 0.010000 0.010000
0 0.694824 0.900000 0.010000 0.010000
0 0.467285 0.900000 0.010000 0.010000
0 0.900000 0.900000 0.010000 0.010000
0 0.422852 0.900000 0.010000 0.010000
0 0.718750 0.900000 0.010000 0.010000
