1 0.500000 0.500000 0.500000 0.500000
0 0.315186 0.100000 0.010000 0.010000
0 0.790527 0.100000 0.010000 0.010000
0 0.887207 0.100000 0.010000 0.010000
0 0.756592 0.100000 0.010000 0.010000
0 0.100000 0.100000 0.010000 0.010000
0 0.757080 0.100000 0.010000 0.010000
0 0.900000 0.100000 0.010000 0.010000
0 0.900000 0.100000 0.010000 0.010000
0 0.900000 0.100000 0.010000 0.010000
0 0.757568 0.100000 0.010000 0.010000
0 0.209717 0.100000 0.010000 0.010000
0 0.416016 0.100000 0.010000 0.010000
0 0.512451 0.100000 0.010000 0.010000
0 0.830566 0.124023 0.010000 0.010000
0 0.364014 0.142578 0.010000 0.010000
0 0.100000 0.147786 0.010000 0.010000
0 0.681396 0.147786 0.010000 0.010000
0 0.100000 0.154297 0.010000 0.010000
0 0.100000 0.159180 0.010000 0.010000
0 0.100000 0.161784 0.010000 0.010000
0 0.100000 0.165039 0.010000 0.010000
0 0.402588 0.172526 0.010000 0.010000
0 0.427734 0.174479 0.010000 0.010000
0 0.271240 0.182292 0.010000 0.010000
0 0.285645 0.182943 0.010000 0.010000
0 0.343018 0.184896 0.010000 0.010000
0 0.495850 0.187174 0.010000 0.010000
0 0.205811 0.191081 0.010000 0.010000
0 0.533447 0.192057 0.010000 0.010000
0 0.205811 0.193034 0.010000 0.010000
0 0.215576 0.197266 0.010000 0.010000
0 0.196777 0.200195 0.010000 0.010000
0 0.535645 0.199219 0.010000 0.010000
0 0.197998 0.200846 0.010000 0.010000
0 0.270996 0.205404 0.010000 0.010000
0 0.560791 0.204102 0.010000 0.010000
0 0.807861 0.213542 0.010000 0.010000
0 0.314209 0.222982 0.010000 0.010000
0 0.127930 0.230469 0.010000 0.010000
0 0.744385 0.236003 0.010000 0.010000
0 0.742432 0.236003 0.010000 0.010000
0 0.833008 0.240885 0.010000 0.010000
0 0.559570 0.265625 0.010000 0.010000
0 0.900000 0.273763 0.010000 0.010000
0 0.250000 0.281576 0.010000 0.010000
0 0.900000 0.285482 0.010000 0.010000
0 0.219971 0.309570 0.010000 0.010000
0 0.511475 0.320638 0.010000 0.010000
0 0.100000 0.330078 0.010000 0.010000
0 0.100000 0.336589 0.010000 0.010000
0 0.235596 0.342122 0.010000 0.010000
0 0.236816 0.341797 0.010000 0.010000
0 0.900000 0.341146 0.010000 0.010000
0 0.100000 0.352539 0.010000 0.010000
0 0.100000 0.351562 0.010000 0.010000
0 0.100000 0.353190 0.010000 0.010000
0 0.113037 0.360352 0.017090 0.017578
0 0.117676 0.364909 0.010000 0.010000
0 0.791260 0.363932 0.010000 0.010000
0 0.780029 0.364909 0.010000 0.010000
0 0.120605 0.365560 0.010000 0.010000
0 0.475586 0.364258 0.010000 0.010000
0 0.500000 0.369141 0.010000 0.011719
0 0.381836 0.370768 0.010000 0.010000
0 0.380615 0.370443 0.010000 0.010000
0 0.458740 0.371419 0.010000 0.010000
0 0.515625 0.370443 0.010000 0.010000
0 0.784912 0.371745 0.010000 0.010000
0 0.666504 0.377930 0.010000 0.010000
0 0.787354 0.378906 0.010000 0.010000
0 0.303467 0.384440 0.010000 0.010000
0 0.113281 0.383464 0.010000 0.010000
0 0.775879 0.386068 0.010000 0.010000
0 0.795166 0.389648 0.010000 0.010000
0 0.337402 0.390299 0.010000 0.010000
0 0.788330 0.393555 0.010000 0.010000
0 0.324707 0.401042 0.010000 0.010000
0 0.875000 0.399740 0.010000 0.010000
0 0.423584 0.404622 0.010000 0.010000
0 0.753174 0.408529 0.010000 0.010000
0 0.189209 0.409831 0.010000 0.010000
0 0.395508 0.411458 0.010000 0.010000
0 0.185303 0.413411 0.010000 0.010000
0 0.361816 0.412760 0.010000 0.010000
0 0.757324 0.412760 0.010000 0.010000
0 0.275391 0.415690 0.010000 0.010000
0 0.204834 0.419596 0.010000 0.010000
0 0.208008 0.422852 0.010000 0.010000
0 0.192383 0.423177 0.010000 0.010000
0 0.284424 0.426432 0.010000 0.010000
0 0.214111 0.428385 0.010000 0.010000
0 0.532715 0.429688 0.010000 0.010000
0 0.580322 0.452799 0.026855 0.047526
0 0.579102 0.431641 0.010000 0.010000
0 0.581299 0.431641 0.010000 0.010000
0 0.500244 0.438477 0.010000 0.010000
0 0.496094 0.436849 0.010000 0.010000
0 0.224121 0.437500 0.010000 0.010000
0 0.498535 0.439128 0.010000 0.010000
0 0.581299 0.439128 0.010000 0.010000
0 0.225342 0.438802 0.010000 0.010000
0 0.283203 0.443685 0.010000 0.012370
0 0.564697 0.438477 0.010000 0.010000
0 0.584229 0.439128 0.010000 0.010000
0 0.456787 0.439453 0.010000 0.010000
0 0.564209 0.440104 0.010000 0.010000
0 0.319336 0.444336 0.010000 0.010000
0 0.494141 0.443685 0.010000 0.010000
0 0.517090 0.444987 0.010000 0.010000
0 0.231689 0.452148 0.010000 0.010000
0 0.586182 0.451172 0.010000 0.010000
0 0.222656 0.450846 0.010000 0.010000
0 0.231934 0.453451 0.010000 0.010000
0 0.470215 0.465820 0.010000 0.010000
0 0.316650 0.468099 0.010000 0.010000
0 0.319336 0.469076 0.010000 0.010000
0 0.566895 0.476237 0.010000 0.010000
0 0.320801 0.477539 0.010000 0.010000
0 0.563477 0.483073 0.010000 0.010000
0 0.772461 0.486003 0.010000 0.010000
0 0.890137 0.488607 0.010000 0.010000
0 0.879639 0.492188 0.010000 0.010000
0 0.271484 0.504883 0.010000 0.010000
0 0.796387 0.506510 0.010000 0.010000
0 0.884521 0.511719 0.010000 0.010000
0 0.624023 0.514648 0.010000 0.010000
0 0.761963 0.514323 0.010000 0.010000
0 0.275391 0.521810 0.010000 0.010000
0 0.900000 0.525065 0.010000 0.010000
0 0.790771 0.529297 0.010000 0.010000
0 0.130371 0.535807 0.010000 0.010000
0 0.765625 0.533854 0.010000 0.010000
0 0.900000 0.536458 0.010000 0.010000
0 0.533203 0.543620 0.010000 0.010000
0 0.900000 0.560221 0.010000 0.016276
0 0.900000 0.560221 0.010000 0.010000
0 0.900000 0.566406 0.010000 0.010000
0 0.337158 0.569336 0.010000 0.010000
0 0.715820 0.584635 0.010000 0.010000
0 0.393799 0.609049 0.010000 0.010000
0 0.900000 0.641927 0.082031 0.061198
0 0.356201 0.626628 0.010000 0.010000
0 0.757324 0.629883 0.010000 0.010000
0 0.900000 0.631510 0.010000 0.010000
0 0.900000 0.634766 0.010000 0.010000
0 0.900000 0.636393 0.010000 0.010000
0 0.811279 0.641927 0.010000 0.011719
0 0.412109 0.641927 0.010000 0.010000
0 0.229492 0.643229 0.010000 0.010000
0 0.275146 0.643229 0.010000 0.010000
0 0.811523 0.642578 0.010000 0.010000
0 0.832520 0.642253 0.010000 0.010000
0 0.100000 0.650391 0.010000 0.010000
0 0.453369 0.654622 0.010000 0.010000
0 0.100000 0.662760 0.010000 0.010000
0 0.481201 0.667643 0.010000 0.010000
0 0.900000 0.684245 0.010000 0.010000
0 0.144043 0.687174 0.010000 0.010000
0 0.900000 0.690755 0.010000 0.010000
0 0.900000 0.697917 0.010000 0.010000
0 0.900000 0.717122 0.010000 0.010000
0 0.900000 0.729167 0.010000 0.010000
0 0.900000 0.735026 0.010000 0.010000
0 0.900000 0.732422 0.010000 0.010000
0 0.900000 0.734375 0.010000 0.010000
0 0.870117 0.736328 0.010000 0.010000
0 0.718262 0.748047 0.010000 0.010000
0 0.329346 0.753581 0.010000 0.010000
0 0.617920 0.760417 0.010000 0.010000
0 0.900000 0.763021 0.010000 0.010000
0 0.198975 0.767904 0.010000 0.010000
0 0.606201 0.770182 0.010000 0.010000
0 0.900000 0.772786 0.010000 0.010000
0 0.174805 0.775716 0.010000 0.010000
0 0.174561 0.776042 0.010000 0.010000
0 0.443848 0.776367 0.010000 0.010000
0 0.605713 0.781901 0.010000 0.010000
0 0.606934 0.781901 0.010000 0.010000
0 0.176025 0.784505 0.010000 0.010000
0 0.188965 0.786784 0.010000 0.010000
0 0.454590 0.791016 0.010000 0.010000
0 0.612549 0.791341 0.010000 0.010000
0 0.785645 0.795898 0.010000 0.010000
0 0.132812 0.800456 0.010000 0.010000
0 0.816650 0.801107 0.010000 0.010000
0 0.233154 0.804036 0.010000 0.010000
0 0.703857 0.805013 0.010000 0.010000
0 0.165771 0.805990 0.010000 0.010000
0 0.365723 0.813477 0.010000 0.010000
0 0.744873 0.818359 0.010000 0.010000
0 0.164551 0.820964 0.010000 0.010000
0 0.167480 0.820638 0.010000 0.010000
0 0.150391 0.822591 0.010000 0.010000
0 0.175537 0.828125 0.010000 0.010000
0 0.165771 0.829753 0.010000 0.010000
0 0.511475 0.830729 0.010000 0.010000
0 0.886963 0.840169 0.010000 0.010000
0 0.705078 0.847005 0.010000 0.010000
0 0.694092 0.892904 0.010000 0.010000
0 0.100000 0.900000 0.010000 0.010000
0 0.579346 0.900000 0.010000 0.010000
0 0.516846 0.900000 0.010254 0.010000
0 0.900000 0.900000 0.010000 0.010000
0 0.900000 0.900000 0.010000 0.010000
0 0.900000 0.900000 0.010000 0.010000
0 0.468506 0.900000 0.010000 0.010000
0 0.280762 0.900000 0.010000 0.010000
0 0.654541 0.900000 0.010000 0.010000
0 0.658936 0.900000 0.010000 0.010000
0 0.656738 0.900000 0.010000 0.010000
0 0.531250 0.900000 0.010000 0.010000
0 0.100000 0.900000 0.010000 0.010000
0 0.900000 0.900000 0.010000 0.010000
0 0.818359 0.900000 0.010000 0.010000
0 0.221680 0.900000 0.010000 0.010000
0 0.515381 0.900000 0.010000 0.010000
0 0.818115 0.900000 0.010000 0.010000
0 0.534424 0.900000 0.010000 0.010000
0 0.900000 0.900000 0.010000 0.010000
0 0.525146 0.900000 0.010000 0.010000
0 0.542969 0.900000 0.010000 0.010000
0 0.119141 0.900000 0.010000 0.010000
0 0.883057 0.900000 0.010000 0.010000
0 0.541992 0.900000 0.010000 0.010000
0 0.191162 0.900000 0.010000 0.010000
0 0.900000 0.900000 0.010000 0.010000
0 0.351807 0.900000 0.010000 0.010000
