1 0.500000 0.500000 0.500000 0.500000
0 0.100000 0.100000 0.010000 0.010000
0 0.100000 0.100000 0.010000 0.010000
0 0.396973 0.100000 0.010000 0.010000
0 0.266602 0.100000 0.010000 0.010000
0 0.672363 0.100000 0.010000 0.010000
0 0.900000 0.100000 0.010000 0.010000
0 0.900000 0.100000 0.010000 0.010000
0 0.900000 0.100000 0.013672 0.010000
0 0.810303 0.100000 0.010000 0.010000
0 0.139893 0.100000 0.010000 0.010000
0 0.100000 0.100000 0.010000 0.010000
0 0.838623 0.100000 0.010000 0.010000
0 0.100000 0.100000 0.010000 0.010000
0 0.900000 0.100000 0.010000 0.011068
0 0.597656 0.100000 0.010000 0.010000
0 0.236572 0.100000 0.010000 0.010000
0 0.900000 0.100000 0.010000 0.010000
0 0.808350 0.100000 0.010000 0.010000
0 0.808105 0.100000 0.010000 0.010000
0 0.548584 0.100000 0.010000 0.010000
0 0.100000 0.100000 0.010000 0.010000
0 0.196289 0.100000 0.010000 0.010000
0 0.754150 0.100000 0.010000 0.016276
0 0.900000 0.100000 0.010000 0.010000
0 0.900000 0.100000 0.010000 0.010000
0 0.753662 0.100000 0.010000 0.010000
0 0.599854 0.100000 0.010000 0.010000
0 0.900000 0.103516 0.010000 0.010000
0 0.679199 0.104167 0.010000 0.010000
0 0.900000 0.113607 0.010000 0.018880
0 0.100000 0.126628 0.010000 0.010000
0 0.100000 0.127279 0.010000 0.010000
0 0.658447 0.131510 0.010000 0.010000
0 0.650146 0.131510 0.010000 0.010000
0 0.649902 0.134766 0.010000 0.010000
0 0.650146 0.133464 0.010000 0.010000
0 0.260254 0.137695 0.010000 0.010000
0 0.479492 0.138021 0.010000 0.010000
0 0.633057 0.138346 0.010000 0.010000
0 0.100000 0.148112 0.011230 0.020182
0 0.429932 0.141927 0.010000 0.010000
0 0.862061 0.143555 0.010000 0.010000
0 0.889893 0.141602 0.010000 0.010000
0 0.630859 0.148763 0.010000 0.010000
0 0.833984 0.147786 0.010000 0.010000
0 0.838135 0.152995 0.010000 0.010000
0 0.866699 0.151693 0.010000 0.010000
0 0.100000 0.151367 0.010000 0.010000
0 0.841064 0.152995 0.010000 0.010000
0 0.100000 0.154297 0.010000 0.010000
0 0.100000 0.162760 0.010000 0.010000
0 0.176758 0.188802 0.010000 0.010000
0 0.470703 0.193034 0.010000 0.010000
0 0.523926 0.194010 0.010000 0.010000
0 0.458984 0.200195 0.010000 0.010000
0 0.651367 0.200846 0.010000 0.010000
0 0.475830 0.210612 0.010000 0.013672
0 0.480469 0.209310 0.010000 0.010000
0 0.484131 0.208984 0.010000 0.010000
0 0.627930 0.207031 0.010000 0.010000
0 0.482666 0.209310 0.010000 0.010000
0 0.630127 0.212240 0.010000 0.010000
0 0.277100 0.217773 0.010000 0.010000
0 0.637451 0.227865 0.010000 0.010000
0 0.225586 0.231771 0.010000 0.010000
0 0.448242 0.258464 0.014648 0.018229
0 0.193359 0.251628 0.010000 0.010000
0 0.489014 0.267904 0.010000 0.010000
0 0.144043 0.271159 0.010000 0.010000
0 0.813477 0.272786 0.010000 0.010000
0 0.487305 0.273112 0.010000 0.010000
0 0.900000 0.273438 0.010000 0.010000
0 0.628174 0.276693 0.010000 0.010000
0 0.378418 0.283203 0.010000 0.010000
0 0.900000 0.301107 0.010000 0.011068
0 0.383301 0.299154 0.010000 0.010000
0 0.900000 0.307617 0.019043 0.017578
0 0.900000 0.311523 0.010000 0.010000
0 0.729004 0.312500 0.010000 0.010000
0 0.745361 0.314128 0.010000 0.010000
0 0.742676 0.317708 0.010000 0.010000
0 0.144775 0.327474 0.010000 0.010000
0 0.111328 0.343424 0.018555 0.033203
0 0.141113 0.328776 0.010000 0.010000
0 0.566162 0.331055 0.010000 0.010000
0 0.310547 0.338867 0.010742 0.011068
0 0.301270 0.344401 0.012695 0.018229
0 0.644531 0.341797 0.010000 0.010000
0 0.101074 0.343099 0.010000 0.010000
0 0.153809 0.342122 0.010000 0.010000
0 0.311768 0.343750 0.010000 0.010000
0 0.153564 0.347982 0.010000 0.011068
0 0.150391 0.349284 0.010000 0.011068
0 0.311768 0.347656 0.010000 0.010000
0 0.646973 0.347982 0.010000 0.010000
0 0.150391 0.349609 0.010000 0.010000
0 0.204590 0.356771 0.010000 0.010000
0 0.443359 0.356120 0.010000 0.010000
0 0.200684 0.358073 0.010000 0.010000
0 0.201172 0.359701 0.010000 0.010000
0 0.220703 0.369141 0.013672 0.019531
0 0.100000 0.363607 0.010000 0.010000
0 0.201416 0.362630 0.010000 0.010000
0 0.900000 0.365560 0.010000 0.010000
0 0.410645 0.366862 0.010000 0.010000
0 0.900000 0.374023 0.010254 0.010000
0 0.100000 0.377279 0.010000 0.010000
0 0.198730 0.381185 0.010000 0.010000
0 0.306396 0.384440 0.010000 0.010000
0 0.123535 0.415039 0.078125 0.048828
0 0.161865 0.393229 0.010000 0.010000
0 0.524414 0.397461 0.010000 0.010000
0 0.162109 0.397786 0.010000 0.010000
0 0.300781 0.405924 0.012695 0.013672
0 0.229492 0.409505 0.010000 0.010000
0 0.757568 0.412109 0.010000 0.010000
0 0.100000 0.414062 0.010000 0.010000
0 0.100000 0.415365 0.010000 0.010000
0 0.537842 0.421875 0.010000 0.010000
0 0.100000 0.424479 0.010000 0.010000
0 0.123047 0.425456 0.010000 0.010000
0 0.123535 0.424479 0.010000 0.010000
0 0.121338 0.428060 0.010000 0.010000
0 0.611816 0.425781 0.010000 0.010000
0 0.900000 0.427734 0.010000 0.010000
0 0.118408 0.429036 0.010000 0.010000
0 0.161621 0.426432 0.010000 0.010000
0 0.613037 0.427734 0.010000 0.010000
0 0.618896 0.437826 0.024902 0.024089
0 0.900000 0.429688 0.010000 0.010000
0 0.531982 0.447917 0.010000 0.010000
0 0.572021 0.449219 0.010000 0.010000
0 0.270996 0.458659 0.021484 0.018880
0 0.262939 0.453776 0.010000 0.010000
0 0.193115 0.462565 0.020020 0.016276
0 0.421875 0.477214 0.013672 0.031250
0 0.445068 0.465169 0.010000 0.010000
0 0.502686 0.464193 0.010000 0.010000
0 0.281006 0.468750 0.010000 0.010000
0 0.257568 0.470052 0.010000 0.010000
0 0.263184 0.477539 0.010000 0.016276
0 0.281738 0.471354 0.010000 0.010000
0 0.273193 0.479818 0.014160 0.013021
0 0.896729 0.480794 0.010000 0.010000
0 0.274170 0.478190 0.010000 0.010000
0 0.100000 0.481120 0.010000 0.010000
0 0.879395 0.483073 0.010000 0.010000
0 0.433838 0.485026 0.010000 0.010000
0 0.384521 0.487305 0.010000 0.010000
0 0.100000 0.509440 0.010000 0.021484
0 0.100000 0.502604 0.010000 0.010000
0 0.100000 0.503906 0.010000 0.010000
0 0.479248 0.515951 0.012207 0.014974
0 0.641113 0.520182 0.010000 0.010000
0 0.634033 0.520833 0.010000 0.010000
0 0.364502 0.532878 0.010000 0.010000
0 0.100000 0.535156 0.010000 0.010000
0 0.100000 0.537760 0.010000 0.010000
0 0.100000 0.537435 0.010000 0.010000
0 0.198242 0.563802 0.010000 0.010000
0 0.190918 0.568359 0.010000 0.010000
0 0.699463 0.576497 0.011230 0.016276
0 0.618164 0.571615 0.010000 0.010000
0 0.100000 0.579102 0.010000 0.010000
0 0.325195 0.593424 0.010000 0.010000
0 0.100000 0.600586 0.010000 0.010000
0 0.100000 0.602865 0.010000 0.010000
0 0.786621 0.610677 0.017578 0.013021
0 0.900000 0.609701 0.010000 0.010000
0 0.900000 0.611654 0.010000 0.010000
0 0.900000 0.614583 0.011719 0.010000
0 0.421631 0.617839 0.010000 0.010000
0 0.900000 0.617513 0.010000 0.010000
0 0.100000 0.617839 0.010000 0.010000
0 0.100000 0.617513 0.010000 0.010000
0 0.900000 0.617513 0.010000 0.010000
0 0.900000 0.619141 0.010000 0.010000
0 0.425537 0.622721 0.010000 0.010000
0 0.733154 0.622396 0.010000 0.010000
0 0.746338 0.629232 0.020996 0.018880
0 0.100000 0.630208 0.019043 0.018229
0 0.462646 0.625000 0.010000 0.010000
0 0.731445 0.624674 0.010000 0.010000
0 0.393311 0.625326 0.010000 0.010000
0 0.591797 0.637370 0.012695 0.014323
0 0.330322 0.638346 0.010000 0.010000
0 0.473877 0.639974 0.010000 0.010417
0 0.730713 0.636068 0.010000 0.010000
0 0.731689 0.642253 0.012207 0.014974
0 0.100000 0.644206 0.010000 0.010000
0 0.736572 0.645508 0.010000 0.010000
0 0.843750 0.652344 0.013672 0.018229
0 0.395752 0.650716 0.010000 0.010000
0 0.868896 0.646810 0.010000 0.010000
0 0.900000 0.647135 0.010000 0.010000
0 0.374756 0.651693 0.010000 0.010000
0 0.545898 0.658203 0.020508 0.022135
0 0.205566 0.655599 0.010000 0.014323
0 0.385010 0.652344 0.010000 0.010000
0 0.306885 0.652669 0.010000 0.010000
0 0.373535 0.652669 0.010000 0.010000
0 0.576416 0.655273 0.010000 0.010000
0 0.580078 0.658203 0.010000 0.010000
0 0.344727 0.658203 0.010000 0.010000
0 0.574951 0.659180 0.010000 0.010000
0 0.694092 0.659505 0.010000 0.010000
0 0.900000 0.660482 0.010000 0.010000
0 0.536377 0.661133 0.010000 0.010000
0 0.694580 0.663086 0.010000 0.010000
0 0.364990 0.662109 0.010000 0.010000
0 0.502930 0.668294 0.010000 0.010000
0 0.388428 0.671224 0.010000 0.010000
0 0.900000 0.671875 0.010000 0.010000
0 0.560791 0.674805 0.010000 0.010000
0 0.387939 0.679688 0.010000 0.010000
0 0.389648 0.679688 0.010000 0.010000
0 0.812988 0.682292 0.010000 0.010000
0 0.900000 0.681315 0.010000 0.010000
0 0.550537 0.683268 0.010000 0.010000
0 0.215332 0.686198 0.010000 0.010000
0 0.852295 0.687500 0.010000 0.010000
0 0.854492 0.688802 0.010000 0.010000
0 0.301514 0.696289 0.010000 0.011068
0 0.268311 0.716146 0.010000 0.010417
0 0.143066 0.718750 0.010000 0.010000
0 0.100000 0.733073 0.013184 0.013021
0 0.100000 0.731445 0.010000 0.010000
0 0.900000 0.732422 0.010000 0.010000
0 0.100000 0.739583 0.010000 0.010000
0 0.861816 0.739583 0.010000 0.010000
0 0.900000 0.739909 0.010000 0.010000
0 0.900000 0.741536 0.010000 0.010000
0 0.191162 0.743490 0.010000 0.010000
0 0.900000 0.745768 0.010000 0.010000
0 0.114502 0.757487 0.010000 0.010000
0 0.501221 0.760417 0.010000 0.010000
0 0.477539 0.771159 0.010000 0.013672
0 0.209717 0.771484 0.010000 0.010000
0 0.484863 0.773763 0.010000 0.010000
0 0.225098 0.773438 0.010000 0.010000
0 0.228516 0.776693 0.011719 0.010000
0 0.837646 0.778646 0.010000 0.010000
0 0.509033 0.784831 0.010000 0.010000
0 0.420654 0.786133 0.010000 0.010000
0 0.383545 0.805013 0.010000 0.010000
0 0.378174 0.806641 0.010000 0.010000
0 0.900000 0.820312 0.012207 0.022135
0 0.829102 0.814779 0.010000 0.010000
0 0.511230 0.824870 0.010000 0.010000
0 0.900000 0.837240 0.010000 0.010417
0 0.900000 0.833984 0.010000 0.010000
0 0.773682 0.842773 0.010000 0.010000
0 0.392822 0.848633 0.010000 0.010000
0 0.900000 0.853841 0.010000 0.010000
0 0.619385 0.862630 0.010000 0.010000
0 0.900000 0.889974 0.020508 0.027344
0 0.496094 0.882161 0.010000 0.010000
0 0.100000 0.883138 0.010000 0.010000
0 0.269531 0.887044 0.010000 0.010000
0 0.100000 0.889323 0.010000 0.010000
0 0.337158 0.900000 0.010000 0.010000
0 0.718506 0.900000 0.010000 0.010000
0 0.733154 0.900000 0.010000 0.010000
0 0.745117 0.900000 0.010000 0.010000
0 0.689453 0.900000 0.010000 0.010000
0 0.737549 0.900000 0.010000 0.010000
0 0.475342 0.900000 0.010000 0.010000
0 0.480469 0.900000 0.010000 0.010000
0 0.723145 0.900000 0.010000 0.010000
0 0.477783 0.900000 0.010000 0.010000
0 0.703125 0.900000 0.010000 0.010000
0 0.706055 0.900000 0.010000 0.010000
0 0.747803 0.900000 0.010000 0.010000
0 0.240234 0.900000 0.010000 0.010000
0 0.714844 0.900000 0.010000 0.010000
0 0.708984 0.900000 0.010000 0.010000
0 0.710938 0.900000 0.010000 0.010000
0 0.721924 0.900000 0.010000 0.010000
0 0.706543 0.900000 0.010000 0.010000
0 0.703125 0.900000 0.010000 0.010000
0 0.742188 0.900000 0.010000 0.010000
0 0.822754 0.900000 0.010000 0.010000
0 0.828613 0.900000 0.010000 0.010000
0 0.900000 0.900000 0.014648 0.031901
0 0.900000 0.900000 0.010000 0.010000
0 0.378906 0.900000 0.010000 0.010000
0 0.717285 0.900000 0.010000 0.010000
0 0.865479 0.900000 0.010000 0.010000
0 0.438232 0.900000 0.010000 0.010000
0 0.440186 0.900000 0.010000 0.010000
0 0.869141 0.900000 0.010000 0.010000
0 0.826172 0.900000 0.010000 0.016276
0 0.256836 0.900000 0.010000 0.010000
0 0.556885 0.900000 0.010000 0.010000
0 0.566650 0.900000 0.010000 0.010000
0 0.900000 0.900000 0.010000 0.010000
0 0.854248 0.900000 0.010000 0.010000
0 0.900000 0.900000 0.017090 0.010000
0 0.692627 0.900000 0.012207 0.010000
0 0.633789 0.900000 0.010000 0.010000
0 0.635742 0.900000 0.010000 0.010000
0 0.687500 0.900000 0.010000 0.010000
0 0.631348 0.900000 0.010000 0.010000
0 0.646973 0.900000 0.010000 0.010000
0 0.651611 0.900000 0.010000 0.010000
0 0.900000 0.900000 0.010000 0.010000
0 0.399170 0.900000 0.010000 0.010000
0 0.900000 0.900000 0.010000 0.010000
0 0.655762 0.900000 0.010000 0.010000
0 0.658203 0.900000 0.010000 0.010000
0 0.661133 0.900000 0.010000 0.010000
0 0.685547 0.900000 0.010000 0.010000
0 0.642090 0.900000 0.010000 0.010000
