0 0.377930 0.166992 0.064453 0.068359
0 0.131836 0.215820 0.044922 0.044922
0 0.829102 0.227539 0.076172 0.068359
0 0.485352 0.233398 0.044922 0.048828
0 0.685547 0.288086 0.042969 0.041016
0 0.811523 0.316406 0.041016 0.039062
0 0.270508 0.377930 0.048828 0.041016
0 0.169922 0.489258 0.039062 0.041016
0 0.682617 0.558594 0.044922 0.046875
0 0.108398 0.561523 0.044922 0.044922
0 0.806641 0.563477 0.039062 0.041016
0 0.531250 0.774414 0.070312 0.068359
0 0.344727 0.805664 0.044922 0.041016
0 0.655273 0.821289 0.037109 0.037109
0 0.846680 0.876953 0.044922 0.046875
0 0.750977 0.900000 0.068359 0.072266
