1 0.500000 0.500000 0.500000 0.500000
0 0.100000 0.100000 0.010000 0.010000
0 0.466064 0.100000 0.010000 0.010000
0 0.757080 0.100000 0.013184 0.010000
0 0.870605 0.100000 0.010000 0.010000
0 0.756836 0.100000 0.012695 0.010000
0 0.900000 0.100000 0.010000 0.010000
0 0.900000 0.100000 0.010000 0.010000
0 0.365234 0.100000 0.010000 0.010000
0 0.362793 0.100000 0.010000 0.010000
0 0.100000 0.100000 0.018555 0.019531
0 0.587402 0.100000 0.010000 0.010000
0 0.100000 0.100000 0.010000 0.010000
0 0.586426 0.100000 0.010000 0.010000
0 0.177979 0.100000 0.013184 0.029297
0 0.100000 0.100000 0.010000 0.010000
0 0.100000 0.100000 0.010000 0.010000
0 0.100000 0.100000 0.010000 0.010000
0 0.900000 0.100000 0.010000 0.010000
0 0.804443 0.100000 0.010000 0.010000
0 0.890625 0.100000 0.010000 0.010000
0 0.803467 0.100000 0.010000 0.010000
0 0.900000 0.100000 0.010000 0.010000
0 0.772217 0.100000 0.010000 0.010000
0 0.833984 0.100000 0.010000 0.010000
0 0.100000 0.100000 0.010000 0.010000
0 0.185791 0.100000 0.010000 0.010000
0 0.194824 0.100000 0.017578 0.022135
0 0.176514 0.100000 0.010000 0.010000
0 0.183594 0.100000 0.010000 0.010000
0 0.827881 0.100000 0.016113 0.011719
0 0.185547 0.100000 0.010000 0.010000
0 0.367188 0.100000 0.010000 0.010000
0 0.365723 0.100000 0.010000 0.010000
0 0.214111 0.102539 0.010254 0.010000
0 0.866211 0.105794 0.010000 0.010000
0 0.100000 0.106771 0.010000 0.010417
0 0.866943 0.104167 0.010000 0.010000
0 0.874023 0.106771 0.010000 0.010000
0 0.876221 0.110026 0.010000 0.010000
0 0.100000 0.110677 0.010000 0.010000
0 0.887939 0.112956 0.010000 0.010000
0 0.796875 0.124349 0.010000 0.010000
0 0.819092 0.132812 0.010000 0.010000
0 0.112793 0.135417 0.010000 0.010000
0 0.602051 0.134115 0.010000 0.010000
0 0.605225 0.137044 0.010000 0.010000
0 0.125000 0.143555 0.010000 0.010000
0 0.885498 0.143555 0.010000 0.010000
0 0.404053 0.162760 0.010000 0.010000
0 0.100000 0.171224 0.010000 0.010000
0 0.751709 0.184570 0.019043 0.021484
0 0.326904 0.181641 0.010000 0.010000
0 0.899658 0.181966 0.010000 0.010000
0 0.509766 0.189453 0.010000 0.010000
0 0.542236 0.212565 0.010000 0.010000
0 0.685547 0.211914 0.010000 0.010000
0 0.688965 0.214193 0.010000 0.010000
0 0.900000 0.212565 0.010000 0.010000
0 0.100000 0.220703 0.021973 0.013021
0 0.165771 0.221354 0.017090 0.014323
0 0.410645 0.216146 0.010000 0.010000
0 0.707520 0.216471 0.010000 0.010000
0 0.100000 0.221354 0.010000 0.010000
0 0.409912 0.219401 0.010000 0.010000
0 0.726807 0.219076 0.010000 0.010000
0 0.600586 0.227865 0.038086 0.015625
0 0.872314 0.230794 0.010000 0.010000
0 0.696289 0.239258 0.010000 0.011068
0 0.700195 0.239258 0.010000 0.010000
0 0.541260 0.255208 0.030762 0.026042
0 0.100000 0.250651 0.010000 0.010000
0 0.663574 0.249674 0.010000 0.010000
0 0.840088 0.251628 0.010000 0.010000
0 0.598145 0.253906 0.010000 0.010000
0 0.100000 0.259115 0.010000 0.010000
0 0.597900 0.262695 0.010000 0.010000
0 0.100000 0.260742 0.010000 0.010000
0 0.557129 0.267904 0.010742 0.016276
0 0.596191 0.260742 0.010000 0.010000
0 0.265137 0.263672 0.010000 0.010000
0 0.538330 0.277995 0.018066 0.023438
0 0.658203 0.269531 0.010000 0.010000
0 0.900000 0.269206 0.010000 0.010000
0 0.529053 0.275391 0.010000 0.010000
0 0.803955 0.275391 0.010000 0.010000
0 0.900000 0.277018 0.010000 0.010000
0 0.809082 0.281250 0.010000 0.010000
0 0.869629 0.291341 0.014648 0.016276
0 0.557373 0.289062 0.020996 0.010417
0 0.265137 0.288086 0.010000 0.010000
0 0.327637 0.286458 0.010000 0.010000
0 0.900000 0.286784 0.010000 0.010000
0 0.900000 0.290039 0.010000 0.010000
0 0.833740 0.293294 0.010000 0.010000
0 0.861084 0.294271 0.010000 0.010000
0 0.862549 0.294596 0.010000 0.010000
0 0.838623 0.293945 0.010000 0.010000
0 0.856689 0.294596 0.010000 0.010000
0 0.859375 0.294596 0.010000 0.010000
0 0.597168 0.305990 0.010000 0.010000
0 0.119629 0.308594 0.010000 0.010000
0 0.364014 0.309570 0.010000 0.010000
0 0.613525 0.314128 0.010000 0.010000
0 0.839600 0.318034 0.010000 0.010000
0 0.209717 0.322917 0.010000 0.010000
0 0.639893 0.321940 0.010000 0.010000
0 0.362305 0.334961 0.030273 0.025391
0 0.110596 0.326823 0.010000 0.010000
0 0.349121 0.329753 0.010000 0.010000
0 0.883301 0.329753 0.010000 0.010000
0 0.886475 0.331055 0.010000 0.010000
0 0.805176 0.335938 0.011719 0.010417
0 0.804932 0.335612 0.010000 0.010000
0 0.726807 0.336263 0.010000 0.010000
0 0.392578 0.335938 0.010000 0.010000
0 0.566406 0.335286 0.010000 0.010000
0 0.100000 0.337240 0.010000 0.010000
0 0.100000 0.362956 0.046875 0.050130
0 0.369385 0.338542 0.010000 0.010000
0 0.586182 0.337891 0.010000 0.010000
0 0.900000 0.339844 0.010000 0.010000
0 0.100000 0.340495 0.010000 0.010000
0 0.331543 0.341146 0.010000 0.010000
0 0.100000 0.343750 0.010000 0.010000
0 0.860596 0.344401 0.010000 0.010000
0 0.855225 0.348307 0.010000 0.010000
0 0.900000 0.352214 0.010000 0.010000
0 0.728271 0.349935 0.010000 0.010000
0 0.813232 0.361328 0.010000 0.010000
0 0.855225 0.359049 0.010000 0.010000
0 0.815430 0.362305 0.010000 0.010000
0 0.900000 0.362956 0.010000 0.010000
0 0.900000 0.367188 0.010000 0.010000
0 0.715088 0.370768 0.010000 0.010000
0 0.784668 0.370443 0.010000 0.010000
0 0.781738 0.373372 0.010000 0.010000
0 0.900000 0.374674 0.010000 0.010000
0 0.900000 0.380534 0.010000 0.010000
0 0.513916 0.389974 0.010000 0.010000
0 0.758545 0.392253 0.010000 0.010000
0 0.418701 0.393555 0.010000 0.010000
0 0.289795 0.413411 0.027832 0.040365
0 0.900000 0.395182 0.010000 0.010000
0 0.657227 0.399089 0.010000 0.010000
0 0.900000 0.402344 0.010000 0.011719
0 0.900000 0.401367 0.010000 0.010000
0 0.694580 0.400391 0.010000 0.010000
0 0.838379 0.403971 0.010000 0.010000
0 0.900000 0.406901 0.010000 0.010000
0 0.900000 0.408203 0.010000 0.010000
0 0.835449 0.405599 0.010000 0.010000
0 0.537598 0.415039 0.010000 0.010000
0 0.829834 0.416667 0.010000 0.010000
0 0.180420 0.415690 0.010000 0.010000
0 0.379150 0.417318 0.010000 0.010000
0 0.875244 0.423828 0.010254 0.015625
0 0.731934 0.419922 0.010000 0.010000
0 0.738525 0.417969 0.010000 0.010000
0 0.900000 0.418945 0.010000 0.010000
0 0.737061 0.423503 0.010000 0.010000
0 0.739258 0.424479 0.010000 0.010000
0 0.853271 0.423177 0.010000 0.010000
0 0.825928 0.427083 0.010000 0.010000
0 0.100000 0.428060 0.010000 0.010000
0 0.740234 0.426107 0.010000 0.010000
0 0.885254 0.427083 0.010000 0.010000
0 0.594482 0.436198 0.010000 0.010417
0 0.877441 0.431966 0.010000 0.010000
0 0.596924 0.435547 0.010000 0.010000
0 0.900000 0.440104 0.010000 0.010000
0 0.227783 0.444336 0.010000 0.010000
0 0.229248 0.445964 0.010000 0.010000
0 0.506104 0.451823 0.014160 0.018229
0 0.238281 0.448568 0.010000 0.010000
0 0.100000 0.453125 0.010000 0.010000
0 0.900000 0.453125 0.010000 0.010000
0 0.180664 0.458659 0.010000 0.010000
0 0.900000 0.466797 0.010000 0.010000
0 0.432373 0.480469 0.010000 0.010000
0 0.434082 0.483398 0.010000 0.010000
0 0.239258 0.484375 0.010000 0.010000
0 0.100000 0.487630 0.010000 0.010000
0 0.843750 0.487305 0.010000 0.010000
0 0.648438 0.489583 0.010000 0.010000
0 0.100000 0.491862 0.010000 0.010000
0 0.100000 0.510417 0.010000 0.010000
0 0.107666 0.513672 0.010000 0.010000
0 0.201660 0.524414 0.010000 0.010000
0 0.733887 0.533529 0.010000 0.010000
0 0.219971 0.539714 0.010254 0.013021
0 0.106445 0.538086 0.010000 0.010000
0 0.208252 0.555664 0.043457 0.041016
0 0.832764 0.537760 0.010000 0.010000
0 0.237793 0.539714 0.010000 0.010000
0 0.184570 0.543620 0.010000 0.010000
0 0.231201 0.542643 0.010000 0.010000
0 0.571289 0.544596 0.010000 0.010000
0 0.567871 0.543945 0.010000 0.010000
0 0.223877 0.544271 0.010000 0.010000
0 0.247559 0.550456 0.010000 0.010000
0 0.258545 0.552734 0.010000 0.010000
0 0.489990 0.565430 0.010000 0.010000
0 0.900000 0.565104 0.010000 0.010000
0 0.855713 0.567057 0.010000 0.010000
0 0.203613 0.567708 0.010000 0.010000
0 0.201904 0.569010 0.010000 0.010000
0 0.393066 0.574219 0.010000 0.010000
0 0.547607 0.577799 0.010000 0.010000
0 0.759277 0.586914 0.010000 0.010000
0 0.900000 0.592122 0.010000 0.010000
0 0.900000 0.598958 0.010000 0.010000
0 0.900000 0.600586 0.010000 0.010000
0 0.675781 0.606120 0.010742 0.014323
0 0.245605 0.608073 0.010000 0.010000
0 0.900000 0.630534 0.010000 0.010000
0 0.100000 0.635091 0.010000 0.010000
0 0.100000 0.641276 0.010000 0.010000
0 0.900000 0.641602 0.010000 0.010000
0 0.100000 0.651042 0.010000 0.010000
0 0.100000 0.652018 0.010000 0.010000
0 0.188477 0.653971 0.010000 0.010000
0 0.100000 0.656576 0.010000 0.010000
0 0.576904 0.658203 0.010000 0.010000
0 0.100000 0.659180 0.010000 0.010000
0 0.629883 0.668294 0.010000 0.011068
0 0.540039 0.664714 0.010000 0.010000
0 0.598145 0.677409 0.010000 0.010000
0 0.900000 0.676432 0.010000 0.010000
0 0.601807 0.682943 0.010000 0.014323
0 0.297607 0.683594 0.010000 0.010000
0 0.100000 0.685872 0.010000 0.010000
0 0.900000 0.686523 0.010000 0.010000
0 0.594727 0.688477 0.010000 0.010000
0 0.595215 0.689453 0.010000 0.010000
0 0.399658 0.690755 0.010000 0.010000
0 0.769775 0.698893 0.019043 0.021484
0 0.596436 0.691732 0.010000 0.010000
0 0.597900 0.693685 0.010000 0.010000
0 0.244873 0.695638 0.010000 0.010000
0 0.654297 0.700846 0.014648 0.013672
0 0.100000 0.697266 0.010000 0.010000
0 0.617188 0.714193 0.010000 0.010000
0 0.900000 0.723307 0.014648 0.015625
0 0.900000 0.719401 0.010000 0.010000
0 0.485840 0.726562 0.010000 0.010000
0 0.506592 0.728516 0.010000 0.010000
0 0.176514 0.733398 0.010000 0.010000
0 0.172607 0.740885 0.011230 0.014323
0 0.422363 0.738281 0.010000 0.010000
0 0.184570 0.739909 0.010000 0.010000
0 0.797607 0.754883 0.010000 0.010000
0 0.798584 0.757161 0.010000 0.010000
0 0.412598 0.761719 0.010000 0.010000
0 0.798340 0.761393 0.010000 0.010000
0 0.809326 0.777344 0.028809 0.032552
0 0.259766 0.770833 0.010000 0.010000
0 0.520996 0.772786 0.010000 0.010000
0 0.385010 0.774089 0.010000 0.010000
0 0.578125 0.773763 0.010000 0.010000
0 0.900000 0.774089 0.010000 0.010000
0 0.577148 0.776042 0.010000 0.010000
0 0.448975 0.779297 0.010000 0.010000
0 0.586182 0.782227 0.010000 0.010000
0 0.224854 0.784505 0.010000 0.010000
0 0.598145 0.782227 0.010000 0.010000
0 0.591309 0.783529 0.010000 0.010000
0 0.803955 0.784180 0.010000 0.010000
0 0.132324 0.787109 0.010000 0.010000
0 0.644775 0.801758 0.010000 0.010000
0 0.645020 0.808919 0.010000 0.010000
0 0.646729 0.810221 0.010000 0.010000
0 0.132080 0.811849 0.010000 0.010000
0 0.681641 0.816406 0.010000 0.010000
0 0.778076 0.822917 0.010000 0.010000
0 0.291992 0.829102 0.010000 0.010000
0 0.100000 0.831706 0.010000 0.010000
0 0.422363 0.832031 0.010000 0.010000
0 0.777344 0.829102 0.010000 0.010000
0 0.100000 0.832682 0.010000 0.010000
0 0.658203 0.831380 0.010000 0.010000
0 0.236328 0.838542 0.010000 0.010000
0 0.100000 0.840169 0.010000 0.010000
0 0.100000 0.842773 0.010000 0.010000
0 0.420166 0.848958 0.010000 0.010000
0 0.291016 0.849284 0.010000 0.010000
0 0.619385 0.850586 0.010000 0.010000
0 0.900000 0.871419 0.037598 0.041016
0 0.295410 0.856120 0.010000 0.010000
0 0.100000 0.862956 0.012695 0.013672
0 0.210693 0.862956 0.010000 0.010000
0 0.900000 0.867188 0.010254 0.010417
0 0.469971 0.867188 0.010000 0.010000
0 0.900000 0.868490 0.010000 0.010000
0 0.100000 0.869141 0.010000 0.010000
0 0.100000 0.877930 0.014648 0.018880
0 0.900000 0.871419 0.010000 0.010000
0 0.122070 0.873372 0.010000 0.010000
0 0.240234 0.872070 0.010000 0.010000
0 0.900000 0.874023 0.010000 0.010000
0 0.240967 0.875326 0.010000 0.010000
0 0.227051 0.874674 0.010000 0.010000
0 0.262207 0.876953 0.010000 0.010000
0 0.518799 0.881185 0.010000 0.010000
0 0.100000 0.883789 0.010000 0.010000
0 0.900000 0.885417 0.010000 0.010000
0 0.682129 0.887370 0.010000 0.010000
0 0.900000 0.888997 0.010000 0.010000
0 0.772217 0.899089 0.010000 0.010000
0 0.134766 0.899740 0.010000 0.010000
0 0.509521 0.900000 0.010000 0.010000
0 0.592041 0.900000 0.010000 0.010000
0 0.638916 0.900000 0.010000 0.010000
0 0.766846 0.900000 0.010000 0.010000
0 0.615479 0.900000 0.010000 0.010000
0 0.835938 0.900000 0.010000 0.010000
0 0.226562 0.900000 0.010000 0.010000
0 0.229736 0.900000 0.013184 0.015625
0 0.672119 0.900000 0.010000 0.010000
0 0.894043 0.900000 0.010000 0.010000
0 0.900000 0.900000 0.010000 0.014323
0 0.554932 0.900000 0.012207 0.037109
0 0.185059 0.900000 0.010000 0.010000
0 0.547852 0.900000 0.010000 0.010000
0 0.564209 0.900000 0.010000 0.010000
0 0.570312 0.900000 0.010000 0.010000
0 0.547363 0.900000 0.010000 0.010000
0 0.573242 0.900000 0.010000 0.010000
0 0.546387 0.900000 0.010000 0.010000
0 0.560547 0.900000 0.010000 0.010000
0 0.744873 0.900000 0.010000 0.010000
0 0.644775 0.900000 0.010000 0.010000
0 0.561035 0.900000 0.010000 0.010000
0 0.570312 0.900000 0.010000 0.010000
0 0.567627 0.900000 0.010000 0.010000
0 0.565430 0.900000 0.010000 0.010417
0 0.565430 0.900000 0.010000 0.010000
0 0.725098 0.900000 0.010000 0.010000
0 0.830811 0.900000 0.010000 0.010000
0 0.526367 0.900000 0.010000 0.010000
0 0.620361 0.900000 0.010000 0.010000
0 0.356201 0.900000 0.010000 0.010000
0 0.749756 0.900000 0.010000 0.010000
0 0.473877 0.900000 0.010000 0.010000
0 0.596436 0.900000 0.010000 0.010000
0 0.223877 0.900000 0.010000 0.010000
0 0.295410 0.900000 0.010000 0.010000
0 0.309814 0.900000 0.010000 0.010000
0 0.312988 0.900000 0.010000 0.010000
0 0.318848 0.900000 0.010000 0.010000
0 0.322754 0.900000 0.010000 0.010000
0 0.380615 0.900000 0.010000 0.010000
0 0.597412 0.900000 0.010000 0.010000
0 0.647949 0.900000 0.010000 0.010000
0 0.653809 0.900000 0.010000 0.010000
