1 0.500000 0.500000 0.500000 0.500000
0 0.900000 0.100000 0.010000 0.010000
0 0.567627 0.100000 0.010000 0.010000
0 0.142334 0.100000 0.010000 0.010000
0 0.138428 0.100000 0.010000 0.010000
0 0.163330 0.100000 0.010000 0.010000
0 0.219971 0.100000 0.010000 0.010000
0 0.100000 0.100000 0.010000 0.010000
0 0.142578 0.100000 0.010000 0.010000
0 0.354736 0.100000 0.010000 0.010000
0 0.384277 0.100000 0.010000 0.010000
0 0.157227 0.100000 0.010000 0.010000
0 0.507324 0.100000 0.010000 0.010000
0 0.100000 0.100000 0.010000 0.010000
0 0.689697 0.100000 0.010000 0.010000
0 0.151855 0.100000 0.010000 0.010000
0 0.744385 0.100000 0.010000 0.010000
0 0.900000 0.100000 0.010000 0.010000
0 0.100000 0.100000 0.010000 0.010000
0 0.100000 0.100000 0.010000 0.010000
0 0.100000 0.100000 0.010000 0.010000
0 0.100000 0.100000 0.010000 0.010000
0 0.755615 0.100000 0.010000 0.010000
0 0.748779 0.100000 0.010000 0.010000
0 0.177246 0.100000 0.010000 0.010000
0 0.100000 0.100000 0.010000 0.010000
0 0.900000 0.100000 0.010000 0.010000
0 0.900000 0.113281 0.010000 0.010000
0 0.336182 0.117839 0.010000 0.010000
0 0.833496 0.123047 0.010000 0.010000
0 0.323730 0.123372 0.010000 0.010000
0 0.100000 0.126302 0.010000 0.010000
0 0.298340 0.129232 0.010000 0.010000
0 0.377441 0.129232 0.010000 0.010000
0 0.283691 0.134440 0.010000 0.010000
0 0.219971 0.133789 0.010000 0.010000
0 0.281982 0.142578 0.010000 0.010000
0 0.100000 0.147461 0.010000 0.010000
0 0.100000 0.146484 0.010000 0.010000
0 0.357422 0.157878 0.016602 0.014974
0 0.100000 0.154297 0.010000 0.010000
0 0.100000 0.160482 0.010000 0.010000
0 0.100000 0.167969 0.010000 0.010000
0 0.101318 0.167643 0.010000 0.010000
0 0.330566 0.169596 0.010000 0.010000
0 0.357910 0.174154 0.010000 0.010000
0 0.100000 0.176432 0.010000 0.010000
0 0.100000 0.197266 0.010000 0.010000
0 0.100000 0.200195 0.010000 0.010000
0 0.510986 0.207682 0.010000 0.010000
0 0.458740 0.217122 0.010000 0.010000
0 0.386230 0.226562 0.010000 0.010000
0 0.665771 0.241862 0.010000 0.010000
0 0.729980 0.250651 0.010000 0.010000
0 0.716064 0.252279 0.010000 0.010000
0 0.727051 0.250977 0.010000 0.010000
0 0.900000 0.252604 0.010000 0.010000
0 0.370605 0.254232 0.010000 0.010000
0 0.719238 0.257161 0.010000 0.010000
0 0.100000 0.256510 0.010000 0.010000
0 0.726807 0.258464 0.010000 0.010000
0 0.100000 0.265951 0.010000 0.010000
0 0.451172 0.267253 0.010000 0.010000
0 0.645020 0.277669 0.010000 0.010000
0 0.434082 0.282227 0.010000 0.010000
0 0.446533 0.301758 0.029785 0.042318
0 0.100000 0.283854 0.010000 0.010000
0 0.293945 0.286458 0.010000 0.010000
0 0.900000 0.287435 0.010000 0.010000
0 0.128662 0.287760 0.010000 0.010000
0 0.453369 0.291341 0.010000 0.010000
0 0.100000 0.295573 0.010000 0.011719
0 0.762695 0.297201 0.010000 0.010000
0 0.854248 0.300456 0.010000 0.010000
0 0.756836 0.308919 0.010000 0.013672
0 0.378174 0.305664 0.010000 0.010000
0 0.759766 0.311198 0.010000 0.010000
0 0.178467 0.326497 0.010000 0.010000
0 0.884766 0.331055 0.010000 0.010000
0 0.269043 0.332031 0.010000 0.010000
0 0.321533 0.342773 0.010000 0.010000
0 0.900000 0.348307 0.010000 0.010000
0 0.372803 0.352865 0.010000 0.010000
0 0.363770 0.369792 0.023438 0.037760
0 0.373535 0.364583 0.010000 0.010000
0 0.460938 0.377604 0.033203 0.031250
0 0.376709 0.366536 0.010000 0.010000
0 0.804443 0.383138 0.010000 0.010000
0 0.800049 0.388346 0.010000 0.010000
0 0.804443 0.389323 0.010000 0.010000
0 0.100000 0.391276 0.010000 0.010000
0 0.794922 0.395508 0.010000 0.010000
0 0.364990 0.399740 0.010000 0.010000
0 0.383545 0.397786 0.010000 0.010000
0 0.617188 0.405273 0.010000 0.010000
0 0.846680 0.407227 0.010000 0.010000
0 0.618164 0.408854 0.010000 0.010000
0 0.625732 0.408854 0.010000 0.010000
0 0.558105 0.423828 0.010000 0.010000
0 0.900000 0.437500 0.010000 0.027344
0 0.857422 0.426432 0.010000 0.010000
0 0.402100 0.431315 0.010000 0.010000
0 0.420654 0.437500 0.010000 0.010000
0 0.445068 0.443359 0.010000 0.010000
0 0.100000 0.451823 0.010000 0.010000
0 0.518311 0.451823 0.010000 0.010000
0 0.900000 0.452474 0.010000 0.010000
0 0.900000 0.458333 0.010000 0.010000
0 0.511963 0.466146 0.010000 0.010000
0 0.504395 0.469727 0.010000 0.010000
0 0.444824 0.472656 0.010000 0.010000
0 0.791992 0.472982 0.010000 0.010000
0 0.900000 0.472656 0.010000 0.010000
0 0.123779 0.481771 0.010000 0.010000
0 0.596436 0.481120 0.010000 0.010000
0 0.837402 0.484049 0.010000 0.010000
0 0.127441 0.488932 0.010000 0.010000
0 0.127686 0.489909 0.010000 0.010000
0 0.113281 0.497721 0.010000 0.010000
0 0.900000 0.502930 0.010000 0.010000
0 0.900000 0.506836 0.010000 0.010000
0 0.900000 0.529948 0.028320 0.039062
0 0.100000 0.529622 0.024902 0.031901
0 0.100000 0.527995 0.010000 0.010000
0 0.164551 0.538411 0.010000 0.010000
0 0.100000 0.541667 0.010000 0.010000
0 0.900000 0.544596 0.010000 0.010000
0 0.239258 0.544596 0.010000 0.010000
0 0.666992 0.546224 0.010000 0.010000
0 0.100000 0.546875 0.010000 0.010000
0 0.900000 0.549154 0.010000 0.010000
0 0.586182 0.549805 0.010000 0.010000
0 0.397461 0.550130 0.010000 0.010000
0 0.900000 0.553385 0.010000 0.010000
0 0.183105 0.555664 0.010000 0.010000
0 0.900000 0.556315 0.010000 0.010000
0 0.900000 0.556641 0.010000 0.010000
0 0.181396 0.568034 0.010000 0.013672
0 0.161865 0.565104 0.010000 0.010000
0 0.124023 0.570312 0.010000 0.010000
0 0.184570 0.572266 0.010000 0.010000
0 0.273438 0.571289 0.010000 0.010000
0 0.237549 0.584635 0.010000 0.010000
0 0.238037 0.586263 0.010000 0.010000
0 0.228271 0.587565 0.010000 0.010000
0 0.900000 0.592122 0.010000 0.010000
0 0.100000 0.591471 0.010000 0.010000
0 0.602783 0.590495 0.010000 0.010000
0 0.641113 0.594076 0.010000 0.010000
0 0.794434 0.595703 0.010000 0.010000
0 0.243896 0.617188 0.010000 0.010000
0 0.874268 0.619141 0.010000 0.010000
0 0.583740 0.620443 0.010000 0.010000
0 0.584961 0.622070 0.010000 0.010000
0 0.586182 0.621745 0.010000 0.010000
0 0.587891 0.621745 0.010000 0.010000
0 0.593506 0.622396 0.010000 0.010000
0 0.595947 0.623047 0.010000 0.010000
0 0.100000 0.626302 0.010000 0.010000
0 0.597412 0.629883 0.010000 0.010000
0 0.100000 0.639648 0.010000 0.014974
0 0.590820 0.669596 0.010000 0.010000
0 0.100000 0.681966 0.010000 0.010000
0 0.900000 0.686198 0.010000 0.010000
0 0.428467 0.693685 0.010000 0.010000
0 0.100000 0.731120 0.010000 0.010000
0 0.102051 0.733073 0.010000 0.010000
0 0.100000 0.740885 0.010000 0.010000
0 0.844727 0.741862 0.010000 0.010000
0 0.100000 0.750326 0.010000 0.010000
0 0.489502 0.753581 0.010000 0.010000
0 0.100000 0.752604 0.010000 0.010000
0 0.100000 0.761393 0.010000 0.010000
0 0.100000 0.809570 0.010000 0.010000
0 0.100000 0.815755 0.010000 0.010000
0 0.549805 0.819987 0.010000 0.010000
0 0.170410 0.820964 0.010000 0.010000
0 0.304199 0.841146 0.010000 0.010000
0 0.474365 0.846029 0.010000 0.010000
0 0.401611 0.900000 0.010000 0.010000
0 0.599365 0.900000 0.010000 0.010000
0 0.174072 0.900000 0.010000 0.010000
0 0.273682 0.900000 0.010000 0.010000
0 0.900000 0.900000 0.010000 0.010000
0 0.258789 0.900000 0.010000 0.010000
0 0.802002 0.900000 0.010000 0.010000
0 0.900000 0.900000 0.010000 0.010000
0 0.229492 0.900000 0.010000 0.010000
0 0.569580 0.900000 0.010000 0.010000
0 0.527588 0.900000 0.010000 0.010000
