1 0.500000 0.500000 0.500000 0.500000
0 0.455078 0.100000 0.010000 0.010417
0 0.533936 0.100000 0.050293 0.010000
0 0.563232 0.100000 0.010000 0.010000
0 0.586426 0.100000 0.010000 0.010000
0 0.588623 0.100000 0.010000 0.010000
0 0.590820 0.100000 0.010000 0.010000
0 0.594971 0.100000 0.010000 0.010000
0 0.632568 0.100000 0.010000 0.010000
0 0.639160 0.100000 0.010000 0.010000
0 0.645752 0.100000 0.010000 0.010000
0 0.683838 0.100000 0.010000 0.010000
0 0.686279 0.100000 0.010000 0.010000
0 0.696045 0.100000 0.018066 0.010000
0 0.900000 0.100000 0.010000 0.010000
0 0.245361 0.100000 0.010000 0.010000
0 0.730469 0.100000 0.010000 0.010000
0 0.878906 0.100000 0.010000 0.010000
0 0.562988 0.100000 0.010000 0.010000
0 0.449951 0.100000 0.010000 0.010000
0 0.435547 0.100000 0.010000 0.010000
0 0.872803 0.100000 0.010000 0.010000
0 0.811523 0.100000 0.010000 0.010000
0 0.900000 0.100000 0.010000 0.010000
0 0.160400 0.100000 0.010000 0.010000
0 0.100000 0.100000 0.010000 0.010000
0 0.663574 0.100000 0.010000 0.010000
0 0.868896 0.100000 0.010000 0.010000
0 0.851562 0.100000 0.010000 0.010000
0 0.839844 0.100000 0.010000 0.010000
0 0.900000 0.100000 0.010000 0.010000
0 0.711426 0.100000 0.010000 0.010000
0 0.182129 0.103841 0.010000 0.010000
0 0.100000 0.111328 0.010000 0.010000
0 0.203369 0.120117 0.010000 0.010000
0 0.100000 0.126953 0.010000 0.010000
0 0.100000 0.136393 0.010000 0.010000
0 0.696289 0.143555 0.010000 0.010000
0 0.157471 0.143880 0.010000 0.010000
0 0.873047 0.146810 0.010000 0.010000
0 0.900000 0.151367 0.010000 0.010000
0 0.522461 0.156250 0.010000 0.010000
0 0.633545 0.157227 0.012207 0.010000
0 0.100000 0.163737 0.010000 0.013672
0 0.343750 0.163737 0.010000 0.010000
0 0.708496 0.176107 0.010000 0.010000
0 0.167969 0.180990 0.010000 0.010000
0 0.207764 0.183594 0.010000 0.010000
0 0.100000 0.187500 0.010000 0.010000
0 0.640625 0.189453 0.010000 0.010000
0 0.804932 0.207357 0.030762 0.014974
0 0.457275 0.201497 0.010000 0.010000
0 0.467773 0.203776 0.010000 0.010000
0 0.779297 0.212240 0.010000 0.010000
0 0.100000 0.222331 0.010000 0.010000
0 0.160156 0.223958 0.010000 0.010000
0 0.900000 0.230469 0.010000 0.010000
0 0.365967 0.234049 0.010000 0.010000
0 0.900000 0.234049 0.010000 0.010000
0 0.196045 0.242513 0.010000 0.010000
0 0.281738 0.241211 0.010000 0.010000
0 0.863525 0.241536 0.010000 0.010000
0 0.171387 0.265299 0.010000 0.010000
0 0.670166 0.278320 0.010000 0.010000
0 0.561035 0.279948 0.010000 0.010000
0 0.865479 0.297201 0.010000 0.010000
0 0.867188 0.299154 0.010000 0.010000
0 0.100000 0.299805 0.010000 0.010000
0 0.900000 0.300130 0.010000 0.010000
0 0.285156 0.314779 0.010000 0.010000
0 0.262207 0.318359 0.010000 0.010000
0 0.598145 0.315755 0.010000 0.010000
0 0.208496 0.319987 0.010000 0.010000
0 0.243408 0.323568 0.010000 0.010000
0 0.279541 0.327474 0.010000 0.010000
0 0.152100 0.341146 0.010000 0.010000
0 0.513184 0.351237 0.028320 0.020182
0 0.516846 0.346354 0.010000 0.010000
0 0.539062 0.350586 0.010000 0.010000
0 0.537354 0.350586 0.010000 0.010000
0 0.126709 0.350260 0.010000 0.010000
0 0.519775 0.353516 0.010000 0.010000
0 0.500000 0.356771 0.010000 0.010000
0 0.900000 0.361654 0.010000 0.010000
0 0.493652 0.365234 0.010000 0.010000
0 0.353516 0.367839 0.010000 0.010000
0 0.689697 0.366536 0.010000 0.010000
0 0.349121 0.367513 0.010000 0.010000
0 0.491699 0.370117 0.010000 0.010000
0 0.350586 0.379232 0.010000 0.010000
0 0.354736 0.381510 0.010000 0.010000
0 0.356201 0.382812 0.010000 0.010000
0 0.161133 0.383138 0.010000 0.010000
0 0.731201 0.385417 0.010000 0.010000
0 0.100000 0.393880 0.010000 0.010000
0 0.254395 0.395182 0.010000 0.010000
0 0.530762 0.407552 0.010000 0.010000
0 0.894287 0.412109 0.010000 0.010000
0 0.301270 0.421549 0.016602 0.013672
0 0.307861 0.415690 0.010000 0.010000
0 0.292969 0.424479 0.010000 0.010000
0 0.477051 0.428711 0.010000 0.010000
0 0.157227 0.445964 0.010000 0.010000
0 0.153320 0.452799 0.010000 0.010000
0 0.150391 0.452474 0.010000 0.010000
0 0.152344 0.453125 0.010000 0.010000
0 0.151367 0.456706 0.010000 0.010000
0 0.153564 0.459635 0.010000 0.010000
0 0.900000 0.475260 0.010000 0.010000
0 0.115234 0.484375 0.010000 0.010000
0 0.900000 0.493815 0.010000 0.010000
0 0.369629 0.499349 0.010000 0.010000
0 0.102539 0.506185 0.010000 0.010000
0 0.442627 0.508789 0.012207 0.010000
0 0.900000 0.506836 0.010000 0.010000
0 0.244141 0.511393 0.010000 0.010000
0 0.100000 0.513346 0.010000 0.010000
0 0.900000 0.526042 0.010000 0.010417
0 0.900000 0.527995 0.010000 0.010417
0 0.646729 0.536133 0.010000 0.010000
0 0.565430 0.541341 0.010000 0.010000
0 0.562744 0.542318 0.010000 0.010000
0 0.829102 0.548503 0.010000 0.010000
0 0.525879 0.554036 0.010000 0.010000
0 0.529053 0.555664 0.010000 0.011068
0 0.522461 0.554688 0.010000 0.010000
0 0.529541 0.551758 0.010000 0.010000
0 0.815674 0.561849 0.015137 0.014323
0 0.513672 0.562174 0.010000 0.010000
0 0.894531 0.568359 0.010000 0.010000
0 0.797607 0.575846 0.010000 0.010000
0 0.527100 0.576497 0.010000 0.010000
0 0.481934 0.583659 0.010000 0.010000
0 0.233154 0.584310 0.010000 0.010000
0 0.235840 0.584961 0.010000 0.010000
0 0.703369 0.584635 0.010000 0.010000
0 0.238037 0.586263 0.010000 0.010000
0 0.235596 0.586914 0.010000 0.010000
0 0.475098 0.588216 0.010000 0.010000
0 0.110596 0.597656 0.010000 0.010000
0 0.219482 0.612305 0.019043 0.012370
0 0.281494 0.612305 0.010000 0.010000
0 0.431152 0.632812 0.010000 0.010000
0 0.471680 0.638997 0.010000 0.010000
0 0.471191 0.641602 0.010000 0.010000
0 0.523438 0.640625 0.010000 0.010000
0 0.681641 0.641927 0.010000 0.010000
0 0.716797 0.641602 0.010000 0.010000
0 0.295898 0.643229 0.010000 0.010000
0 0.570312 0.643229 0.010000 0.010000
0 0.900000 0.646159 0.010000 0.010000
0 0.460693 0.646810 0.010000 0.010000
0 0.900000 0.647786 0.010000 0.010000
0 0.100000 0.652344 0.010000 0.010000
0 0.477051 0.653646 0.010000 0.010000
0 0.158936 0.673503 0.010000 0.010000
0 0.900000 0.674805 0.010000 0.010000
0 0.142822 0.680013 0.010000 0.010000
0 0.159912 0.683919 0.010000 0.010000
0 0.515625 0.691081 0.010000 0.010000
0 0.309082 0.708659 0.010000 0.010000
0 0.607422 0.723958 0.010000 0.010000
0 0.742676 0.724284 0.010000 0.010000
0 0.789795 0.726237 0.010000 0.010000
0 0.519775 0.732747 0.010000 0.010000
0 0.782715 0.737956 0.012695 0.011068
0 0.453369 0.734701 0.010000 0.010000
0 0.462646 0.737956 0.014160 0.010000
0 0.900000 0.735352 0.010000 0.010000
0 0.448975 0.735677 0.010000 0.010000
0 0.180176 0.737956 0.010000 0.010000
0 0.455078 0.739583 0.010000 0.010000
0 0.780273 0.740560 0.010000 0.010000
0 0.195312 0.751953 0.010000 0.010000
0 0.363525 0.755859 0.010000 0.010000
0 0.900000 0.754232 0.010000 0.010000
0 0.587402 0.755534 0.010000 0.010000
0 0.755127 0.759440 0.015137 0.011068
0 0.691895 0.757161 0.010000 0.010000
0 0.541504 0.757812 0.010000 0.010000
0 0.688232 0.760417 0.010000 0.010000
0 0.365967 0.765625 0.012207 0.010417
0 0.366699 0.764974 0.010000 0.010000
0 0.531006 0.766927 0.010000 0.010000
0 0.755859 0.765299 0.010000 0.010000
0 0.765625 0.766276 0.010000 0.010000
0 0.759277 0.770833 0.010000 0.010000
0 0.884766 0.774740 0.010000 0.010000
0 0.343262 0.778646 0.010742 0.010417
0 0.882324 0.778646 0.010000 0.010000
0 0.341064 0.780599 0.010000 0.010000
0 0.357422 0.780924 0.010000 0.010000
0 0.183350 0.779948 0.010000 0.010000
0 0.338379 0.781576 0.010000 0.010000
0 0.608643 0.781901 0.010000 0.010000
0 0.282715 0.784505 0.010000 0.010000
0 0.100342 0.786784 0.010000 0.010000
0 0.563477 0.786784 0.010000 0.010000
0 0.808838 0.789062 0.010000 0.010000
0 0.329346 0.789388 0.010000 0.010000
0 0.805664 0.790039 0.010000 0.010000
0 0.269531 0.791667 0.010000 0.010000
0 0.801758 0.792969 0.010000 0.010000
0 0.803711 0.792318 0.010000 0.010000
0 0.561279 0.799154 0.010000 0.010000
0 0.561523 0.797852 0.010000 0.010000
0 0.550049 0.802734 0.010000 0.010000
0 0.731201 0.807292 0.010000 0.010000
0 0.356689 0.826823 0.010000 0.010000
0 0.341064 0.836914 0.016113 0.014974
0 0.351562 0.832031 0.010000 0.010000
0 0.348145 0.835612 0.010000 0.010000
0 0.836670 0.836589 0.010000 0.010000
0 0.809326 0.854492 0.010000 0.010000
0 0.271484 0.865234 0.010000 0.010000
0 0.274902 0.868490 0.010000 0.010000
0 0.210693 0.875000 0.019043 0.014323
0 0.233154 0.871745 0.010000 0.010000
0 0.217041 0.883464 0.014160 0.016927
0 0.275879 0.883464 0.010000 0.010000
0 0.227539 0.882487 0.010000 0.010000
0 0.273682 0.882487 0.010000 0.010000
0 0.230469 0.885742 0.010000 0.010000
0 0.209717 0.886719 0.010000 0.010000
0 0.211670 0.887044 0.010000 0.010000
0 0.210693 0.895508 0.010254 0.010000
0 0.213867 0.897135 0.010000 0.010000
0 0.580322 0.900000 0.010000 0.012370
0 0.900000 0.900000 0.010000 0.010000
0 0.352295 0.900000 0.010000 0.010000
0 0.100000 0.900000 0.010000 0.010000
0 0.814209 0.900000 0.010000 0.010000
0 0.900000 0.900000 0.010000 0.010000
0 0.301758 0.900000 0.010000 0.010000
0 0.885010 0.900000 0.010000 0.010000
0 0.668701 0.900000 0.010000 0.010000
0 0.861572 0.900000 0.010000 0.010000
0 0.185303 0.900000 0.010000 0.010000
0 0.177734 0.900000 0.010000 0.010000
0 0.100000 0.900000 0.010000 0.010000
0 0.100000 0.900000 0.014160 0.017578
0 0.491943 0.900000 0.010000 0.010000
0 0.596191 0.900000 0.010000 0.010000
0 0.100000 0.900000 0.010000 0.010000
0 0.357422 0.900000 0.010000 0.010000
0 0.100000 0.900000 0.010000 0.010000
0 0.260010 0.900000 0.010000 0.010000
0 0.328613 0.900000 0.010000 0.010000
0 0.100000 0.900000 0.010000 0.010000
0 0.100000 0.900000 0.010000 0.010000
0 0.900000 0.900000 0.010000 0.010000
0 0.900000 0.900000 0.010000 0.010000
0 0.543213 0.900000 0.010000 0.010000
0 0.464355 0.900000 0.010000 0.010000
0 0.643555 0.900000 0.010000 0.010000
