1 0.500000 0.500000 0.500000 0.500000
0 0.279541 0.100000 0.010000 0.010000
0 0.100000 0.100000 0.010000 0.010000
0 0.841309 0.100000 0.010000 0.010000
0 0.634766 0.100000 0.010000 0.010000
0 0.862305 0.100000 0.010000 0.010000
0 0.348633 0.100000 0.010000 0.010000
0 0.595947 0.100000 0.010000 0.010000
0 0.802002 0.100000 0.010000 0.010000
0 0.678711 0.100000 0.010000 0.010000
0 0.703857 0.100000 0.010000 0.010000
0 0.322266 0.100000 0.010000 0.010000
0 0.900000 0.100000 0.010000 0.010000
0 0.236328 0.100000 0.010000 0.010000
0 0.323975 0.100000 0.010000 0.010000
0 0.710449 0.100000 0.010000 0.010000
0 0.397217 0.100000 0.010000 0.010000
0 0.277100 0.100000 0.010000 0.010000
0 0.417480 0.100000 0.010000 0.010000
0 0.546387 0.100000 0.010000 0.010000
0 0.184570 0.100000 0.010000 0.010000
0 0.527344 0.100000 0.010000 0.010000
0 0.605469 0.100000 0.010000 0.010000
0 0.100000 0.102539 0.010000 0.010000
0 0.900000 0.107422 0.010000 0.010000
0 0.462646 0.118164 0.010000 0.010000
0 0.900000 0.126302 0.010000 0.010000
0 0.350586 0.129557 0.010000 0.010000
0 0.492676 0.127930 0.010000 0.010000
0 0.100000 0.130208 0.010000 0.010000
0 0.900000 0.129883 0.010000 0.010000
0 0.100000 0.136393 0.010000 0.010000
0 0.739990 0.136719 0.010000 0.010000
0 0.765625 0.139323 0.010000 0.010000
0 0.535645 0.143555 0.010000 0.010000
0 0.784424 0.143229 0.010000 0.010000
0 0.274170 0.145508 0.010000 0.010000
0 0.378906 0.150391 0.010000 0.010000
0 0.120117 0.153971 0.010000 0.010000
0 0.754395 0.155924 0.010000 0.010000
0 0.838135 0.155273 0.010000 0.010000
0 0.307373 0.157227 0.010000 0.010000
0 0.852783 0.160156 0.010000 0.010000
0 0.487549 0.170573 0.010000 0.010000
0 0.766602 0.178711 0.010000 0.010000
0 0.517822 0.181315 0.010000 0.010000
0 0.414795 0.182617 0.010000 0.010000
0 0.501953 0.184896 0.010000 0.010000
0 0.100000 0.197266 0.010000 0.010000
0 0.415771 0.201497 0.010000 0.010000
0 0.796631 0.201497 0.010000 0.010000
0 0.900000 0.200195 0.010000 0.010000
0 0.816406 0.205078 0.010000 0.010000
0 0.460938 0.214844 0.010000 0.010000
0 0.100000 0.220378 0.010000 0.010000
0 0.663818 0.220378 0.010000 0.010000
0 0.900000 0.225911 0.010000 0.010000
0 0.516602 0.229167 0.010000 0.010000
0 0.697021 0.230469 0.010000 0.010000
0 0.105713 0.240560 0.010000 0.010000
0 0.238525 0.250000 0.010000 0.010000
0 0.100000 0.258138 0.010000 0.010000
0 0.100000 0.279297 0.010000 0.011719
0 0.900000 0.282227 0.010000 0.010000
0 0.305176 0.292969 0.010000 0.010000
0 0.851074 0.302083 0.010000 0.010000
0 0.729248 0.308919 0.010000 0.010000
0 0.540039 0.307292 0.010000 0.010000
0 0.511963 0.312174 0.010000 0.010000
0 0.813965 0.314128 0.010000 0.010000
0 0.622070 0.320312 0.010000 0.010000
0 0.900000 0.322266 0.010000 0.010000
0 0.621094 0.322917 0.010000 0.010000
0 0.279785 0.335286 0.010000 0.010000
0 0.201660 0.345378 0.010000 0.013672
0 0.100000 0.345052 0.010000 0.010000
0 0.839111 0.345378 0.010000 0.010000
0 0.620605 0.344727 0.010000 0.010000
0 0.731689 0.344401 0.010000 0.010000
0 0.100000 0.347005 0.010000 0.010000
0 0.378662 0.346354 0.010000 0.010000
0 0.775635 0.354167 0.010000 0.010000
0 0.451660 0.353516 0.010000 0.010000
0 0.453613 0.356771 0.010000 0.010000
0 0.900000 0.371419 0.010000 0.010000
0 0.870361 0.373698 0.010000 0.010000
0 0.416748 0.377930 0.010000 0.010000
0 0.416016 0.377930 0.010000 0.010000
0 0.413086 0.383464 0.015625 0.014323
0 0.340088 0.383464 0.010000 0.010000
0 0.677979 0.381185 0.010000 0.010000
0 0.409912 0.386719 0.010000 0.010000
0 0.132812 0.386719 0.010000 0.010000
0 0.142578 0.387044 0.010000 0.010000
0 0.409912 0.388346 0.010000 0.010000
0 0.499023 0.398763 0.010000 0.020182
0 0.898926 0.391602 0.010000 0.010000
0 0.679932 0.391927 0.010000 0.010000
0 0.657715 0.395508 0.010000 0.010000
0 0.100000 0.398112 0.010000 0.010000
0 0.659424 0.397135 0.010000 0.010000
0 0.661377 0.397135 0.010000 0.010000
0 0.414795 0.400065 0.010000 0.010000
0 0.415771 0.402669 0.010000 0.010000
0 0.418213 0.407227 0.010000 0.010000
0 0.599609 0.410156 0.010000 0.010000
0 0.100000 0.414714 0.010000 0.010000
0 0.109863 0.416992 0.010000 0.010000
0 0.837646 0.424479 0.010254 0.010000
0 0.900000 0.429362 0.010000 0.010000
0 0.568115 0.433268 0.010000 0.010000
0 0.478516 0.436523 0.010000 0.010000
0 0.711426 0.439453 0.010000 0.010000
0 0.100000 0.444336 0.010000 0.010000
0 0.625244 0.461263 0.018066 0.014974
0 0.533447 0.458008 0.010000 0.010000
0 0.539551 0.459310 0.010742 0.010000
0 0.896729 0.462240 0.010000 0.010000
0 0.545654 0.461589 0.010000 0.010000
0 0.100000 0.463216 0.010000 0.010000
0 0.549561 0.469076 0.010000 0.016276
0 0.580811 0.466146 0.010000 0.010000
0 0.370117 0.466797 0.010000 0.010000
0 0.100000 0.470378 0.010000 0.010000
0 0.520020 0.468424 0.010000 0.010000
0 0.524902 0.473307 0.010000 0.010000
0 0.100000 0.477539 0.010000 0.011068
0 0.529297 0.476888 0.010000 0.010000
0 0.547119 0.479818 0.010000 0.010000
0 0.549805 0.478516 0.010000 0.010000
0 0.272949 0.493164 0.010000 0.010000
0 0.391846 0.496419 0.010000 0.010000
0 0.900000 0.499349 0.010000 0.010000
0 0.589111 0.500977 0.010000 0.010000
0 0.900000 0.504883 0.010000 0.010000
0 0.609863 0.505859 0.010000 0.010000
0 0.156006 0.526042 0.010000 0.010000
0 0.898926 0.525391 0.010000 0.010000
0 0.427490 0.527018 0.010000 0.010000
0 0.900000 0.536133 0.010000 0.010000
0 0.105225 0.539714 0.010000 0.010000
0 0.100000 0.540690 0.010000 0.010000
0 0.330078 0.541992 0.010000 0.010000
0 0.900000 0.547852 0.010000 0.010000
0 0.100000 0.562174 0.010000 0.010000
0 0.714111 0.562826 0.010000 0.010000
0 0.100000 0.562174 0.010000 0.010000
0 0.188477 0.566406 0.010000 0.010000
0 0.800537 0.567383 0.010000 0.010000
0 0.856689 0.568034 0.010000 0.010000
0 0.764893 0.579102 0.010000 0.010000
0 0.900000 0.579102 0.010000 0.010000
0 0.324951 0.581380 0.010000 0.010000
0 0.262939 0.586914 0.010000 0.010000
0 0.482422 0.588867 0.010000 0.010000
0 0.100000 0.597982 0.010000 0.010000
0 0.100000 0.606445 0.010000 0.010000
0 0.460205 0.610026 0.010000 0.010000
0 0.554443 0.620117 0.010000 0.010000
0 0.760254 0.619792 0.010000 0.010000
0 0.642090 0.623698 0.010000 0.010000
0 0.100000 0.636068 0.012207 0.010000
0 0.100000 0.638997 0.010000 0.010000
0 0.270020 0.642904 0.010000 0.010000
0 0.714111 0.645182 0.010000 0.010000
0 0.800293 0.644531 0.010000 0.010000
0 0.342529 0.657227 0.010000 0.010000
0 0.654297 0.656576 0.010000 0.010000
0 0.100000 0.661784 0.010000 0.010000
0 0.764160 0.662435 0.010000 0.010000
0 0.324463 0.669922 0.010000 0.010000
0 0.598633 0.671875 0.010000 0.010000
0 0.687500 0.670247 0.010000 0.010000
0 0.789307 0.676432 0.010000 0.010000
0 0.420410 0.685547 0.010000 0.010000
0 0.374756 0.686198 0.010000 0.010000
0 0.100000 0.689453 0.010000 0.010000
0 0.632568 0.699544 0.010000 0.010000
0 0.199463 0.737305 0.010000 0.010000
0 0.354492 0.733724 0.010000 0.010000
0 0.100000 0.737956 0.010000 0.010000
0 0.387695 0.740560 0.010000 0.010000
0 0.651855 0.742839 0.010000 0.010000
0 0.538574 0.745443 0.010000 0.010000
0 0.442383 0.750000 0.010000 0.010000
0 0.594971 0.750977 0.010000 0.010000
0 0.722412 0.759115 0.010000 0.010000
0 0.831055 0.760742 0.010000 0.010000
0 0.900000 0.768880 0.010000 0.010000
0 0.900000 0.769531 0.010000 0.010000
0 0.900000 0.767253 0.010000 0.010000
0 0.900000 0.771159 0.010000 0.010000
0 0.675049 0.774414 0.010000 0.010000
0 0.144775 0.782227 0.010000 0.010000
0 0.100000 0.787109 0.010000 0.010000
0 0.632568 0.787435 0.010000 0.010000
0 0.900000 0.795247 0.010000 0.010000
0 0.100000 0.805664 0.010000 0.010000
0 0.213379 0.810547 0.010000 0.010000
0 0.781982 0.828451 0.010000 0.010000
0 0.495605 0.832031 0.010000 0.010000
0 0.287842 0.841797 0.010000 0.010000
0 0.826904 0.841797 0.010000 0.010000
0 0.100000 0.845378 0.010000 0.010000
0 0.564209 0.843099 0.010000 0.010000
0 0.900000 0.847331 0.010000 0.010000
0 0.153564 0.855794 0.010000 0.010000
0 0.358398 0.858073 0.010000 0.010000
0 0.242432 0.871745 0.010000 0.010000
0 0.417969 0.870768 0.010000 0.010000
0 0.459473 0.872721 0.010742 0.010000
0 0.200684 0.887044 0.010000 0.010000
0 0.301025 0.886393 0.010000 0.010000
0 0.822266 0.889323 0.010000 0.010000
0 0.404053 0.894206 0.010000 0.010000
0 0.100342 0.896810 0.010000 0.010000
0 0.894531 0.896810 0.010000 0.010000
0 0.334961 0.900000 0.010000 0.010000
0 0.244629 0.900000 0.010000 0.010000
0 0.485107 0.900000 0.010000 0.010000
0 0.100000 0.900000 0.010000 0.010000
0 0.119385 0.900000 0.010000 0.010000
0 0.549072 0.900000 0.010000 0.010000
0 0.678223 0.900000 0.010000 0.010000
0 0.647461 0.900000 0.010000 0.010000
0 0.134521 0.900000 0.010000 0.010000
0 0.900000 0.900000 0.010000 0.010000
0 0.559814 0.900000 0.010000 0.010000
0 0.753418 0.900000 0.010000 0.010000
0 0.563965 0.900000 0.010000 0.010000
0 0.524414 0.900000 0.010000 0.010000
0 0.100000 0.900000 0.010000 0.010000
0 0.566650 0.900000 0.010000 0.010000
0 0.790039 0.900000 0.010000 0.010000
0 0.565186 0.900000 0.010000 0.010000
0 0.589844 0.900000 0.017578 0.023438
0 0.767822 0.900000 0.010000 0.010000
0 0.413086 0.900000 0.010000 0.010000
0 0.667236 0.900000 0.010000 0.010000
0 0.877441 0.900000 0.010000 0.010000
0 0.113525 0.900000 0.010000 0.010000
0 0.802246 0.900000 0.010000 0.010000
0 0.598633 0.900000 0.010000 0.010000
