1 0.500000 0.500000 0.500000 0.500000
0 0.521973 0.100000 0.010000 0.010000
0 0.752686 0.100000 0.010000 0.010000
0 0.175049 0.100000 0.010000 0.010000
0 0.437744 0.100000 0.010000 0.010000
0 0.678711 0.100000 0.010000 0.010000
0 0.793457 0.100000 0.010000 0.010000
0 0.233154 0.100000 0.010000 0.010000
0 0.355713 0.100000 0.010000 0.010000
0 0.452393 0.100000 0.010000 0.010000
0 0.305664 0.100000 0.010000 0.010000
0 0.712158 0.100000 0.010000 0.010000
0 0.888916 0.100000 0.010000 0.010000
0 0.161377 0.100000 0.010000 0.010000
0 0.252441 0.100000 0.010000 0.010000
0 0.593506 0.100000 0.010000 0.010000
0 0.100000 0.100000 0.010000 0.010000
0 0.362305 0.100000 0.010000 0.010000
0 0.733398 0.100000 0.010000 0.010000
0 0.432129 0.100000 0.010000 0.010000
0 0.360840 0.100000 0.010000 0.010000
0 0.147461 0.100000 0.010000 0.010000
0 0.295898 0.100000 0.010000 0.010000
0 0.900000 0.100000 0.010000 0.010000
0 0.900000 0.100000 0.010000 0.010000
0 0.900000 0.100000 0.010000 0.010000
0 0.766602 0.100000 0.010000 0.010000
0 0.858887 0.100000 0.010000 0.010000
0 0.371582 0.100000 0.010000 0.010000
0 0.105957 0.100000 0.010000 0.010000
0 0.627197 0.100000 0.010000 0.010000
0 0.653076 0.100000 0.010000 0.010000
0 0.900000 0.100000 0.010000 0.010000
0 0.900000 0.100000 0.010000 0.010000
0 0.385742 0.105469 0.010000 0.010000
0 0.522705 0.108398 0.010000 0.010000
0 0.486572 0.117513 0.011230 0.016276
0 0.105225 0.115885 0.010000 0.010000
0 0.584473 0.117839 0.010000 0.010000
0 0.480225 0.121745 0.010000 0.010000
0 0.484619 0.125326 0.010000 0.010000
0 0.449463 0.127930 0.010000 0.010000
0 0.493896 0.126302 0.010000 0.010000
0 0.854736 0.130208 0.010000 0.010000
0 0.750732 0.137370 0.010000 0.010000
0 0.788330 0.149414 0.010000 0.010000
0 0.353760 0.151693 0.010000 0.010000
0 0.715088 0.151693 0.010000 0.010000
0 0.386475 0.154297 0.010000 0.010000
0 0.457520 0.154948 0.010000 0.010000
0 0.428711 0.158203 0.010000 0.010000
0 0.438965 0.160156 0.010000 0.010000
0 0.760010 0.161784 0.010000 0.010000
0 0.422852 0.165039 0.010000 0.010000
0 0.176025 0.173503 0.010000 0.010000
0 0.118164 0.181966 0.010000 0.010000
0 0.782715 0.180339 0.010000 0.010000
0 0.732910 0.190430 0.010000 0.010000
0 0.140869 0.195312 0.010000 0.010000
0 0.255859 0.202799 0.010000 0.010000
0 0.846924 0.203451 0.010000 0.010000
0 0.900000 0.202799 0.010000 0.010000
0 0.711670 0.212565 0.010000 0.010000
0 0.875488 0.217448 0.010000 0.010000
0 0.860107 0.227214 0.010000 0.010000
0 0.593506 0.228516 0.010000 0.010000
0 0.112305 0.247070 0.010000 0.010000
0 0.340820 0.248372 0.010000 0.010000
0 0.196533 0.250326 0.010000 0.010000
0 0.100000 0.254557 0.010000 0.010000
0 0.900000 0.255534 0.010000 0.010000
0 0.222900 0.258464 0.010000 0.010000
0 0.100000 0.263346 0.010000 0.010000
0 0.722656 0.262370 0.010000 0.010000
0 0.900000 0.264648 0.010000 0.010000
0 0.141113 0.266276 0.010000 0.010000
0 0.188721 0.266276 0.010000 0.010000
0 0.100000 0.271159 0.010000 0.010000
0 0.766602 0.274089 0.010000 0.010000
0 0.500977 0.274414 0.010000 0.010000
0 0.829590 0.290365 0.010000 0.010000
0 0.900000 0.290690 0.010000 0.010000
0 0.100000 0.295573 0.010000 0.010000
0 0.856201 0.301107 0.010000 0.010000
0 0.421631 0.303385 0.010000 0.010000
0 0.806885 0.304036 0.010000 0.010000
0 0.335205 0.312500 0.010000 0.010000
0 0.900000 0.310872 0.010000 0.010000
0 0.100000 0.315104 0.010000 0.010000
0 0.401855 0.316732 0.010000 0.010000
0 0.739502 0.319336 0.010000 0.010000
0 0.599854 0.326497 0.010000 0.010000
0 0.900000 0.330078 0.010000 0.010000
0 0.329102 0.340495 0.010000 0.010000
0 0.268555 0.344401 0.010000 0.010000
0 0.100000 0.351562 0.010000 0.010000
0 0.900000 0.351562 0.010000 0.010000
0 0.604736 0.355469 0.010000 0.010000
0 0.294189 0.358724 0.010000 0.010000
0 0.220703 0.357747 0.010000 0.010000
0 0.279053 0.373047 0.010000 0.010000
0 0.862305 0.376628 0.010000 0.010000
0 0.584961 0.383138 0.010000 0.010000
0 0.750488 0.384440 0.010000 0.010000
0 0.380371 0.385742 0.010000 0.010000
0 0.247070 0.397461 0.010000 0.010000
0 0.100000 0.400391 0.010000 0.010000
0 0.637695 0.401042 0.010000 0.010000
0 0.201904 0.406576 0.010000 0.010000
0 0.900000 0.414714 0.010000 0.010000
0 0.100000 0.416341 0.010000 0.010000
0 0.900000 0.418620 0.010000 0.010000
0 0.100000 0.419271 0.010000 0.010000
0 0.229004 0.425130 0.010000 0.010000
0 0.861816 0.424154 0.010000 0.010000
0 0.649414 0.429688 0.010000 0.010000
0 0.538818 0.455404 0.027832 0.044922
0 0.211426 0.437174 0.010000 0.010000
0 0.900000 0.436849 0.010000 0.010000
0 0.900000 0.441732 0.010000 0.010000
0 0.833984 0.443034 0.010000 0.010000
0 0.519531 0.453125 0.010000 0.010000
0 0.519043 0.457031 0.010000 0.010000
0 0.391357 0.460286 0.010000 0.010000
0 0.518555 0.461589 0.010000 0.010000
0 0.519043 0.463867 0.010000 0.010000
0 0.540039 0.476888 0.010000 0.010000
0 0.254639 0.488607 0.010000 0.010000
0 0.868896 0.492513 0.010000 0.010000
0 0.238525 0.500977 0.010000 0.010000
0 0.265625 0.510417 0.010000 0.010000
0 0.900000 0.518555 0.010000 0.010000
0 0.900000 0.558268 0.047852 0.076172
0 0.100000 0.524414 0.010000 0.010000
0 0.758789 0.524414 0.010000 0.010000
0 0.343506 0.527344 0.010000 0.010000
0 0.118652 0.532227 0.010000 0.010000
0 0.519043 0.539714 0.010000 0.010000
0 0.637451 0.546224 0.010000 0.010000
0 0.277832 0.548177 0.010000 0.010000
0 0.213135 0.553711 0.010000 0.010000
0 0.468994 0.558594 0.010000 0.010000
0 0.890381 0.560221 0.010000 0.010000
0 0.900000 0.569010 0.010000 0.010000
0 0.884766 0.571289 0.010000 0.010000
0 0.900000 0.574870 0.010000 0.010000
0 0.900000 0.576497 0.010000 0.010000
0 0.255859 0.580404 0.010000 0.010000
0 0.473389 0.579753 0.010000 0.010000
0 0.758057 0.581380 0.010000 0.010000
0 0.290039 0.589518 0.010000 0.010000
0 0.633301 0.589844 0.010000 0.010000
0 0.900000 0.589193 0.010000 0.010000
0 0.194580 0.600260 0.010000 0.010000
0 0.704590 0.608398 0.010000 0.010000
0 0.100000 0.611328 0.010000 0.010000
0 0.532471 0.613281 0.010000 0.010000
0 0.532715 0.613607 0.010000 0.010000
0 0.100000 0.615234 0.010000 0.010000
0 0.295898 0.615560 0.010000 0.010000
0 0.204834 0.623698 0.010000 0.010000
0 0.900000 0.631185 0.010000 0.010000
0 0.282471 0.631185 0.010000 0.010000
0 0.625488 0.635091 0.010000 0.010000
0 0.697754 0.636719 0.010000 0.010000
0 0.121094 0.644206 0.010000 0.010000
0 0.821045 0.646159 0.010000 0.010000
0 0.577637 0.651693 0.010000 0.010000
0 0.516602 0.655599 0.010000 0.010000
0 0.372559 0.661133 0.010000 0.010000
0 0.333740 0.661458 0.010000 0.010000
0 0.405518 0.665039 0.010000 0.010000
0 0.580811 0.669596 0.010000 0.010000
0 0.787598 0.672852 0.010000 0.010000
0 0.162598 0.674805 0.010000 0.010000
0 0.900000 0.681966 0.010000 0.010000
0 0.571533 0.683268 0.010000 0.010000
0 0.100000 0.695312 0.010000 0.010000
0 0.119873 0.693359 0.010000 0.010000
0 0.211670 0.693034 0.010000 0.010000
0 0.100000 0.695312 0.010000 0.010000
0 0.900000 0.703451 0.010000 0.010000
0 0.730469 0.703776 0.010000 0.010000
0 0.249756 0.717122 0.010000 0.010000
0 0.100000 0.715820 0.010000 0.010000
0 0.113037 0.717448 0.010000 0.010000
0 0.846924 0.720378 0.014160 0.010000
0 0.481689 0.722331 0.010000 0.010000
0 0.498291 0.726888 0.010000 0.010000
0 0.100000 0.733724 0.010000 0.010000
0 0.458008 0.740560 0.010000 0.010000
0 0.900000 0.747721 0.010000 0.010000
0 0.100000 0.746094 0.010000 0.010000
0 0.356201 0.749674 0.010000 0.010000
0 0.538086 0.748047 0.010000 0.010000
0 0.812256 0.749023 0.010000 0.010000
0 0.784424 0.755534 0.010000 0.010000
0 0.496826 0.755859 0.010000 0.010000
0 0.585205 0.756510 0.010000 0.010000
0 0.163086 0.759440 0.010000 0.010000
0 0.511475 0.760417 0.010000 0.010000
0 0.334717 0.763021 0.010000 0.010000
0 0.773682 0.762044 0.010000 0.010000
0 0.593750 0.768555 0.010000 0.010000
0 0.211914 0.769206 0.010000 0.010000
0 0.596924 0.770182 0.010000 0.010000
0 0.605957 0.771159 0.010000 0.010000
0 0.300049 0.779622 0.010000 0.010000
0 0.252441 0.790039 0.010000 0.010000
0 0.467041 0.792318 0.010000 0.010000
0 0.442383 0.794596 0.010000 0.010000
0 0.100000 0.797852 0.010000 0.010000
0 0.776123 0.801107 0.010000 0.010000
0 0.223145 0.805013 0.010000 0.010000
0 0.900000 0.806315 0.010000 0.010000
0 0.853760 0.806966 0.010000 0.010000
0 0.361816 0.811849 0.010000 0.010000
0 0.437744 0.818034 0.010000 0.010000
0 0.900000 0.822917 0.010000 0.010000
0 0.454590 0.839518 0.010000 0.010000
0 0.544434 0.841797 0.010000 0.010000
0 0.723877 0.847656 0.010000 0.010000
0 0.900000 0.844727 0.010000 0.010000
0 0.146240 0.854492 0.010000 0.010000
0 0.100000 0.863932 0.010000 0.010000
0 0.303955 0.868815 0.010000 0.010000
0 0.100000 0.873047 0.010000 0.010000
0 0.854492 0.875977 0.010000 0.010000
0 0.393311 0.875000 0.010000 0.010000
0 0.562988 0.888021 0.010000 0.010000
0 0.613037 0.900000 0.010000 0.010000
0 0.536621 0.900000 0.010000 0.010000
0 0.367188 0.900000 0.010000 0.010000
0 0.900000 0.900000 0.010000 0.010000
0 0.696289 0.900000 0.010000 0.010000
0 0.417480 0.900000 0.010000 0.010000
0 0.900000 0.900000 0.010000 0.010000
0 0.841797 0.900000 0.010000 0.010000
0 0.100000 0.900000 0.010000 0.010000
0 0.787598 0.900000 0.010000 0.010000
0 0.100000 0.900000 0.010000 0.010000
0 0.900000 0.900000 0.010000 0.010000
0 0.161133 0.900000 0.010000 0.010000
0 0.900000 0.900000 0.010000 0.010000
0 0.303711 0.900000 0.010000 0.010000
0 0.379395 0.900000 0.010000 0.010000
0 0.673584 0.900000 0.010000 0.010000
0 0.893555 0.900000 0.010000 0.010000
0 0.482178 0.900000 0.010000 0.010000
0 0.857666 0.900000 0.010000 0.010000
0 0.894531 0.900000 0.010000 0.010000
0 0.900000 0.900000 0.010000 0.010000
0 0.900000 0.900000 0.010000 0.010000
0 0.900000 0.900000 0.010000 0.010000
0 0.858643 0.900000 0.010000 0.010000
0 0.846436 0.900000 0.010000 0.010000
0 0.861816 0.900000 0.010000 0.010000
0 0.866699 0.900000 0.010000 0.010000
0 0.802490 0.900000 0.010000 0.010000
0 0.861816 0.900000 0.010000 0.010000
0 0.900000 0.900000 0.010000 0.010000
0 0.100000 0.900000 0.010000 0.010000
0 0.872314 0.900000 0.010000 0.010000
0 0.188477 0.900000 0.010000 0.010000
0 0.622314 0.900000 0.010000 0.010000
