1 0.129883 0.110026 0.258789 0.218750
0 0.100000 0.100000 0.010000 0.010000
0 0.100000 0.100000 0.010000 0.010000
0 0.100000 0.100000 0.010000 0.010000
0 0.100000 0.100000 0.010000 0.010000
1 0.500000 0.500000 0.500000 0.500000
0 0.638672 0.100000 0.010000 0.010000
0 0.100000 0.100000 0.010000 0.010000
0 0.541748 0.100000 0.010000 0.010000
0 0.651611 0.100000 0.010000 0.010000
0 0.250488 0.100000 0.010742 0.015625
0 0.621338 0.100000 0.010000 0.010000
0 0.642090 0.100000 0.010000 0.010000
0 0.424072 0.100000 0.010000 0.010000
0 0.579834 0.100000 0.010000 0.010000
0 0.581787 0.100000 0.010000 0.010000
0 0.639160 0.100000 0.010000 0.010000
0 0.643066 0.100000 0.010000 0.010000
0 0.899902 0.100000 0.010000 0.010000
0 0.900000 0.100000 0.010000 0.010000
0 0.634033 0.100000 0.010000 0.016927
0 0.755615 0.100000 0.010000 0.010000
0 0.634277 0.100000 0.010000 0.010000
0 0.428955 0.100000 0.010000 0.010000
0 0.578125 0.100000 0.010000 0.010000
0 0.635254 0.100000 0.010000 0.010000
0 0.315674 0.100000 0.010000 0.010000
0 0.900000 0.100000 0.010000 0.010000
0 0.480713 0.100000 0.010000 0.010000
0 0.833008 0.100000 0.010000 0.010000
0 0.619141 0.100000 0.010000 0.010000
0 0.625977 0.100000 0.010000 0.010000
0 0.475586 0.104167 0.010000 0.010000
0 0.543945 0.104818 0.010000 0.010000
0 0.900000 0.110026 0.010000 0.010000
0 0.489258 0.116211 0.010000 0.010000
0 0.489258 0.118490 0.010000 0.010000
0 0.706543 0.120443 0.010000 0.010000
0 0.372070 0.121745 0.010000 0.010000
0 0.817383 0.121745 0.010000 0.010000
0 0.100000 0.127930 0.010000 0.010000
0 0.753662 0.130208 0.010000 0.010000
0 0.430908 0.132487 0.010000 0.010000
0 0.303223 0.133789 0.010000 0.010000
0 0.561035 0.132487 0.010000 0.010000
0 0.100000 0.133789 0.010000 0.010000
0 0.525391 0.136393 0.010000 0.010000
0 0.442871 0.141276 0.010000 0.010000
0 0.375488 0.144206 0.010000 0.010000
0 0.474365 0.168945 0.010000 0.010000
0 0.100000 0.173503 0.010000 0.010000
0 0.100000 0.180339 0.010000 0.010000
0 0.100000 0.181641 0.010000 0.010000
0 0.900000 0.186849 0.010000 0.010000
0 0.221191 0.187500 0.010000 0.010000
0 0.757568 0.192057 0.010000 0.010000
0 0.515625 0.194987 0.010000 0.010000
0 0.682861 0.208984 0.010000 0.010000
0 0.900000 0.211914 0.010000 0.010000
0 0.337891 0.215495 0.010000 0.010000
0 0.900000 0.220703 0.010000 0.010000
0 0.520996 0.222005 0.010000 0.010000
0 0.100000 0.222331 0.010000 0.010000
0 0.100000 0.228841 0.010000 0.010000
0 0.100000 0.229492 0.010000 0.010000
0 0.349854 0.231120 0.010000 0.010000
0 0.100000 0.240885 0.010000 0.010000
0 0.460449 0.240234 0.010000 0.010000
0 0.519043 0.239583 0.010000 0.010000
0 0.842041 0.249674 0.010000 0.010000
0 0.845459 0.250326 0.010000 0.010000
0 0.100000 0.252930 0.010000 0.010000
0 0.823486 0.256185 0.010000 0.010000
0 0.824219 0.257161 0.010000 0.010000
0 0.834229 0.256185 0.010000 0.010000
0 0.841553 0.266276 0.021973 0.022135
0 0.833740 0.260091 0.010000 0.010000
0 0.455322 0.261393 0.010000 0.010000
0 0.900000 0.262695 0.010000 0.010000
0 0.832275 0.263997 0.010000 0.010000
0 0.756836 0.277669 0.010000 0.010000
0 0.250977 0.281250 0.010000 0.010000
0 0.512207 0.284505 0.010000 0.010000
0 0.296387 0.285156 0.010000 0.010000
0 0.515137 0.284505 0.010000 0.010000
0 0.847900 0.286133 0.010000 0.010000
0 0.843994 0.285156 0.010000 0.010000
0 0.900000 0.288411 0.010000 0.010000
0 0.849121 0.287109 0.010000 0.010000
0 0.323975 0.305990 0.010000 0.010000
0 0.900000 0.306315 0.010000 0.010000
0 0.141602 0.311849 0.010000 0.010000
0 0.235840 0.315104 0.010000 0.010000
0 0.100000 0.319336 0.010000 0.010000
0 0.628174 0.318685 0.010000 0.010000
0 0.900000 0.327474 0.010000 0.010000
0 0.418701 0.331380 0.010000 0.010000
0 0.900000 0.337565 0.010000 0.010000
0 0.429443 0.344076 0.010000 0.010000
0 0.775391 0.346680 0.010000 0.010000
0 0.373291 0.368490 0.011230 0.014323
0 0.100000 0.366862 0.010000 0.010000
0 0.100000 0.374349 0.010000 0.015625
0 0.100000 0.367513 0.010000 0.010000
0 0.704834 0.369792 0.014160 0.010000
0 0.100000 0.374674 0.010000 0.010000
0 0.100000 0.390299 0.014160 0.018880
0 0.453613 0.381185 0.010000 0.010000
0 0.100000 0.384440 0.010000 0.010000
0 0.484619 0.385417 0.010000 0.010000
0 0.230225 0.386393 0.010000 0.010000
0 0.484131 0.389323 0.010000 0.010000
0 0.100000 0.388997 0.010000 0.010000
0 0.100000 0.395182 0.010000 0.010000
0 0.100000 0.395833 0.010000 0.010000
0 0.100000 0.395508 0.010000 0.010000
0 0.127930 0.399740 0.010000 0.013021
0 0.102783 0.402018 0.014160 0.011068
0 0.682617 0.399089 0.010000 0.010000
0 0.190674 0.400716 0.010000 0.010000
0 0.493408 0.401042 0.010000 0.010000
0 0.100000 0.404622 0.010000 0.010000
0 0.191406 0.402669 0.010000 0.010000
0 0.112549 0.405924 0.010000 0.010000
0 0.100342 0.406576 0.010000 0.010000
0 0.100000 0.407552 0.010000 0.010000
0 0.100000 0.415365 0.015625 0.018229
0 0.112549 0.408529 0.010000 0.010000
0 0.825684 0.408854 0.010000 0.010000
0 0.500977 0.408529 0.010000 0.010000
0 0.637939 0.420573 0.016113 0.022135
0 0.126465 0.415039 0.010000 0.010000
0 0.122559 0.417318 0.010000 0.010000
0 0.100000 0.423828 0.010000 0.010000
0 0.283936 0.424479 0.010000 0.010000
0 0.299072 0.429036 0.010000 0.010000
0 0.305664 0.436849 0.018555 0.018229
0 0.187256 0.435547 0.010000 0.010000
0 0.766113 0.441406 0.010000 0.010000
0 0.893066 0.442708 0.010000 0.010000
0 0.897705 0.448893 0.010000 0.010000
0 0.392578 0.465820 0.011719 0.030599
0 0.787842 0.456380 0.010000 0.010000
0 0.100000 0.458333 0.010000 0.010000
0 0.239258 0.460938 0.010000 0.010000
0 0.839111 0.459310 0.010000 0.010000
0 0.116455 0.464193 0.010000 0.010000
0 0.494629 0.473633 0.010000 0.010000
0 0.707520 0.477539 0.010000 0.010000
0 0.406494 0.489583 0.025879 0.022135
0 0.245361 0.486003 0.010000 0.010000
0 0.291260 0.486003 0.010000 0.010000
0 0.187012 0.498698 0.010000 0.010000
0 0.428711 0.502279 0.010000 0.010000
0 0.508057 0.501628 0.010000 0.010000
0 0.275635 0.506510 0.010000 0.010000
0 0.276611 0.510742 0.010000 0.010000
0 0.642578 0.513021 0.010000 0.010000
0 0.650879 0.515625 0.010000 0.010000
0 0.784424 0.526367 0.010000 0.010000
0 0.739258 0.529297 0.010000 0.010000
0 0.820557 0.536133 0.011230 0.010000
0 0.327393 0.535156 0.010000 0.010000
0 0.329346 0.536133 0.010000 0.010000
0 0.340332 0.543294 0.010000 0.010000
0 0.617188 0.543294 0.010000 0.010000
0 0.199707 0.544271 0.010000 0.010000
0 0.900000 0.546224 0.010000 0.010000
0 0.123291 0.549805 0.010000 0.010000
0 0.145996 0.552734 0.010000 0.010000
0 0.802490 0.568034 0.010000 0.010000
0 0.900000 0.584961 0.020020 0.021484
0 0.540527 0.580729 0.010000 0.010000
0 0.186279 0.585286 0.010254 0.011719
0 0.543701 0.585612 0.010000 0.010000
0 0.729248 0.590820 0.010000 0.010000
0 0.723389 0.590169 0.010000 0.010000
0 0.714355 0.601237 0.010000 0.010000
0 0.710693 0.602214 0.010000 0.010000
0 0.678467 0.604492 0.010000 0.010000
0 0.683105 0.605143 0.010000 0.010000
0 0.699707 0.606445 0.010000 0.010000
0 0.702148 0.606445 0.010000 0.010000
0 0.868896 0.607096 0.010000 0.010000
0 0.760254 0.607747 0.010000 0.010000
0 0.758789 0.611979 0.010000 0.010000
0 0.386963 0.613607 0.010000 0.010000
0 0.756348 0.613607 0.010000 0.010000
0 0.285645 0.620117 0.024414 0.013672
0 0.626221 0.615885 0.010000 0.010000
0 0.900000 0.615885 0.010000 0.010000
0 0.900000 0.615560 0.010000 0.010000
0 0.282715 0.616211 0.010000 0.010000
0 0.499268 0.617513 0.010000 0.010000
0 0.814453 0.626302 0.040039 0.020833
0 0.471680 0.618164 0.010000 0.010000
0 0.624756 0.618815 0.010000 0.010000
0 0.302979 0.620768 0.010000 0.010000
0 0.100000 0.626302 0.010000 0.010000
0 0.598633 0.622721 0.010000 0.010000
0 0.388916 0.623698 0.010000 0.010000
0 0.900000 0.624023 0.010000 0.010000
0 0.100000 0.627604 0.010000 0.010000
0 0.900000 0.626302 0.010000 0.010000
0 0.900000 0.636393 0.010000 0.010000
0 0.900000 0.638346 0.010000 0.010000
0 0.812744 0.640951 0.010000 0.010000
0 0.760986 0.642253 0.010000 0.010000
0 0.815918 0.641602 0.010000 0.010000
0 0.419678 0.642578 0.010000 0.010000
0 0.607178 0.649089 0.010000 0.010000
0 0.812988 0.657227 0.010000 0.010000
0 0.812012 0.661458 0.010000 0.010000
0 0.226562 0.660482 0.010000 0.010000
0 0.771729 0.668294 0.012207 0.016276
0 0.814209 0.665365 0.010000 0.010417
0 0.100000 0.663411 0.010000 0.010000
0 0.264160 0.663411 0.010000 0.010000
0 0.181641 0.665365 0.010000 0.010000
0 0.179932 0.666992 0.010000 0.010000
0 0.900000 0.669922 0.010000 0.010000
0 0.755127 0.671224 0.010000 0.010000
0 0.873291 0.671224 0.010000 0.010000
0 0.749268 0.676107 0.014160 0.010000
0 0.174805 0.673177 0.010000 0.010000
0 0.121094 0.675130 0.010000 0.010000
0 0.754639 0.678060 0.010000 0.010000
0 0.900000 0.675130 0.010000 0.010000
0 0.759277 0.677734 0.010000 0.010000
0 0.759766 0.685221 0.010000 0.010000
0 0.279297 0.683268 0.010000 0.010000
0 0.480713 0.688151 0.010000 0.010000
0 0.767334 0.689128 0.010000 0.010000
0 0.768799 0.689128 0.010000 0.010000
0 0.776123 0.689453 0.013184 0.010000
0 0.228027 0.690755 0.010000 0.010000
0 0.900000 0.695964 0.010000 0.010000
0 0.627930 0.699544 0.010000 0.010000
0 0.633789 0.707031 0.010000 0.010000
0 0.896484 0.709310 0.010000 0.010000
0 0.686768 0.708984 0.010000 0.010000
0 0.900000 0.710286 0.010000 0.010000
0 0.496094 0.712240 0.010000 0.010000
0 0.696289 0.720052 0.010000 0.010000
0 0.850830 0.723307 0.010000 0.010000
0 0.577393 0.734701 0.028809 0.024089
0 0.854004 0.730143 0.010000 0.014974
0 0.135742 0.729818 0.010000 0.010000
0 0.781006 0.729492 0.010000 0.010000
0 0.100000 0.736654 0.010000 0.010000
0 0.781494 0.736979 0.010000 0.010000
0 0.900000 0.737956 0.010000 0.010000
0 0.295654 0.762370 0.047363 0.050781
0 0.109375 0.746419 0.010000 0.010000
0 0.100000 0.754557 0.010000 0.010000
0 0.148682 0.755534 0.010000 0.010000
0 0.135254 0.755534 0.010000 0.010000
0 0.100000 0.762044 0.010000 0.010000
0 0.100000 0.762695 0.010000 0.010000
0 0.297852 0.766927 0.010000 0.010000
0 0.100000 0.771484 0.010000 0.010000
0 0.900000 0.771484 0.010000 0.010000
0 0.100000 0.771810 0.010000 0.010000
0 0.261475 0.777995 0.010000 0.010000
0 0.100000 0.780924 0.010000 0.010000
0 0.802002 0.781901 0.010000 0.010000
0 0.211914 0.782227 0.010000 0.010000
0 0.613525 0.787760 0.010000 0.010000
0 0.812256 0.790039 0.010000 0.010000
0 0.505127 0.813477 0.027832 0.041016
0 0.873291 0.797852 0.010000 0.010000
0 0.801025 0.807617 0.010000 0.010000
0 0.394775 0.815430 0.010000 0.010000
0 0.201904 0.818034 0.010000 0.010000
0 0.768311 0.817057 0.010000 0.010000
0 0.591797 0.818359 0.010000 0.010000
0 0.136963 0.821940 0.010000 0.010000
0 0.359619 0.825846 0.010000 0.011068
0 0.820312 0.822591 0.010000 0.010000
0 0.900000 0.823568 0.010000 0.010000
0 0.602783 0.825195 0.010000 0.010000
0 0.803467 0.825846 0.010000 0.010000
0 0.100000 0.832031 0.010000 0.010000
0 0.809814 0.830404 0.010000 0.010000
0 0.100000 0.838216 0.010000 0.010000
0 0.100000 0.838867 0.010000 0.010000
0 0.100000 0.843750 0.010254 0.010000
0 0.100000 0.847005 0.018555 0.010417
0 0.446533 0.844727 0.010000 0.010000
0 0.100000 0.855469 0.013184 0.014323
0 0.100000 0.850260 0.010000 0.010000
0 0.100000 0.849284 0.010000 0.010000
0 0.100000 0.850260 0.010000 0.010000
0 0.109375 0.849609 0.010000 0.010000
0 0.100000 0.849935 0.010000 0.010000
0 0.106689 0.854818 0.014160 0.011719
0 0.100000 0.852539 0.010000 0.010000
0 0.100000 0.854167 0.010000 0.010000
0 0.291748 0.854818 0.010000 0.010000
0 0.900000 0.857422 0.010000 0.010000
0 0.104736 0.858073 0.010000 0.010000
0 0.729004 0.860677 0.010000 0.010000
0 0.192627 0.865560 0.010000 0.010000
0 0.645020 0.871094 0.010000 0.010000
0 0.900000 0.877604 0.010000 0.010000
0 0.230713 0.888672 0.010000 0.010000
0 0.100000 0.900000 0.010000 0.010000
0 0.457520 0.900000 0.010000 0.010000
0 0.266602 0.900000 0.010000 0.010000
0 0.100000 0.900000 0.010000 0.012370
0 0.355957 0.900000 0.010000 0.010000
0 0.322754 0.900000 0.010000 0.010000
0 0.100000 0.900000 0.010000 0.010000
0 0.202881 0.900000 0.010000 0.010000
0 0.381836 0.900000 0.010000 0.010000
0 0.100000 0.900000 0.010000 0.010000
0 0.624512 0.900000 0.010000 0.010000
0 0.100000 0.900000 0.010000 0.010000
0 0.100000 0.900000 0.010000 0.010417
0 0.100000 0.900000 0.010000 0.010000
0 0.402588 0.900000 0.010000 0.010000
0 0.435059 0.900000 0.010000 0.011068
0 0.499756 0.900000 0.010000 0.010000
0 0.100000 0.900000 0.010000 0.010000
0 0.100000 0.900000 0.010000 0.010000
0 0.783203 0.900000 0.010000 0.010000
0 0.786133 0.900000 0.010000 0.010000
0 0.153564 0.900000 0.010000 0.010000
0 0.148193 0.900000 0.010000 0.010000
0 0.788818 0.900000 0.010000 0.010000
0 0.100000 0.900000 0.010000 0.010000
0 0.330078 0.900000 0.010000 0.010000
0 0.233643 0.900000 0.010000 0.010000
0 0.895264 0.900000 0.010000 0.010000
0 0.166992 0.900000 0.010000 0.010000
0 0.900000 0.900000 0.010000 0.010000
0 0.855225 0.900000 0.053223 0.037109
0 0.243164 0.900000 0.010000 0.010000
0 0.180176 0.900000 0.010000 0.010000
0 0.417969 0.900000 0.010000 0.010000
0 0.226318 0.900000 0.010000 0.010000
0 0.100000 0.900000 0.010000 0.010000
0 0.100000 0.900000 0.010000 0.010000
0 0.100000 0.900000 0.010000 0.010000
0 0.748291 0.900000 0.010000 0.010000
0 0.853516 0.900000 0.010000 0.010000
0 0.374512 0.900000 0.010000 0.010000
0 0.293457 0.900000 0.039062 0.013021
0 0.366455 0.900000 0.010000 0.010000
0 0.717041 0.900000 0.010000 0.010000
0 0.751221 0.900000 0.010000 0.010000
0 0.190674 0.900000 0.010000 0.010000
0 0.264404 0.900000 0.010000 0.010000
0 0.717773 0.900000 0.010000 0.010000
0 0.268311 0.900000 0.010000 0.010000
0 0.316406 0.900000 0.010000 0.010000
0 0.135742 0.900000 0.010000 0.010000
0 0.166992 0.900000 0.010000 0.010000
0 0.272949 0.900000 0.010000 0.010000
0 0.314941 0.900000 0.010000 0.010000
0 0.100000 0.900000 0.010000 0.010000
0 0.100000 0.900000 0.010000 0.010000
0 0.270508 0.900000 0.010000 0.010000
0 0.751221 0.900000 0.010000 0.010000
0 0.900000 0.900000 0.010000 0.010000
