1 0.500000 0.500000 0.500000 0.500000
0 0.900000 0.100000 0.010000 0.010000
0 0.110840 0.100000 0.010000 0.010000
0 0.606689 0.100000 0.010000 0.010000
0 0.100000 0.100000 0.010000 0.010000
0 0.390869 0.100000 0.010000 0.010000
0 0.202637 0.100000 0.010000 0.010000
0 0.900000 0.100000 0.010000 0.010000
0 0.496826 0.100000 0.010000 0.010000
0 0.830566 0.100000 0.010000 0.010000
0 0.588379 0.100000 0.010000 0.010000
0 0.287354 0.100000 0.010000 0.010000
0 0.100000 0.100000 0.010000 0.010000
0 0.402100 0.100000 0.010000 0.010000
0 0.104736 0.100000 0.010000 0.010000
0 0.305664 0.100000 0.010000 0.010000
0 0.602783 0.100000 0.010000 0.010000
0 0.820801 0.100000 0.010000 0.010000
0 0.369141 0.100000 0.010000 0.010000
0 0.377441 0.100000 0.010000 0.010000
0 0.201660 0.100000 0.010000 0.010000
0 0.435059 0.100000 0.010000 0.010000
0 0.449219 0.100000 0.010000 0.010000
0 0.386230 0.117839 0.010000 0.010000
0 0.815918 0.120117 0.010000 0.010000
0 0.771240 0.123047 0.010000 0.010000
0 0.736084 0.136393 0.010000 0.010000
0 0.721436 0.155924 0.010000 0.010000
0 0.800537 0.155924 0.010000 0.010000
0 0.900000 0.184896 0.010000 0.010000
0 0.766846 0.185547 0.010000 0.010000
0 0.688721 0.191732 0.010000 0.010000
0 0.100000 0.192057 0.010000 0.010000
0 0.100000 0.191406 0.010000 0.010000
0 0.813232 0.193685 0.010000 0.010000
0 0.240723 0.199544 0.010000 0.010000
0 0.310547 0.204427 0.010000 0.010417
0 0.708984 0.208008 0.010000 0.010000
0 0.668213 0.219727 0.010000 0.010000
0 0.574951 0.235026 0.010000 0.010000
0 0.721191 0.237956 0.010000 0.010000
0 0.538330 0.246419 0.010000 0.010000
0 0.100000 0.266927 0.010000 0.010000
0 0.370361 0.283203 0.010000 0.010000
0 0.603271 0.283529 0.010000 0.010000
0 0.900000 0.285482 0.010000 0.010000
0 0.705322 0.290690 0.010000 0.010000
0 0.480225 0.297201 0.010000 0.010000
0 0.545898 0.296224 0.010000 0.010000
0 0.900000 0.307292 0.010000 0.010000
0 0.900000 0.324870 0.010000 0.010000
0 0.273438 0.329753 0.010000 0.010000
0 0.476318 0.335286 0.010000 0.010000
0 0.667969 0.337565 0.010000 0.010000
0 0.633301 0.339518 0.010000 0.010000
0 0.900000 0.343099 0.010000 0.010000
0 0.489746 0.344727 0.010000 0.010000
0 0.786865 0.344727 0.010000 0.010000
0 0.816162 0.347005 0.010000 0.010000
0 0.755615 0.353516 0.010000 0.010000
0 0.756348 0.360677 0.010000 0.011719
0 0.760742 0.360026 0.010000 0.010000
0 0.534424 0.378255 0.010000 0.010000
0 0.163818 0.384440 0.010000 0.010000
0 0.493164 0.384766 0.010000 0.010000
0 0.504150 0.389648 0.010000 0.012370
0 0.568848 0.396484 0.010000 0.010000
0 0.822754 0.404948 0.010000 0.010000
0 0.524658 0.407878 0.010000 0.010000
0 0.514893 0.415365 0.010000 0.010000
0 0.684082 0.433268 0.010000 0.010000
0 0.100000 0.441732 0.010000 0.010000
0 0.500000 0.440430 0.010000 0.010000
0 0.525146 0.443685 0.010000 0.010000
0 0.900000 0.443034 0.010000 0.010000
0 0.525879 0.448242 0.010000 0.010000
0 0.900000 0.454427 0.010000 0.010000
0 0.578613 0.455404 0.010000 0.010000
0 0.797852 0.454753 0.010000 0.010000
0 0.811523 0.464193 0.010000 0.010000
0 0.823242 0.469727 0.010000 0.010000
0 0.100000 0.473633 0.010000 0.010000
0 0.650635 0.475586 0.010000 0.010000
0 0.803955 0.492839 0.010000 0.010000
0 0.431396 0.492839 0.010000 0.010000
0 0.774902 0.517578 0.010000 0.010000
0 0.775635 0.519206 0.010000 0.010000
0 0.527832 0.520182 0.010000 0.010000
0 0.775146 0.537760 0.020020 0.036458
0 0.100000 0.529622 0.010000 0.010000
0 0.503418 0.528971 0.010000 0.010000
0 0.100000 0.532552 0.010000 0.010000
0 0.350098 0.575521 0.010000 0.010000
0 0.193359 0.579753 0.010000 0.010000
0 0.346191 0.578125 0.010000 0.010000
0 0.345947 0.578776 0.012207 0.010000
0 0.355469 0.578776 0.010000 0.010000
0 0.169434 0.583659 0.010000 0.010000
0 0.250000 0.582031 0.010000 0.010000
0 0.309814 0.593099 0.010000 0.010000
0 0.689697 0.599609 0.010000 0.010000
0 0.349365 0.598633 0.010000 0.010000
0 0.692871 0.602214 0.010000 0.010000
0 0.694824 0.604167 0.010000 0.010000
0 0.696289 0.605469 0.010000 0.010417
0 0.335205 0.608073 0.010000 0.010000
0 0.100098 0.625326 0.010000 0.010000
0 0.706787 0.626302 0.010000 0.010000
0 0.900000 0.641927 0.010000 0.010000
0 0.100000 0.643555 0.010000 0.010000
0 0.339355 0.650716 0.010000 0.010000
0 0.364990 0.665365 0.010000 0.010000
0 0.187500 0.666992 0.010000 0.010000
0 0.280762 0.688151 0.010000 0.010000
0 0.413818 0.688477 0.012207 0.010000
0 0.900000 0.690430 0.010000 0.010000
0 0.433838 0.696615 0.010000 0.010000
0 0.453369 0.699219 0.010254 0.010000
0 0.847900 0.698568 0.010000 0.010000
0 0.636963 0.704753 0.010000 0.010000
0 0.510010 0.705404 0.010000 0.010000
0 0.329834 0.708659 0.010000 0.010000
0 0.758057 0.711914 0.010000 0.010000
0 0.833740 0.729818 0.010000 0.010000
0 0.508789 0.743490 0.010000 0.010000
0 0.147217 0.741862 0.010000 0.010000
0 0.217529 0.742188 0.010000 0.010000
0 0.100000 0.756510 0.010000 0.010000
0 0.900000 0.764323 0.010000 0.010000
0 0.760986 0.767578 0.010000 0.010000
0 0.496826 0.766927 0.010000 0.010000
0 0.100000 0.768555 0.010000 0.010000
0 0.100000 0.776367 0.010000 0.010000
0 0.100000 0.777018 0.010742 0.010000
0 0.100000 0.779297 0.010000 0.010000
0 0.900000 0.782552 0.010000 0.010000
0 0.100000 0.781576 0.010000 0.010000
0 0.900000 0.782552 0.010000 0.010000
0 0.595215 0.791992 0.010000 0.010000
0 0.779541 0.816406 0.010000 0.010000
0 0.571289 0.832357 0.010000 0.010000
0 0.114502 0.836914 0.010000 0.010000
0 0.377197 0.851237 0.010000 0.010000
0 0.702881 0.864583 0.010000 0.010000
0 0.519287 0.864258 0.010000 0.010000
0 0.868896 0.868815 0.010000 0.010000
0 0.100000 0.877930 0.010000 0.010000
0 0.497803 0.885742 0.010000 0.010000
0 0.147949 0.891602 0.010000 0.010000
0 0.386475 0.900000 0.010000 0.010000
0 0.262451 0.900000 0.010000 0.010000
0 0.330811 0.900000 0.010000 0.010000
0 0.595215 0.900000 0.010000 0.010000
0 0.900000 0.900000 0.010000 0.010000
0 0.111572 0.900000 0.010000 0.010000
0 0.840088 0.900000 0.010000 0.010000
0 0.100000 0.900000 0.010000 0.010000
0 0.705811 0.900000 0.010000 0.010000
0 0.652588 0.900000 0.010000 0.010000
0 0.870361 0.900000 0.010000 0.010000
0 0.225830 0.900000 0.010000 0.010000
0 0.164307 0.900000 0.010000 0.010000
0 0.718994 0.900000 0.010000 0.010000
