1 0.500000 0.500000 0.500000 0.500000
0 0.146240 0.100000 0.010000 0.010000
0 0.220703 0.100000 0.010000 0.010000
0 0.461426 0.100000 0.010000 0.010000
0 0.630615 0.100000 0.010000 0.010000
0 0.441406 0.100000 0.010000 0.010000
0 0.488525 0.100000 0.010000 0.010000
0 0.900000 0.100000 0.010000 0.010000
0 0.900000 0.100000 0.010000 0.010000
0 0.173828 0.100000 0.010000 0.010000
0 0.160889 0.100000 0.010000 0.010000
0 0.660645 0.100000 0.010000 0.010000
0 0.900000 0.100000 0.010000 0.011068
0 0.889893 0.100000 0.010000 0.010000
0 0.340576 0.100000 0.017090 0.020182
0 0.900000 0.100000 0.010000 0.010000
0 0.100000 0.100000 0.010000 0.010000
0 0.900000 0.100000 0.010000 0.010000
0 0.338867 0.100000 0.010000 0.010417
0 0.900000 0.100000 0.010000 0.010000
0 0.102783 0.100000 0.010000 0.010000
0 0.900000 0.100000 0.010000 0.010000
0 0.900000 0.100000 0.010000 0.010000
0 0.900000 0.100000 0.010000 0.010000
0 0.694824 0.100000 0.010000 0.010000
0 0.688965 0.101562 0.010000 0.010000
0 0.663330 0.113607 0.010000 0.010000
0 0.863525 0.126953 0.010000 0.010417
0 0.900000 0.125651 0.010000 0.010000
0 0.627930 0.125651 0.010000 0.010000
0 0.865967 0.129232 0.010000 0.010000
0 0.461670 0.128906 0.010000 0.010000
0 0.688721 0.134766 0.010000 0.010000
0 0.817139 0.137044 0.010000 0.010000
0 0.209473 0.143555 0.010000 0.010000
0 0.748047 0.159831 0.028320 0.029297
0 0.541016 0.151042 0.010000 0.010000
0 0.609375 0.157227 0.010000 0.010000
0 0.736328 0.171875 0.010000 0.010000
0 0.739502 0.171549 0.010000 0.010000
0 0.119873 0.181315 0.010000 0.010000
0 0.543945 0.179688 0.010000 0.010000
0 0.900000 0.180664 0.010000 0.010000
0 0.517578 0.188477 0.010000 0.010000
0 0.260254 0.195312 0.010000 0.010000
0 0.523438 0.197917 0.010000 0.010000
0 0.442139 0.207682 0.010000 0.010000
0 0.900000 0.237956 0.010000 0.010000
0 0.144531 0.253255 0.010000 0.010000
0 0.454834 0.252604 0.010000 0.010000
0 0.457031 0.251628 0.010000 0.010000
0 0.900000 0.254232 0.010000 0.010000
0 0.682617 0.257161 0.010000 0.010000
0 0.226074 0.270833 0.010000 0.010000
0 0.411621 0.266927 0.010000 0.010000
0 0.230957 0.269857 0.010000 0.010000
0 0.230225 0.273112 0.010000 0.010000
0 0.149902 0.297201 0.010000 0.010000
0 0.388428 0.298177 0.010000 0.010000
0 0.480957 0.298828 0.010000 0.010000
0 0.900000 0.307617 0.010000 0.010000
0 0.583740 0.323242 0.010000 0.010000
0 0.128662 0.327474 0.010000 0.010417
0 0.506348 0.331380 0.010000 0.010000
0 0.116211 0.336263 0.010000 0.010000
0 0.152832 0.335938 0.010000 0.010000
0 0.532227 0.337891 0.010000 0.010000
0 0.117432 0.343750 0.010000 0.010000
0 0.515381 0.352865 0.010000 0.010000
0 0.454346 0.358724 0.010000 0.010000
0 0.635498 0.363932 0.010000 0.010000
0 0.659912 0.364583 0.010000 0.010000
0 0.100000 0.376302 0.010000 0.010000
0 0.900000 0.381185 0.010000 0.010000
0 0.572998 0.387695 0.010000 0.010000
0 0.673828 0.392904 0.010000 0.010000
0 0.122070 0.394531 0.010000 0.010000
0 0.100000 0.397135 0.010000 0.010000
0 0.745117 0.408854 0.010000 0.010000
0 0.639648 0.419596 0.010000 0.010000
0 0.810547 0.421549 0.010000 0.010000
0 0.129639 0.430339 0.010000 0.010000
0 0.238281 0.437500 0.010000 0.010000
0 0.301270 0.438151 0.010000 0.010000
0 0.461182 0.437174 0.010000 0.010000
0 0.100000 0.442708 0.010000 0.010000
0 0.100000 0.444661 0.010000 0.010000
0 0.100000 0.449544 0.010000 0.010000
0 0.211182 0.449544 0.010000 0.010000
0 0.253906 0.447591 0.010000 0.010000
0 0.792725 0.448893 0.010000 0.010000
0 0.784912 0.465820 0.010000 0.010000
0 0.800537 0.466146 0.010000 0.010417
0 0.205078 0.469076 0.010000 0.010000
0 0.750977 0.468424 0.010000 0.010000
0 0.781250 0.466146 0.010000 0.010000
0 0.768066 0.480794 0.010000 0.010000
0 0.623535 0.498372 0.011719 0.016276
0 0.121826 0.506510 0.010000 0.010000
0 0.615723 0.507161 0.010000 0.010000
0 0.900000 0.520182 0.010000 0.010000
0 0.388428 0.523763 0.010000 0.010000
0 0.770996 0.534505 0.017578 0.027344
0 0.900000 0.528646 0.010000 0.011719
0 0.683105 0.527344 0.010000 0.010000
0 0.688477 0.534180 0.010742 0.016276
0 0.765381 0.528320 0.010000 0.010000
0 0.678711 0.535482 0.010000 0.011068
0 0.618652 0.540365 0.010000 0.010000
0 0.804688 0.551432 0.010000 0.011719
0 0.582031 0.556966 0.010000 0.010000
0 0.100000 0.563151 0.010000 0.010000
0 0.183350 0.562500 0.010000 0.010000
0 0.324219 0.562174 0.010000 0.010000
0 0.498535 0.563151 0.010000 0.010000
0 0.372070 0.574870 0.010742 0.010000
0 0.306641 0.583008 0.010000 0.010000
0 0.381348 0.591797 0.010000 0.010000
0 0.900000 0.606445 0.010000 0.010000
0 0.857178 0.608724 0.010000 0.010000
0 0.492188 0.623047 0.012695 0.028646
0 0.851807 0.614909 0.010000 0.010000
0 0.849121 0.614583 0.010000 0.010000
0 0.733154 0.617188 0.010000 0.010000
0 0.437500 0.625000 0.010000 0.010000
0 0.358154 0.624349 0.010000 0.010000
0 0.100000 0.629557 0.010000 0.010000
0 0.225830 0.638672 0.031738 0.022135
0 0.709473 0.635742 0.010000 0.014974
0 0.733398 0.631510 0.010000 0.010000
0 0.741699 0.631185 0.010000 0.010000
0 0.897217 0.630208 0.010000 0.010000
0 0.900000 0.630534 0.010000 0.010000
0 0.707031 0.633138 0.010000 0.010000
0 0.737549 0.635742 0.010000 0.010000
0 0.452148 0.646484 0.023438 0.028646
0 0.703613 0.633464 0.010000 0.010000
0 0.214844 0.642578 0.010000 0.010000
0 0.854492 0.650391 0.010000 0.010000
0 0.163818 0.653646 0.010000 0.010000
0 0.165771 0.655924 0.010000 0.010000
0 0.100000 0.658529 0.010000 0.010000
0 0.297607 0.659505 0.010000 0.010000
0 0.155273 0.665365 0.010000 0.010000
0 0.100000 0.674154 0.010000 0.012370
0 0.160645 0.672526 0.010000 0.010000
0 0.165039 0.675781 0.011719 0.010417
0 0.758057 0.677083 0.010000 0.010000
0 0.100000 0.680013 0.010000 0.010000
0 0.100000 0.694336 0.010000 0.010000
0 0.100000 0.695638 0.010000 0.010000
0 0.100000 0.697917 0.010000 0.010000
0 0.100000 0.698242 0.010000 0.010000
0 0.259766 0.696289 0.010000 0.010000
0 0.900000 0.711263 0.010000 0.010000
0 0.689209 0.713216 0.010000 0.010000
0 0.247070 0.715169 0.010000 0.010000
0 0.100000 0.745443 0.014648 0.027344
0 0.702637 0.736328 0.010000 0.010000
0 0.100000 0.739583 0.010000 0.010000
0 0.252197 0.749349 0.010000 0.010417
0 0.900000 0.749023 0.010000 0.010000
0 0.100000 0.750651 0.010000 0.010000
0 0.257080 0.750977 0.010000 0.010000
0 0.509033 0.750326 0.010000 0.010000
0 0.364258 0.750651 0.010000 0.010000
0 0.100000 0.751628 0.010000 0.010000
0 0.900000 0.752930 0.010000 0.010000
0 0.900000 0.760417 0.010000 0.010000
0 0.100000 0.768880 0.010000 0.010000
0 0.100000 0.766927 0.010000 0.010000
0 0.100000 0.768880 0.010000 0.010000
0 0.875488 0.772461 0.010000 0.010000
0 0.683594 0.776042 0.010000 0.010000
0 0.100000 0.778646 0.010000 0.010000
0 0.373535 0.782878 0.010000 0.010000
0 0.900000 0.785807 0.010000 0.010000
0 0.900000 0.790039 0.010000 0.010000
0 0.421631 0.805013 0.010000 0.010000
0 0.178955 0.805013 0.010000 0.010000
0 0.900000 0.810872 0.010000 0.010000
0 0.203613 0.814453 0.010000 0.010000
0 0.191406 0.834310 0.010000 0.010000
0 0.652588 0.836263 0.010000 0.010000
0 0.269043 0.839844 0.010000 0.010000
0 0.143799 0.844076 0.010000 0.010000
0 0.222656 0.855469 0.010000 0.010000
0 0.733643 0.860026 0.010000 0.010000
0 0.702148 0.869141 0.010000 0.010000
0 0.682617 0.872396 0.010000 0.010000
0 0.900000 0.882161 0.010000 0.010000
0 0.577881 0.891276 0.010000 0.010000
0 0.100000 0.900000 0.011230 0.010000
0 0.629150 0.900000 0.010000 0.010000
0 0.100000 0.900000 0.010000 0.010000
0 0.237305 0.900000 0.010000 0.010000
0 0.417725 0.900000 0.010000 0.010000
0 0.572510 0.900000 0.010000 0.010000
0 0.818115 0.900000 0.010000 0.010000
0 0.677246 0.900000 0.010000 0.010000
0 0.748535 0.900000 0.010000 0.010000
0 0.575928 0.900000 0.010000 0.010000
0 0.833984 0.900000 0.010000 0.010000
0 0.100000 0.900000 0.010000 0.010000
0 0.832520 0.900000 0.010000 0.010000
0 0.100000 0.900000 0.010000 0.010000
0 0.857666 0.900000 0.010000 0.010000
