1 0.500000 0.500000 0.500000 0.500000
0 0.900000 0.100000 0.019043 0.010000
0 0.900000 0.100000 0.010000 0.010000
0 0.100000 0.100000 0.010000 0.010000
0 0.812256 0.100000 0.010000 0.010000
0 0.225586 0.100000 0.012695 0.023438
0 0.220703 0.100000 0.010000 0.010000
0 0.313477 0.100000 0.010000 0.010000
0 0.100000 0.100000 0.010000 0.010000
0 0.165771 0.100000 0.024902 0.028646
0 0.100000 0.100000 0.016602 0.045573
0 0.167236 0.100000 0.010000 0.010000
0 0.100000 0.100000 0.010000 0.010000
0 0.412109 0.100000 0.010000 0.010000
0 0.100000 0.100000 0.011230 0.010417
0 0.398926 0.100000 0.010000 0.010000
0 0.900000 0.100000 0.010000 0.032552
0 0.103516 0.100000 0.010000 0.010000
0 0.327637 0.100000 0.010000 0.010000
0 0.732910 0.100000 0.010000 0.011068
0 0.523926 0.100000 0.010000 0.010000
0 0.561768 0.100000 0.010000 0.011719
0 0.524902 0.100000 0.010000 0.010000
0 0.532959 0.100000 0.010000 0.010000
0 0.815430 0.100000 0.010000 0.010000
0 0.857178 0.100000 0.010000 0.010000
0 0.719482 0.100000 0.010000 0.010000
0 0.656250 0.100000 0.010742 0.010417
0 0.849365 0.100000 0.010000 0.010000
0 0.559326 0.100000 0.010000 0.010000
0 0.525879 0.100000 0.010000 0.010000
0 0.100000 0.110677 0.014648 0.014323
0 0.506836 0.106445 0.010000 0.010000
0 0.879150 0.111654 0.010000 0.010000
0 0.450928 0.115560 0.010000 0.010000
0 0.274658 0.121094 0.010000 0.010000
0 0.436523 0.123698 0.010000 0.014323
0 0.527344 0.120443 0.010000 0.010000
0 0.100000 0.130208 0.010000 0.010000
0 0.797119 0.134440 0.010000 0.010000
0 0.797119 0.137695 0.010000 0.010000
0 0.616455 0.138672 0.010000 0.010000
0 0.813965 0.137044 0.010000 0.010000
0 0.439697 0.139648 0.010000 0.010000
0 0.801514 0.140951 0.010000 0.010000
0 0.100000 0.147786 0.010000 0.014323
0 0.736572 0.141602 0.010000 0.010000
0 0.900000 0.148112 0.010000 0.010000
0 0.100000 0.159505 0.013672 0.015625
0 0.867676 0.154948 0.010000 0.010000
0 0.834473 0.157552 0.010000 0.010000
0 0.107666 0.162435 0.010000 0.010000
0 0.109863 0.158854 0.010000 0.010000
0 0.876221 0.164714 0.010000 0.010000
0 0.747803 0.167318 0.010000 0.010000
0 0.900000 0.165690 0.010000 0.010000
0 0.734863 0.172201 0.010000 0.010000
0 0.364746 0.178385 0.010000 0.010000
0 0.462646 0.188802 0.021973 0.022135
0 0.393066 0.179688 0.010000 0.010000
0 0.245117 0.181641 0.010000 0.010000
0 0.402832 0.181641 0.010000 0.010000
0 0.100000 0.186523 0.010000 0.010000
0 0.393311 0.188151 0.010000 0.010000
0 0.393311 0.189128 0.010000 0.010000
0 0.623779 0.206380 0.029785 0.039062
0 0.700439 0.194661 0.010000 0.010000
0 0.685303 0.196615 0.010000 0.010000
0 0.528076 0.200846 0.010000 0.010000
0 0.700439 0.198242 0.010000 0.010000
0 0.295898 0.197917 0.010000 0.010000
0 0.527832 0.199544 0.010000 0.010000
0 0.538086 0.201172 0.010000 0.010000
0 0.539795 0.203451 0.010000 0.010000
0 0.541504 0.203451 0.010000 0.010000
0 0.861328 0.201172 0.010000 0.010000
0 0.273193 0.205078 0.010000 0.010000
0 0.543457 0.203776 0.010000 0.010000
0 0.883057 0.206055 0.010000 0.010000
0 0.298340 0.206380 0.010000 0.010000
0 0.351318 0.205078 0.010000 0.010000
0 0.273193 0.208984 0.010000 0.010000
0 0.605469 0.211589 0.010000 0.010000
0 0.637207 0.211589 0.010000 0.010000
0 0.190674 0.219076 0.010000 0.012370
0 0.875732 0.213216 0.010000 0.010000
0 0.351074 0.215495 0.010000 0.010000
0 0.542236 0.216471 0.010000 0.010000
0 0.544678 0.220052 0.010000 0.010417
0 0.665771 0.217122 0.010000 0.010000
0 0.681152 0.218750 0.010000 0.010000
0 0.681885 0.219727 0.010000 0.010000
0 0.385986 0.223307 0.010000 0.010000
0 0.107422 0.224609 0.010000 0.010000
0 0.110107 0.223633 0.010000 0.010000
0 0.612305 0.226562 0.010000 0.010000
0 0.616455 0.228190 0.010000 0.010000
0 0.897217 0.226562 0.010000 0.010000
0 0.900000 0.227539 0.010000 0.010000
0 0.900000 0.230469 0.010000 0.010000
0 0.613037 0.233724 0.010000 0.010000
0 0.582031 0.234701 0.010000 0.010000
0 0.900000 0.234375 0.010000 0.010000
0 0.620605 0.239258 0.010000 0.010000
0 0.822266 0.239583 0.010000 0.010000
0 0.162109 0.241211 0.010000 0.010000
0 0.100000 0.246419 0.010000 0.012370
0 0.109619 0.241862 0.010000 0.010000
0 0.810547 0.243815 0.010000 0.010000
0 0.100000 0.246419 0.010000 0.010000
0 0.100000 0.243164 0.010000 0.010000
0 0.112793 0.243490 0.010000 0.010000
0 0.100000 0.252604 0.010000 0.010000
0 0.876465 0.254232 0.010000 0.010000
0 0.100000 0.259440 0.010000 0.012370
0 0.267090 0.254883 0.010000 0.010000
0 0.859619 0.253581 0.010000 0.010000
0 0.100000 0.256836 0.010000 0.010000
0 0.461914 0.258789 0.010000 0.010000
0 0.722412 0.260742 0.010000 0.010000
0 0.100000 0.272135 0.010000 0.010000
0 0.530029 0.276693 0.010000 0.010000
0 0.819092 0.279622 0.010000 0.010000
0 0.451172 0.284831 0.010000 0.010000
0 0.444824 0.288086 0.010742 0.013672
0 0.640137 0.288737 0.010000 0.010000
0 0.711426 0.305990 0.012695 0.015625
0 0.354980 0.301107 0.010000 0.010000
0 0.723389 0.302083 0.010000 0.010000
0 0.717773 0.305664 0.010000 0.010000
0 0.734375 0.304036 0.010000 0.010000
0 0.718750 0.305339 0.010000 0.010000
0 0.726318 0.307617 0.010000 0.010000
0 0.608398 0.308919 0.010000 0.010000
0 0.360840 0.313802 0.010000 0.010000
0 0.900000 0.325195 0.010000 0.010000
0 0.392578 0.339844 0.013672 0.022135
0 0.388672 0.331055 0.010000 0.010000
0 0.311523 0.334635 0.010000 0.010000
0 0.900000 0.339844 0.010000 0.010000
0 0.831543 0.342773 0.010000 0.010000
0 0.900000 0.345378 0.010000 0.010000
0 0.268799 0.348958 0.010000 0.010000
0 0.266846 0.349609 0.010000 0.010000
0 0.253174 0.352214 0.010000 0.010000
0 0.409180 0.351562 0.010000 0.010000
0 0.248779 0.355143 0.010000 0.010000
0 0.900000 0.353190 0.010000 0.010000
0 0.246338 0.354492 0.010000 0.010000
0 0.639160 0.364258 0.012695 0.022786
0 0.283691 0.356771 0.010000 0.010000
0 0.644775 0.356445 0.010000 0.010000
0 0.260498 0.364583 0.011230 0.010417
0 0.321533 0.364909 0.010000 0.010000
0 0.325195 0.363932 0.010000 0.010000
0 0.427979 0.363281 0.010000 0.010000
0 0.882080 0.371745 0.016113 0.015625
0 0.258789 0.369141 0.010000 0.010000
0 0.370605 0.368815 0.010000 0.010000
0 0.446289 0.375977 0.010000 0.010000
0 0.900000 0.379883 0.010000 0.010000
0 0.446045 0.381836 0.010000 0.010000
0 0.900000 0.379557 0.010000 0.010000
0 0.879395 0.382161 0.010000 0.010000
0 0.900000 0.385417 0.010000 0.010000
0 0.547852 0.406576 0.010000 0.011068
0 0.882324 0.404297 0.010000 0.010000
0 0.346680 0.413086 0.010000 0.010000
0 0.671875 0.413737 0.010000 0.010000
0 0.670166 0.418620 0.010000 0.010417
0 0.875244 0.416667 0.010000 0.010000
0 0.776855 0.417969 0.010000 0.010000
0 0.869629 0.418620 0.010000 0.010000
0 0.367432 0.419271 0.010000 0.010000
0 0.175049 0.426432 0.010000 0.010000
0 0.521240 0.428385 0.010000 0.010000
0 0.737549 0.431315 0.010000 0.010000
0 0.264648 0.442057 0.017578 0.023438
0 0.737305 0.431315 0.010000 0.010000
0 0.276855 0.431966 0.010000 0.010000
0 0.739746 0.438151 0.010000 0.013021
0 0.106934 0.438802 0.010000 0.010000
0 0.119873 0.438477 0.010000 0.010000
0 0.736084 0.440755 0.010000 0.010000
0 0.635498 0.451823 0.010000 0.010000
0 0.900000 0.454102 0.010000 0.010000
0 0.100000 0.458333 0.010000 0.010000
0 0.776367 0.459961 0.010000 0.010000
0 0.826172 0.462891 0.010000 0.010000
0 0.590820 0.471354 0.015625 0.019531
0 0.878174 0.469076 0.010000 0.011068
0 0.900000 0.465169 0.010000 0.010000
0 0.900000 0.468750 0.010000 0.010000
0 0.264893 0.467448 0.010000 0.010000
0 0.900000 0.467448 0.010000 0.010000
0 0.209961 0.469401 0.010000 0.010000
0 0.423584 0.469401 0.010000 0.010000
0 0.108887 0.474284 0.010000 0.010000
0 0.100000 0.474935 0.010000 0.010000
0 0.771484 0.475260 0.010000 0.010000
0 0.584229 0.479167 0.010000 0.010000
0 0.182861 0.482422 0.010000 0.010000
0 0.100000 0.486003 0.010000 0.010000
0 0.100000 0.505208 0.016113 0.024740
0 0.185303 0.501628 0.010000 0.010000
0 0.897461 0.504232 0.010000 0.010000
0 0.100000 0.505208 0.010000 0.010000
0 0.584961 0.505859 0.010000 0.010000
0 0.699219 0.513021 0.010000 0.010000
0 0.456299 0.520833 0.016113 0.018229
0 0.854248 0.513997 0.010000 0.010000
0 0.100000 0.526693 0.021484 0.023438
0 0.100000 0.514974 0.010000 0.010000
0 0.451416 0.517253 0.010000 0.010000
0 0.864258 0.529622 0.010000 0.010000
0 0.445068 0.527669 0.010000 0.010000
0 0.868896 0.526693 0.010000 0.010000
0 0.866699 0.530599 0.010000 0.010000
0 0.862549 0.530599 0.010000 0.010000
0 0.447266 0.536458 0.010000 0.010000
0 0.852295 0.533529 0.010000 0.010000
0 0.811768 0.537435 0.010000 0.010000
0 0.583008 0.538737 0.010000 0.010000
0 0.580566 0.542643 0.010000 0.010000
0 0.237061 0.545247 0.010000 0.010000
0 0.871338 0.546224 0.010000 0.010000
0 0.347168 0.548828 0.010000 0.010000
0 0.347900 0.550130 0.010000 0.010000
0 0.149414 0.550130 0.010000 0.010000
0 0.508789 0.563802 0.016602 0.015625
0 0.518066 0.561523 0.010000 0.010000
0 0.129395 0.570638 0.010000 0.010000
0 0.406494 0.569987 0.010000 0.010000
0 0.641357 0.571289 0.010000 0.010000
0 0.478027 0.572917 0.010000 0.010000
0 0.473145 0.575846 0.010000 0.010000
0 0.839355 0.577474 0.010000 0.010000
0 0.440430 0.581706 0.010000 0.010000
0 0.456543 0.585938 0.013672 0.014323
0 0.468262 0.582031 0.010000 0.010000
0 0.753174 0.580078 0.010000 0.010000
0 0.376465 0.588216 0.010000 0.010000
0 0.337158 0.591797 0.010000 0.010000
0 0.354004 0.594076 0.010000 0.010000
0 0.357178 0.594076 0.010000 0.010000
0 0.100000 0.598307 0.010000 0.010000
0 0.100000 0.601888 0.010000 0.010000
0 0.326172 0.608073 0.010000 0.014323
0 0.592773 0.603190 0.010000 0.010000
0 0.100000 0.612305 0.010000 0.010000
0 0.712891 0.613932 0.010000 0.011719
0 0.900000 0.611003 0.010000 0.010000
0 0.378662 0.614909 0.010000 0.010000
0 0.100000 0.626302 0.015625 0.024740
0 0.184082 0.615560 0.010000 0.010000
0 0.102295 0.616211 0.010000 0.010000
0 0.228271 0.620768 0.010000 0.010000
0 0.702881 0.621094 0.010000 0.010000
0 0.159668 0.628581 0.010742 0.014974
0 0.865967 0.624349 0.010000 0.010000
0 0.574951 0.625326 0.010000 0.010000
0 0.100000 0.630534 0.010000 0.010000
0 0.900000 0.633789 0.010000 0.010000
0 0.900000 0.652669 0.010000 0.041016
0 0.900000 0.637044 0.010000 0.010000
0 0.481689 0.635742 0.010000 0.010000
0 0.900000 0.637695 0.010000 0.010000
0 0.100000 0.636719 0.010000 0.010000
0 0.100000 0.637044 0.010000 0.010000
0 0.100000 0.641602 0.010000 0.010000
0 0.900000 0.641602 0.010000 0.010000
0 0.346680 0.642253 0.010000 0.010000
0 0.900000 0.644857 0.010000 0.010000
0 0.343994 0.648763 0.010000 0.011068
0 0.100000 0.655273 0.010000 0.010000
0 0.100000 0.656250 0.010000 0.010000
0 0.832031 0.659180 0.010000 0.010000
0 0.683838 0.659831 0.010000 0.010000
0 0.900000 0.660482 0.010000 0.010000
0 0.762939 0.667969 0.010000 0.010000
0 0.433105 0.678060 0.010742 0.024089
0 0.840088 0.674805 0.010000 0.010000
0 0.900000 0.676432 0.010000 0.010000
0 0.279541 0.680339 0.010000 0.010000
0 0.368164 0.678711 0.010000 0.010000
0 0.457520 0.682617 0.010000 0.010000
0 0.862305 0.679688 0.010000 0.010000
0 0.900000 0.682943 0.010000 0.010000
0 0.900000 0.691732 0.010000 0.010000
0 0.209229 0.693034 0.010000 0.010000
0 0.748291 0.693685 0.010000 0.010000
0 0.835938 0.696940 0.010000 0.010000
0 0.216553 0.701823 0.010000 0.010000
0 0.859863 0.712565 0.010742 0.014974
0 0.900000 0.707031 0.010000 0.010000
0 0.752441 0.725260 0.010000 0.010000
0 0.750488 0.727214 0.010000 0.010000
0 0.900000 0.726888 0.010000 0.010000
0 0.819092 0.738607 0.010000 0.010000
0 0.135254 0.740234 0.010000 0.010000
0 0.519531 0.747070 0.010000 0.010000
0 0.150635 0.747721 0.010000 0.010000
0 0.163330 0.755859 0.012207 0.020833
0 0.155762 0.747721 0.010000 0.010000
0 0.147705 0.748698 0.010000 0.010000
0 0.156982 0.749023 0.010000 0.010000
0 0.673584 0.749674 0.010000 0.010000
0 0.147705 0.761719 0.010000 0.010417
0 0.144775 0.761719 0.010000 0.010000
0 0.520752 0.763997 0.014160 0.012370
0 0.100000 0.762695 0.010000 0.010000
0 0.473633 0.764648 0.010000 0.010000
0 0.522949 0.765951 0.010000 0.010000
0 0.100000 0.765951 0.010000 0.010000
0 0.103516 0.766276 0.010000 0.010000
0 0.245361 0.766602 0.010000 0.010000
0 0.349365 0.794271 0.042480 0.058594
0 0.647705 0.765299 0.010000 0.010000
0 0.421387 0.767904 0.010000 0.010000
0 0.473633 0.768880 0.010000 0.010000
0 0.750977 0.769531 0.010000 0.010000
0 0.208496 0.770833 0.010000 0.010000
0 0.900000 0.773112 0.010000 0.010000
0 0.254639 0.777995 0.010000 0.010417
0 0.408203 0.776042 0.010000 0.010000
0 0.900000 0.777018 0.010000 0.010000
0 0.207764 0.781576 0.010000 0.010000
0 0.253418 0.781576 0.010000 0.010000
0 0.221680 0.784505 0.010000 0.010000
0 0.201416 0.787435 0.010000 0.010000
0 0.215576 0.790039 0.010000 0.010000
0 0.249512 0.796224 0.010000 0.010000
0 0.692383 0.796875 0.010000 0.010000
0 0.693359 0.799479 0.010000 0.010000
0 0.898193 0.799805 0.010000 0.010000
0 0.695557 0.802083 0.010000 0.010000
0 0.244629 0.803385 0.010000 0.010000
0 0.100000 0.825195 0.012207 0.017578
0 0.646240 0.824219 0.010000 0.010000
0 0.535156 0.826823 0.010000 0.010000
0 0.462646 0.829753 0.010000 0.010000
0 0.787842 0.830404 0.010000 0.010000
0 0.426025 0.833659 0.010000 0.010000
0 0.900000 0.833984 0.010000 0.010000
0 0.900000 0.833333 0.010000 0.010000
0 0.423584 0.836589 0.010000 0.010000
0 0.427734 0.835938 0.010000 0.010000
0 0.506348 0.846029 0.010000 0.010000
0 0.894531 0.849609 0.010000 0.010000
0 0.570801 0.852865 0.010000 0.010000
0 0.584473 0.852865 0.010000 0.010000
0 0.621338 0.859701 0.013184 0.016276
0 0.466064 0.856771 0.010000 0.010000
0 0.674561 0.855469 0.010000 0.010000
0 0.404053 0.860677 0.010000 0.010000
0 0.413086 0.869792 0.010000 0.010000
0 0.400635 0.872396 0.010000 0.010000
0 0.399414 0.872070 0.010000 0.010000
0 0.340332 0.876302 0.010000 0.010000
0 0.355469 0.878255 0.010000 0.010000
0 0.805176 0.876953 0.010000 0.010000
0 0.400146 0.877604 0.010000 0.010000
0 0.409424 0.893880 0.025879 0.029948
0 0.868164 0.882812 0.010000 0.010000
0 0.100000 0.886068 0.010000 0.010000
0 0.712891 0.884440 0.010000 0.010000
0 0.100000 0.886719 0.010000 0.010000
0 0.194824 0.886068 0.010000 0.010000
0 0.335205 0.890951 0.010000 0.010000
0 0.125244 0.893229 0.010000 0.010000
0 0.418213 0.896484 0.010000 0.010000
0 0.121826 0.897786 0.010000 0.010000
0 0.100000 0.900000 0.010000 0.010000
0 0.424561 0.900000 0.010000 0.010000
0 0.136719 0.900000 0.010000 0.010000
0 0.900000 0.900000 0.010000 0.010000
0 0.355713 0.900000 0.010000 0.010000
0 0.302246 0.900000 0.013672 0.020833
0 0.288574 0.900000 0.010742 0.017578
0 0.761719 0.900000 0.010000 0.010000
0 0.673096 0.900000 0.010000 0.010000
0 0.329590 0.900000 0.010000 0.010000
0 0.290039 0.900000 0.010000 0.010000
0 0.357422 0.900000 0.010000 0.010000
0 0.100000 0.900000 0.010000 0.010000
0 0.132812 0.900000 0.010000 0.010000
0 0.198242 0.900000 0.010000 0.010000
0 0.341553 0.900000 0.010000 0.010000
0 0.230225 0.900000 0.010000 0.010000
0 0.708252 0.900000 0.010000 0.010000
0 0.229980 0.900000 0.010000 0.010000
0 0.139404 0.900000 0.010000 0.010000
0 0.900000 0.900000 0.010000 0.010000
0 0.105957 0.900000 0.010000 0.010000
0 0.745605 0.900000 0.010000 0.010000
0 0.900000 0.900000 0.010000 0.010000
0 0.413574 0.900000 0.010000 0.010000
0 0.235840 0.900000 0.010000 0.010000
0 0.100000 0.900000 0.010000 0.010000
0 0.644775 0.900000 0.010000 0.010000
0 0.326172 0.900000 0.010000 0.010000
0 0.549316 0.900000 0.010000 0.010000
0 0.166992 0.900000 0.010000 0.010000
0 0.520264 0.900000 0.010000 0.010000
0 0.135498 0.900000 0.010000 0.010000
0 0.192871 0.900000 0.010000 0.010000
0 0.552002 0.900000 0.010000 0.010000
0 0.708252 0.900000 0.010000 0.010000
0 0.100000 0.900000 0.010000 0.010000
0 0.100000 0.900000 0.010000 0.010000
0 0.739014 0.900000 0.013184 0.010000
0 0.208984 0.900000 0.010000 0.010000
0 0.354492 0.900000 0.010000 0.010000
0 0.226562 0.900000 0.010000 0.010000
