1 0.500000 0.500000 0.500000 0.500000
0 0.461670 0.100000 0.010000 0.010000
0 0.900000 0.100000 0.010000 0.010000
0 0.392578 0.100000 0.010000 0.010000
0 0.563965 0.100000 0.010000 0.010000
0 0.100000 0.100000 0.010000 0.010000
0 0.274170 0.100000 0.010000 0.010000
0 0.422607 0.100000 0.010000 0.010000
0 0.100000 0.100000 0.010000 0.010000
0 0.586182 0.100000 0.010000 0.010000
0 0.651123 0.100000 0.010000 0.010000
0 0.313721 0.100000 0.010000 0.010000
0 0.512695 0.100000 0.010000 0.010000
0 0.109863 0.100000 0.010000 0.010000
0 0.158447 0.100000 0.010000 0.010000
0 0.139160 0.100000 0.010000 0.010000
0 0.100000 0.100000 0.010000 0.010000
0 0.181396 0.100000 0.010000 0.010000
0 0.100000 0.100000 0.010000 0.010000
0 0.535645 0.100000 0.010000 0.010000
0 0.683350 0.100000 0.018066 0.029297
0 0.897217 0.100000 0.010000 0.010000
0 0.100000 0.100000 0.010000 0.010000
0 0.900000 0.100000 0.010000 0.010000
0 0.677246 0.100000 0.010000 0.010000
0 0.674805 0.100000 0.010000 0.010000
0 0.134277 0.100000 0.010000 0.010417
0 0.171143 0.100000 0.010000 0.010000
0 0.582031 0.100000 0.010742 0.010000
0 0.111816 0.108724 0.010000 0.010000
0 0.322998 0.111328 0.010000 0.010000
0 0.713867 0.127279 0.024414 0.034505
0 0.541992 0.113932 0.010000 0.010000
0 0.762695 0.116211 0.010000 0.010000
0 0.416504 0.123047 0.010000 0.010000
0 0.100000 0.127604 0.010000 0.010000
0 0.900000 0.127604 0.010000 0.010000
0 0.428711 0.131185 0.010000 0.010000
0 0.652588 0.133789 0.010000 0.010000
0 0.104248 0.134115 0.010000 0.010000
0 0.265381 0.136393 0.010000 0.010000
0 0.177002 0.139323 0.010000 0.010000
0 0.829590 0.137044 0.010000 0.010000
0 0.412842 0.139648 0.010000 0.010000
0 0.341553 0.141276 0.010000 0.010000
0 0.442627 0.141276 0.010000 0.010000
0 0.398682 0.142904 0.010000 0.010000
0 0.437744 0.145833 0.010000 0.010000
0 0.590576 0.146810 0.010000 0.010000
0 0.706299 0.150716 0.010254 0.012370
0 0.398193 0.151042 0.010000 0.010000
0 0.883057 0.150716 0.010000 0.010000
0 0.503906 0.156576 0.010000 0.010000
0 0.706055 0.155924 0.010000 0.010000
0 0.539551 0.164714 0.010000 0.010000
0 0.900000 0.170573 0.010000 0.010000
0 0.152344 0.174154 0.010000 0.010000
0 0.105469 0.176758 0.010000 0.010000
0 0.484619 0.173503 0.010000 0.010000
0 0.900000 0.190104 0.010000 0.010000
0 0.202881 0.196615 0.010000 0.010000
0 0.391357 0.199219 0.010000 0.010000
0 0.489014 0.204427 0.010000 0.010000
0 0.100000 0.210286 0.010000 0.010000
0 0.808838 0.211914 0.010000 0.010000
0 0.596436 0.215820 0.010000 0.010000
0 0.453857 0.222005 0.010000 0.010000
0 0.335205 0.227539 0.010000 0.010000
0 0.100000 0.231771 0.015137 0.010000
0 0.659912 0.233073 0.010000 0.010000
0 0.104004 0.240234 0.010000 0.010000
0 0.416504 0.249674 0.010000 0.010000
0 0.513184 0.260091 0.010000 0.010000
0 0.655029 0.258789 0.010000 0.010000
0 0.123047 0.268229 0.010000 0.015625
0 0.900000 0.264974 0.010000 0.010000
0 0.303223 0.264974 0.010000 0.010000
0 0.676758 0.267578 0.010000 0.010000
0 0.100000 0.268880 0.010000 0.010000
0 0.128662 0.270833 0.010000 0.010000
0 0.570312 0.276693 0.010000 0.010000
0 0.900000 0.276367 0.010000 0.010000
0 0.766846 0.280924 0.010000 0.010000
0 0.290039 0.287435 0.010000 0.010000
0 0.405273 0.288086 0.010000 0.010000
0 0.100000 0.296875 0.010000 0.010000
0 0.323975 0.294596 0.010000 0.010000
0 0.430420 0.300130 0.010000 0.010000
0 0.660645 0.312826 0.010000 0.010000
0 0.178223 0.319661 0.010000 0.010000
0 0.900000 0.322266 0.010000 0.010000
0 0.900000 0.330729 0.010000 0.010000
0 0.274902 0.340495 0.010000 0.010000
0 0.601074 0.345052 0.010000 0.010000
0 0.862549 0.352539 0.010000 0.010000
0 0.230469 0.359049 0.010000 0.010000
0 0.228027 0.362630 0.010000 0.010000
0 0.335205 0.369466 0.010000 0.010000
0 0.100000 0.380208 0.010000 0.010000
0 0.301758 0.383138 0.010742 0.010000
0 0.301514 0.380208 0.010000 0.010000
0 0.804932 0.383789 0.010000 0.010000
0 0.272217 0.385091 0.010000 0.010000
0 0.404785 0.385742 0.010000 0.010000
0 0.644043 0.385742 0.010000 0.010000
0 0.301270 0.388672 0.010000 0.010000
0 0.289551 0.389648 0.010000 0.010000
0 0.291748 0.392253 0.010000 0.010000
0 0.876953 0.393555 0.010000 0.010000
0 0.303711 0.391602 0.010000 0.010000
0 0.290039 0.395508 0.010000 0.010000
0 0.306641 0.397461 0.010000 0.010000
0 0.267578 0.400065 0.010000 0.010000
0 0.112061 0.402995 0.010000 0.010000
0 0.900000 0.411133 0.010000 0.010000
0 0.600098 0.415039 0.010000 0.010000
0 0.233154 0.416341 0.010000 0.010000
0 0.166992 0.416016 0.010000 0.010000
0 0.900000 0.422526 0.010000 0.010000
0 0.350342 0.424154 0.010000 0.010000
0 0.669678 0.429362 0.010000 0.010000
0 0.381348 0.432617 0.010000 0.010000
0 0.346924 0.436849 0.010000 0.010000
0 0.417480 0.437174 0.010000 0.010000
0 0.900000 0.440104 0.010000 0.010000
0 0.100000 0.439453 0.010000 0.010000
0 0.343750 0.439779 0.010000 0.010000
0 0.124512 0.444336 0.010000 0.010000
0 0.554932 0.446940 0.010000 0.010000
0 0.275391 0.448242 0.010000 0.010000
0 0.186768 0.453125 0.010000 0.010000
0 0.404785 0.454427 0.010000 0.010000
0 0.406494 0.453125 0.010000 0.010000
0 0.403564 0.455078 0.010000 0.010000
0 0.100098 0.462240 0.010000 0.010000
0 0.416748 0.463867 0.010000 0.010000
0 0.583984 0.465495 0.010000 0.010000
0 0.373291 0.471680 0.010000 0.010000
0 0.433838 0.474609 0.010000 0.010000
0 0.639160 0.482422 0.010000 0.010000
0 0.125732 0.485026 0.010000 0.010000
0 0.100000 0.496745 0.010000 0.010000
0 0.449951 0.499674 0.011230 0.010000
0 0.611084 0.506510 0.010000 0.010000
0 0.488770 0.506836 0.010000 0.010000
0 0.551025 0.516602 0.014160 0.011068
0 0.571045 0.526042 0.025879 0.027344
0 0.739990 0.520508 0.010000 0.010000
0 0.262695 0.531576 0.010000 0.010000
0 0.542480 0.531250 0.010000 0.010000
0 0.187256 0.534831 0.010000 0.010000
0 0.400879 0.536133 0.010000 0.010000
0 0.583984 0.536133 0.010000 0.010000
0 0.307373 0.541016 0.010000 0.010000
0 0.537354 0.540365 0.010000 0.010000
0 0.765137 0.541016 0.010000 0.010000
0 0.575439 0.544271 0.010000 0.010000
0 0.505859 0.552409 0.010000 0.010000
0 0.657227 0.561523 0.010000 0.012370
0 0.900000 0.560547 0.010000 0.010000
0 0.315918 0.568034 0.010000 0.010000
0 0.178955 0.574219 0.010000 0.010000
0 0.318848 0.576497 0.010000 0.010000
0 0.844727 0.574544 0.010000 0.010000
0 0.321045 0.576497 0.010000 0.010000
0 0.246094 0.579102 0.010000 0.010000
0 0.321777 0.577148 0.010000 0.010000
0 0.323242 0.585286 0.010000 0.010000
0 0.656494 0.584635 0.010000 0.010000
0 0.900000 0.587891 0.010000 0.010000
0 0.160400 0.590169 0.010000 0.010000
0 0.547607 0.590820 0.010000 0.010000
0 0.108154 0.596029 0.010000 0.010000
0 0.725342 0.602214 0.010000 0.010000
0 0.703369 0.604818 0.012207 0.011719
0 0.709717 0.601562 0.010000 0.010000
0 0.721680 0.601562 0.010000 0.010000
0 0.723145 0.602214 0.010000 0.010000
0 0.103027 0.601888 0.010000 0.010000
0 0.123047 0.605794 0.010000 0.010000
0 0.713379 0.616862 0.017578 0.016276
0 0.235352 0.611328 0.010000 0.010000
0 0.365234 0.615560 0.010000 0.010000
0 0.749268 0.616211 0.010000 0.010000
0 0.411377 0.622721 0.010000 0.010000
0 0.790527 0.635091 0.010000 0.010000
0 0.668213 0.636719 0.010000 0.010000
0 0.796631 0.636393 0.010000 0.010000
0 0.561523 0.644531 0.010000 0.010000
0 0.790039 0.658529 0.013672 0.020182
0 0.762695 0.653320 0.010000 0.010000
0 0.779785 0.654948 0.010000 0.010000
0 0.122314 0.658529 0.010000 0.010000
0 0.636719 0.655924 0.010000 0.010000
0 0.100000 0.656901 0.010000 0.010000
0 0.780029 0.656576 0.010000 0.010000
0 0.823486 0.656576 0.010000 0.010000
0 0.680664 0.665365 0.010000 0.010000
0 0.212891 0.667643 0.010000 0.010000
0 0.443604 0.673177 0.010000 0.010000
0 0.150879 0.677409 0.010000 0.010000
0 0.232422 0.680664 0.010000 0.010000
0 0.616943 0.688477 0.010000 0.010000
0 0.326416 0.693034 0.010000 0.010000
0 0.503906 0.693359 0.010000 0.010000
0 0.410400 0.695964 0.010000 0.010000
0 0.825684 0.698568 0.010000 0.010417
0 0.832031 0.700195 0.010000 0.011068
0 0.719482 0.702474 0.010000 0.010000
0 0.833740 0.703776 0.010000 0.010000
0 0.641113 0.707682 0.010000 0.010000
0 0.704102 0.708984 0.010000 0.010000
0 0.900000 0.717773 0.010000 0.010000
0 0.900000 0.716797 0.010000 0.010000
0 0.881348 0.721680 0.010000 0.010000
0 0.888672 0.724284 0.010000 0.010000
0 0.900000 0.721680 0.010000 0.010000
0 0.583252 0.721029 0.010000 0.010000
0 0.885742 0.723307 0.010000 0.010000
0 0.325195 0.723958 0.010000 0.010000
0 0.518799 0.723307 0.010000 0.010000
0 0.892822 0.722656 0.010000 0.010000
0 0.203613 0.728841 0.010000 0.010000
0 0.537109 0.732422 0.010000 0.010000
0 0.890381 0.730469 0.010000 0.010000
0 0.900000 0.734049 0.010000 0.010000
0 0.900000 0.732422 0.010000 0.010000
0 0.147705 0.738281 0.010000 0.010000
0 0.100000 0.738607 0.010000 0.010000
0 0.900000 0.739258 0.010000 0.010000
0 0.900000 0.740234 0.010000 0.010000
0 0.896729 0.742513 0.010000 0.010000
0 0.100000 0.745443 0.010000 0.010000
0 0.163818 0.746419 0.010000 0.010000
0 0.897217 0.745768 0.010000 0.010000
0 0.268066 0.748047 0.010000 0.010000
0 0.899170 0.748047 0.010000 0.010000
0 0.899902 0.750326 0.010000 0.010000
0 0.894775 0.749674 0.010000 0.010000
0 0.234375 0.753581 0.010000 0.010000
0 0.486084 0.753906 0.010000 0.010000
0 0.893799 0.756510 0.010000 0.010000
0 0.668457 0.757161 0.010000 0.010000
0 0.900000 0.759115 0.010000 0.010000
0 0.900000 0.762044 0.010000 0.010000
0 0.900000 0.765951 0.010000 0.010000
0 0.302002 0.771484 0.010000 0.010000
0 0.100000 0.770833 0.010000 0.010000
0 0.900000 0.774089 0.010000 0.010000
0 0.872314 0.780273 0.010000 0.010000
0 0.900000 0.783203 0.010000 0.010000
0 0.469727 0.788086 0.010000 0.010000
0 0.884521 0.798503 0.010000 0.010000
0 0.100000 0.801107 0.010000 0.010000
0 0.680664 0.802409 0.010000 0.010000
0 0.312256 0.814779 0.010000 0.010000
0 0.724365 0.821615 0.010000 0.010000
0 0.343018 0.834635 0.010000 0.010000
0 0.493652 0.834310 0.010000 0.010000
0 0.373535 0.832682 0.010000 0.010000
0 0.601807 0.834310 0.010000 0.010000
0 0.142090 0.838542 0.010000 0.010000
0 0.264404 0.837891 0.010000 0.010000
0 0.883789 0.837240 0.010000 0.010000
0 0.142090 0.838542 0.010000 0.010000
0 0.900000 0.837891 0.010000 0.010000
0 0.626709 0.842122 0.010000 0.010000
0 0.379639 0.844076 0.010000 0.010000
0 0.100000 0.846680 0.010000 0.010000
0 0.384033 0.844727 0.010000 0.010000
0 0.697510 0.849284 0.010000 0.010000
0 0.504883 0.855469 0.010000 0.010000
0 0.158936 0.861979 0.010000 0.010000
0 0.344238 0.863932 0.010000 0.010000
0 0.666016 0.868164 0.010000 0.010000
0 0.416992 0.869792 0.010000 0.010000
0 0.100000 0.870117 0.010000 0.010000
0 0.211426 0.870768 0.010000 0.010000
0 0.416748 0.872070 0.010000 0.010000
0 0.739258 0.875000 0.010000 0.010000
0 0.192139 0.876953 0.010000 0.010000
0 0.900000 0.878255 0.010000 0.010000
0 0.100000 0.879883 0.010000 0.010000
0 0.384766 0.882812 0.010000 0.010000
0 0.495605 0.884440 0.010000 0.010000
0 0.647949 0.884115 0.010000 0.010000
0 0.420898 0.888997 0.010000 0.010000
0 0.100000 0.889974 0.010000 0.010000
0 0.788086 0.889648 0.010000 0.010000
0 0.153076 0.889648 0.010000 0.010000
0 0.378906 0.889648 0.010000 0.010000
0 0.898438 0.891276 0.010000 0.010000
0 0.510986 0.892578 0.010000 0.010000
0 0.859619 0.900000 0.010000 0.010000
0 0.537842 0.900000 0.010000 0.010000
0 0.712158 0.900000 0.010000 0.010000
0 0.100000 0.900000 0.010000 0.010000
0 0.470215 0.900000 0.010000 0.010000
0 0.227051 0.900000 0.010000 0.010000
0 0.518066 0.900000 0.010000 0.010000
0 0.668945 0.900000 0.010000 0.010000
0 0.495605 0.900000 0.010000 0.010000
0 0.429688 0.900000 0.010000 0.010000
0 0.683838 0.900000 0.010000 0.010000
0 0.789307 0.900000 0.010000 0.010000
0 0.166992 0.900000 0.010000 0.010000
0 0.100000 0.900000 0.010000 0.010000
0 0.437988 0.900000 0.010000 0.010000
0 0.312988 0.900000 0.010000 0.010000
0 0.900000 0.900000 0.010000 0.010000
0 0.542236 0.900000 0.010000 0.010000
0 0.333496 0.900000 0.010000 0.010000
0 0.705811 0.900000 0.010000 0.010000
0 0.461670 0.900000 0.010000 0.010000
0 0.900000 0.900000 0.010000 0.010000
0 0.512207 0.900000 0.010000 0.010000
0 0.100000 0.900000 0.010000 0.010000
0 0.518311 0.900000 0.010000 0.010000
0 0.197266 0.900000 0.010000 0.010000
0 0.217285 0.900000 0.010000 0.010000
0 0.703125 0.900000 0.010000 0.010000
0 0.434082 0.900000 0.010000 0.010000
0 0.478271 0.900000 0.010000 0.010000
