1 0.500000 0.500000 0.500000 0.500000
0 0.315674 0.100000 0.010000 0.010000
0 0.364502 0.100000 0.012207 0.010000
0 0.464355 0.100000 0.010000 0.010000
0 0.478516 0.100000 0.010000 0.010000
0 0.482422 0.100000 0.010000 0.010000
0 0.488525 0.100000 0.014160 0.010000
0 0.500977 0.100000 0.010000 0.010000
0 0.554443 0.100000 0.010000 0.010000
0 0.556396 0.100000 0.010000 0.010000
0 0.829834 0.100000 0.010000 0.010000
0 0.900000 0.100000 0.010000 0.010000
0 0.464844 0.100000 0.010000 0.010000
0 0.476318 0.100000 0.010000 0.010000
0 0.460449 0.100000 0.010000 0.010000
0 0.493164 0.100000 0.010000 0.010000
0 0.100000 0.100000 0.010000 0.010000
0 0.778809 0.100000 0.010000 0.010000
0 0.167480 0.100000 0.010000 0.010000
0 0.702637 0.100000 0.010000 0.010000
0 0.326416 0.100000 0.010000 0.010000
0 0.570312 0.100000 0.010000 0.010000
0 0.509766 0.100000 0.010000 0.010000
0 0.171631 0.100000 0.010000 0.010000
0 0.418213 0.100000 0.010000 0.010000
0 0.900000 0.100000 0.010000 0.010000
0 0.249023 0.100000 0.010000 0.010000
0 0.614746 0.100000 0.022461 0.016276
0 0.292480 0.100000 0.010000 0.010000
0 0.601318 0.107422 0.024902 0.028646
0 0.224365 0.100000 0.010000 0.010000
0 0.135498 0.105143 0.010000 0.010000
0 0.444336 0.113281 0.010000 0.010000
0 0.611572 0.113607 0.010000 0.010000
0 0.725342 0.117513 0.010000 0.010000
0 0.900000 0.117839 0.010000 0.010000
0 0.674316 0.125000 0.010000 0.010000
0 0.772705 0.122721 0.010000 0.010000
0 0.679688 0.125651 0.010000 0.010000
0 0.896973 0.124674 0.010000 0.010000
0 0.677979 0.126953 0.010000 0.010000
0 0.900000 0.126953 0.010000 0.010000
0 0.100000 0.142253 0.010000 0.010000
0 0.179688 0.147786 0.010000 0.010000
0 0.900000 0.157878 0.017090 0.010000
0 0.900000 0.156901 0.010000 0.010000
0 0.325928 0.165039 0.010000 0.010000
0 0.286133 0.179036 0.010000 0.010000
0 0.267822 0.183268 0.010000 0.010000
0 0.163330 0.185872 0.010000 0.010000
0 0.149414 0.192057 0.010000 0.010000
0 0.900000 0.191081 0.010000 0.010000
0 0.355225 0.199544 0.010000 0.010000
0 0.195557 0.201172 0.010000 0.010000
0 0.349609 0.201172 0.010000 0.010000
0 0.900000 0.204102 0.010000 0.010000
0 0.479980 0.204102 0.010000 0.010000
0 0.546875 0.216797 0.010000 0.010000
0 0.338867 0.220052 0.010000 0.010000
0 0.625977 0.223958 0.010000 0.010000
0 0.165283 0.225911 0.010000 0.010000
0 0.569336 0.230143 0.010000 0.010000
0 0.900000 0.234375 0.010000 0.010000
0 0.299561 0.240560 0.010000 0.010000
0 0.358887 0.248372 0.010000 0.010000
0 0.836426 0.259115 0.010000 0.010000
0 0.703369 0.267578 0.010000 0.010000
0 0.900000 0.270182 0.010000 0.010000
0 0.751465 0.270508 0.010000 0.010000
0 0.176758 0.276693 0.010000 0.010000
0 0.294678 0.285807 0.010000 0.010000
0 0.900000 0.294271 0.010000 0.010000
0 0.349365 0.302083 0.010000 0.010000
0 0.351562 0.303385 0.010000 0.010000
0 0.135742 0.310872 0.010000 0.010000
0 0.410400 0.311198 0.010000 0.010000
0 0.811768 0.339844 0.041504 0.050781
0 0.400635 0.326497 0.020996 0.014974
0 0.458984 0.325846 0.010000 0.010000
0 0.825928 0.328776 0.010000 0.010000
0 0.100000 0.332031 0.010000 0.010000
0 0.826416 0.332682 0.010000 0.010000
0 0.100000 0.336589 0.010000 0.010000
0 0.100000 0.337891 0.010000 0.010000
0 0.133789 0.338867 0.010000 0.010000
0 0.532959 0.337891 0.010000 0.010000
0 0.100000 0.343099 0.010000 0.010000
0 0.895996 0.341797 0.010000 0.010000
0 0.176025 0.342773 0.010000 0.010000
0 0.183105 0.347982 0.015625 0.012370
0 0.616455 0.344727 0.010000 0.010000
0 0.715576 0.350586 0.014160 0.010000
0 0.701172 0.352539 0.010000 0.010000
0 0.707520 0.353190 0.010000 0.010000
0 0.871582 0.352539 0.010000 0.010000
0 0.298584 0.353516 0.010000 0.010000
0 0.900000 0.353841 0.010000 0.010000
0 0.720703 0.356445 0.010000 0.010000
0 0.100000 0.363607 0.010000 0.010000
0 0.603027 0.377604 0.028320 0.031250
0 0.329102 0.366211 0.010000 0.010000
0 0.588135 0.376302 0.010000 0.010000
0 0.100000 0.378255 0.010000 0.010000
0 0.100000 0.382812 0.010742 0.010000
0 0.506836 0.378906 0.010000 0.010000
0 0.100000 0.380859 0.010000 0.010000
0 0.100000 0.388021 0.010000 0.010000
0 0.100000 0.392253 0.010000 0.010000
0 0.365234 0.398763 0.010000 0.016276
0 0.100000 0.392904 0.010000 0.010000
0 0.466064 0.395182 0.010000 0.010000
0 0.377197 0.403646 0.015137 0.010000
0 0.727539 0.403646 0.010000 0.010000
0 0.900000 0.403971 0.010000 0.010000
0 0.100000 0.410482 0.010000 0.010000
0 0.391113 0.413086 0.010000 0.010000
0 0.506592 0.420247 0.010000 0.010000
0 0.288574 0.421549 0.010000 0.010000
0 0.693359 0.427409 0.010000 0.010000
0 0.750732 0.427083 0.010000 0.010000
0 0.190674 0.430013 0.010000 0.010000
0 0.394775 0.453776 0.019043 0.035156
0 0.531982 0.444336 0.010000 0.010000
0 0.133301 0.446940 0.010742 0.010000
0 0.100000 0.448568 0.010000 0.010000
0 0.442383 0.451172 0.010000 0.010000
0 0.542725 0.451497 0.010000 0.010000
0 0.115479 0.456055 0.010000 0.010000
0 0.483154 0.453451 0.010000 0.010000
0 0.205322 0.460286 0.010000 0.010000
0 0.646240 0.463542 0.010000 0.010000
0 0.493652 0.464193 0.010000 0.010000
0 0.177734 0.473958 0.010000 0.010000
0 0.312012 0.473958 0.010000 0.010000
0 0.174805 0.474284 0.010000 0.010000
0 0.382080 0.475586 0.010000 0.010000
0 0.690918 0.483073 0.010000 0.010000
0 0.152100 0.485352 0.010000 0.010000
0 0.318848 0.490234 0.010742 0.013021
0 0.147217 0.486654 0.010000 0.010000
0 0.278076 0.485677 0.010000 0.010000
0 0.812256 0.487630 0.010000 0.010000
0 0.136963 0.491536 0.010000 0.010000
0 0.127686 0.492839 0.010000 0.010000
0 0.100000 0.495768 0.010000 0.010000
0 0.408203 0.496419 0.010000 0.010000
0 0.400391 0.499674 0.010000 0.010000
0 0.900000 0.500977 0.010000 0.010000
0 0.174072 0.504883 0.010000 0.010000
0 0.100586 0.508138 0.010000 0.010000
0 0.273926 0.507487 0.010000 0.010000
0 0.812988 0.507161 0.010000 0.010000
0 0.235352 0.512695 0.010000 0.010000
0 0.235840 0.515299 0.010000 0.010000
0 0.547363 0.520182 0.010000 0.010000
0 0.900000 0.526042 0.010000 0.010000
0 0.210205 0.529622 0.010000 0.010000
0 0.900000 0.531250 0.010000 0.010000
0 0.248779 0.540690 0.010000 0.010000
0 0.108643 0.542318 0.010000 0.010000
0 0.249512 0.557292 0.016602 0.033854
0 0.900000 0.545573 0.010000 0.010000
0 0.900000 0.546875 0.010000 0.010000
0 0.900000 0.548177 0.010000 0.010000
0 0.734619 0.547201 0.010000 0.010000
0 0.895996 0.551758 0.010000 0.010000
0 0.303711 0.559570 0.010000 0.010000
0 0.438232 0.564453 0.010000 0.010000
0 0.900000 0.564779 0.013184 0.010000
0 0.568604 0.578776 0.010000 0.010000
0 0.100000 0.583333 0.010000 0.010000
0 0.900000 0.585286 0.010000 0.010000
0 0.900000 0.587891 0.010000 0.010000
0 0.556396 0.588216 0.010000 0.010000
0 0.593506 0.589844 0.010000 0.010000
0 0.648438 0.590495 0.010000 0.010000
0 0.549561 0.608398 0.010000 0.010000
0 0.412109 0.618164 0.014648 0.017578
0 0.608154 0.617839 0.010000 0.010000
0 0.802002 0.619466 0.010000 0.010000
0 0.103760 0.625000 0.010000 0.010000
0 0.128174 0.628255 0.010000 0.010000
0 0.574463 0.641276 0.010000 0.010000
0 0.507568 0.642253 0.010000 0.010000
0 0.876465 0.642904 0.010000 0.010000
0 0.326172 0.645182 0.010000 0.010000
0 0.856689 0.647135 0.010000 0.010000
0 0.843750 0.649740 0.010000 0.010000
0 0.840576 0.653971 0.010000 0.010000
0 0.300293 0.654622 0.010000 0.010000
0 0.632812 0.673503 0.041016 0.038411
0 0.709229 0.658854 0.010000 0.010000
0 0.900000 0.658203 0.010000 0.010000
0 0.464111 0.659180 0.010000 0.010000
0 0.713623 0.659505 0.010000 0.010000
0 0.444336 0.664714 0.010000 0.010000
0 0.697510 0.664062 0.010000 0.010000
0 0.263916 0.671875 0.010000 0.010000
0 0.416992 0.671224 0.010000 0.010000
0 0.491455 0.673503 0.010000 0.010000
0 0.869141 0.682617 0.010000 0.010000
0 0.258057 0.685547 0.010000 0.010000
0 0.881836 0.681641 0.010000 0.010000
0 0.379395 0.684896 0.010000 0.010000
0 0.525391 0.687826 0.010000 0.010000
0 0.100000 0.689779 0.010000 0.010000
0 0.100000 0.691406 0.010000 0.010000
0 0.480469 0.702148 0.010000 0.010000
0 0.491699 0.706380 0.010000 0.010000
0 0.100000 0.709961 0.010000 0.010000
0 0.900000 0.721680 0.010000 0.011068
0 0.607178 0.720052 0.010000 0.010000
0 0.609131 0.720703 0.010000 0.010000
0 0.233398 0.723633 0.010000 0.010000
0 0.100000 0.723307 0.010000 0.010000
0 0.100000 0.728841 0.010000 0.010000
0 0.196289 0.729818 0.010000 0.010000
0 0.146729 0.736979 0.010000 0.010000
0 0.287842 0.739583 0.010000 0.010000
0 0.418945 0.748698 0.010000 0.010000
0 0.900000 0.755534 0.010000 0.010000
0 0.325928 0.762695 0.010000 0.010000
0 0.393799 0.767253 0.010000 0.010000
0 0.880371 0.770508 0.013672 0.011068
0 0.100000 0.767578 0.010000 0.010000
0 0.100000 0.772461 0.010000 0.010000
0 0.532471 0.780273 0.016113 0.020182
0 0.887451 0.772461 0.010000 0.010000
0 0.890381 0.772786 0.010000 0.010000
0 0.900000 0.775065 0.010000 0.010000
0 0.341064 0.777344 0.010000 0.010000
0 0.386963 0.777018 0.010000 0.010000
0 0.644775 0.778320 0.010000 0.010000
0 0.900000 0.782878 0.010000 0.010000
0 0.525146 0.791016 0.010000 0.010000
0 0.327393 0.795573 0.010000 0.010000
0 0.812988 0.794271 0.010000 0.010000
0 0.241699 0.805013 0.010000 0.010000
0 0.900000 0.811849 0.010000 0.010000
0 0.436035 0.813151 0.010000 0.010000
0 0.599121 0.820312 0.010000 0.010000
0 0.900000 0.826172 0.010000 0.010000
0 0.863770 0.841146 0.010000 0.010000
0 0.492432 0.842773 0.010000 0.010000
0 0.900000 0.845378 0.010000 0.010000
0 0.100000 0.850586 0.010000 0.010000
0 0.894043 0.857422 0.010000 0.010000
0 0.563721 0.865560 0.010000 0.010000
0 0.615234 0.863607 0.010000 0.010000
0 0.890869 0.862630 0.010000 0.010000
0 0.803711 0.869141 0.010000 0.010000
0 0.885254 0.874023 0.010000 0.010000
0 0.896729 0.874349 0.010000 0.010000
0 0.397705 0.877930 0.010000 0.010000
0 0.900000 0.879883 0.010000 0.010000
0 0.307373 0.884440 0.010000 0.010000
0 0.639160 0.888346 0.010000 0.010000
0 0.116455 0.898763 0.010000 0.010000
0 0.100000 0.900000 0.010000 0.010000
0 0.579102 0.900000 0.010000 0.010000
0 0.799561 0.900000 0.010000 0.010000
0 0.624023 0.900000 0.010000 0.010000
0 0.354980 0.900000 0.010000 0.010000
0 0.501953 0.900000 0.010000 0.010000
0 0.900000 0.900000 0.010000 0.010000
0 0.354980 0.900000 0.010000 0.010000
0 0.727295 0.900000 0.010000 0.010000
0 0.102051 0.900000 0.010000 0.010000
0 0.453125 0.900000 0.010000 0.010000
0 0.100000 0.900000 0.010000 0.010000
0 0.242432 0.900000 0.010000 0.010000
0 0.624023 0.900000 0.010000 0.010000
0 0.543213 0.900000 0.010000 0.010000
0 0.376709 0.900000 0.010000 0.010000
0 0.100000 0.900000 0.010000 0.010000
0 0.100000 0.900000 0.010000 0.010000
0 0.100000 0.900000 0.010000 0.010000
0 0.100000 0.900000 0.010000 0.010000
0 0.249512 0.900000 0.010000 0.010000
0 0.289551 0.900000 0.010000 0.010000
0 0.886475 0.900000 0.010000 0.010000
0 0.625977 0.900000 0.010000 0.010000
