1 0.500000 0.500000 0.500000 0.500000
0 0.100000 0.100000 0.010000 0.010000
0 0.104004 0.100000 0.010000 0.010000
0 0.319824 0.100000 0.010000 0.010000
0 0.336426 0.100000 0.010000 0.010000
0 0.336426 0.100000 0.010000 0.010000
0 0.351562 0.100000 0.010000 0.010000
0 0.600342 0.100000 0.010000 0.010000
0 0.604980 0.100000 0.010000 0.010000
0 0.607666 0.100000 0.010000 0.010000
0 0.747559 0.100000 0.010000 0.010000
0 0.750732 0.100000 0.010000 0.010000
0 0.753906 0.100000 0.010000 0.010000
0 0.754150 0.100000 0.010000 0.010000
0 0.900000 0.100000 0.010000 0.010000
0 0.218018 0.100000 0.010000 0.010000
0 0.610107 0.100000 0.011230 0.018229
0 0.549561 0.100000 0.010000 0.010000
0 0.768311 0.100000 0.022949 0.046875
0 0.261963 0.100000 0.010000 0.010000
0 0.275146 0.100000 0.010000 0.010000
0 0.533447 0.100000 0.010000 0.010000
0 0.627686 0.100000 0.010000 0.010000
0 0.100000 0.100000 0.010000 0.010000
0 0.230225 0.100000 0.010000 0.010000
0 0.900000 0.100000 0.010000 0.010000
0 0.614014 0.100000 0.010000 0.010000
0 0.492676 0.100000 0.010000 0.010000
0 0.461426 0.100000 0.010000 0.010000
0 0.784424 0.100000 0.010000 0.010000
0 0.161865 0.100000 0.010000 0.010000
0 0.614014 0.100000 0.010000 0.010000
0 0.582520 0.100000 0.010000 0.010000
0 0.212158 0.100000 0.010000 0.010000
0 0.354492 0.100000 0.010000 0.013672
0 0.499512 0.100000 0.010000 0.010000
0 0.494141 0.100000 0.010000 0.010000
0 0.900000 0.100000 0.010000 0.010000
0 0.355225 0.100000 0.010000 0.010000
0 0.590820 0.100000 0.010000 0.010000
0 0.511719 0.100000 0.010000 0.010000
0 0.545898 0.100000 0.010000 0.010000
0 0.523682 0.100000 0.010000 0.010000
0 0.391602 0.100000 0.010000 0.010000
0 0.513672 0.100000 0.010000 0.010000
0 0.552734 0.100000 0.010000 0.010000
0 0.553955 0.100000 0.010000 0.010000
0 0.673096 0.100000 0.010000 0.010000
0 0.366943 0.100000 0.010000 0.010000
0 0.401123 0.100000 0.010000 0.010000
0 0.475342 0.100000 0.010000 0.010000
0 0.668701 0.100000 0.010000 0.010000
0 0.428955 0.100000 0.010000 0.010000
0 0.342529 0.100000 0.010000 0.010000
0 0.345215 0.100000 0.010000 0.010000
0 0.552979 0.100000 0.010000 0.010000
0 0.897217 0.100000 0.010000 0.010000
0 0.650635 0.106771 0.010000 0.010000
0 0.719238 0.107096 0.010000 0.010000
0 0.900000 0.106445 0.010000 0.010000
0 0.210693 0.111328 0.010000 0.010000
0 0.504639 0.111654 0.010000 0.010000
0 0.136719 0.121419 0.010000 0.014974
0 0.474609 0.119466 0.010000 0.010000
0 0.132080 0.117839 0.010000 0.010000
0 0.865479 0.121094 0.010000 0.010000
0 0.127441 0.125326 0.010000 0.010000
0 0.169434 0.123047 0.010000 0.010000
0 0.133789 0.132812 0.010000 0.013021
0 0.599609 0.130534 0.010000 0.010000
0 0.127686 0.134115 0.010000 0.010000
0 0.673828 0.138672 0.010000 0.010000
0 0.283691 0.138997 0.010000 0.010000
0 0.632080 0.137370 0.010000 0.010000
0 0.660889 0.139323 0.010000 0.010000
0 0.900000 0.141276 0.010000 0.010000
0 0.402588 0.146484 0.010000 0.010000
0 0.753174 0.146810 0.010000 0.010000
0 0.467041 0.146159 0.010000 0.010000
0 0.262939 0.150391 0.010000 0.010000
0 0.575928 0.148763 0.010000 0.010000
0 0.763184 0.152018 0.010000 0.010000
0 0.397461 0.153320 0.010000 0.010000
0 0.799805 0.154948 0.010000 0.010000
0 0.358887 0.156901 0.010000 0.010000
0 0.359131 0.155273 0.010000 0.010000
0 0.370605 0.179036 0.010000 0.010000
0 0.782471 0.177734 0.010000 0.010000
0 0.900000 0.181641 0.010000 0.010000
0 0.800293 0.181641 0.010000 0.010000
0 0.800293 0.185872 0.010000 0.010000
0 0.313477 0.193685 0.010000 0.020182
0 0.365234 0.189453 0.010000 0.010000
0 0.376953 0.192708 0.010000 0.010417
0 0.420166 0.188802 0.010000 0.010000
0 0.763916 0.191081 0.010000 0.010000
0 0.653320 0.190430 0.010000 0.010000
0 0.781982 0.190755 0.010000 0.010000
0 0.173340 0.192383 0.010000 0.010000
0 0.778809 0.197266 0.010000 0.011719
0 0.778809 0.198242 0.010000 0.010000
0 0.204590 0.220052 0.010000 0.028646
0 0.100000 0.209635 0.010000 0.010000
0 0.436523 0.221029 0.014648 0.025391
0 0.888672 0.213542 0.010000 0.010000
0 0.100000 0.215820 0.010000 0.010000
0 0.574707 0.222656 0.010000 0.010000
0 0.386963 0.222331 0.010000 0.010000
0 0.393066 0.228841 0.010000 0.010000
0 0.742676 0.230794 0.010000 0.010000
0 0.364258 0.236328 0.010000 0.010417
0 0.376953 0.236328 0.010000 0.010417
0 0.435791 0.233398 0.010000 0.010000
0 0.376953 0.236003 0.010000 0.010000
0 0.184326 0.241211 0.010000 0.010000
0 0.439453 0.240234 0.010000 0.010000
0 0.743408 0.241211 0.010000 0.010000
0 0.440918 0.242839 0.010000 0.010000
0 0.620361 0.243815 0.010000 0.010000
0 0.180420 0.271484 0.010000 0.010000
0 0.143555 0.273112 0.010000 0.010000
0 0.605225 0.276042 0.013184 0.010000
0 0.605713 0.276367 0.010000 0.010000
0 0.268311 0.277995 0.010000 0.010000
0 0.555664 0.281250 0.010000 0.010417
0 0.100000 0.281250 0.010000 0.010000
0 0.587891 0.283529 0.010000 0.010000
0 0.260742 0.284505 0.010000 0.010000
0 0.446289 0.288411 0.010000 0.010000
0 0.439697 0.289714 0.010000 0.010000
0 0.291748 0.293620 0.010000 0.010000
0 0.627930 0.294271 0.010000 0.010000
0 0.338623 0.296549 0.010000 0.010000
0 0.551270 0.296549 0.010000 0.010000
0 0.900000 0.299154 0.010000 0.010000
0 0.161377 0.309896 0.010000 0.013021
0 0.364990 0.307292 0.010000 0.010000
0 0.100000 0.308594 0.010000 0.010000
0 0.161133 0.309896 0.010000 0.010000
0 0.447998 0.317057 0.010000 0.010000
0 0.309814 0.327799 0.010000 0.010000
0 0.701660 0.329753 0.010000 0.010000
0 0.106934 0.332357 0.010000 0.010000
0 0.355225 0.333333 0.010000 0.010000
0 0.789062 0.331380 0.010000 0.010000
0 0.432861 0.335286 0.010000 0.010000
0 0.900000 0.344727 0.010000 0.010000
0 0.900000 0.344727 0.010000 0.010000
0 0.739502 0.348307 0.010000 0.010000
0 0.750244 0.347982 0.010000 0.010000
0 0.900000 0.355794 0.010254 0.011068
0 0.326904 0.353190 0.010000 0.010000
0 0.900000 0.357422 0.010000 0.010000
0 0.508789 0.358073 0.010742 0.010000
0 0.137695 0.365234 0.010000 0.010000
0 0.900000 0.363932 0.010000 0.010000
0 0.138916 0.367188 0.010000 0.010000
0 0.100000 0.367188 0.010000 0.010000
0 0.367920 0.369466 0.010000 0.010000
0 0.515869 0.369141 0.010000 0.010000
0 0.723877 0.370443 0.010000 0.010000
0 0.603516 0.372070 0.010000 0.010000
0 0.377686 0.375651 0.010000 0.010000
0 0.100000 0.381185 0.010000 0.010000
0 0.100000 0.382487 0.010000 0.010000
0 0.100000 0.385417 0.010000 0.010000
0 0.100000 0.383138 0.010000 0.010000
0 0.145996 0.383464 0.010000 0.010000
0 0.853516 0.386393 0.010000 0.010000
0 0.900000 0.389323 0.010000 0.010000
0 0.332031 0.389648 0.010000 0.010000
0 0.900000 0.389648 0.010000 0.010000
0 0.100000 0.394206 0.010000 0.010000
0 0.900000 0.398112 0.010000 0.010000
0 0.703369 0.400065 0.010000 0.010000
0 0.701172 0.403320 0.010000 0.010000
0 0.255127 0.401042 0.010000 0.010000
0 0.698242 0.405599 0.010000 0.011719
0 0.638428 0.402669 0.010000 0.010000
0 0.706543 0.403646 0.010000 0.010000
0 0.697754 0.405924 0.010000 0.010000
0 0.503418 0.407227 0.010000 0.010000
0 0.900000 0.407227 0.010742 0.010000
0 0.773926 0.421549 0.010000 0.010000
0 0.674561 0.421224 0.010000 0.010000
0 0.773438 0.425130 0.010000 0.010000
0 0.773193 0.428060 0.010000 0.010000
0 0.100000 0.430013 0.010000 0.010000
0 0.746094 0.432617 0.010000 0.010000
0 0.164062 0.434896 0.010000 0.010000
0 0.507080 0.432617 0.010000 0.010000
0 0.658691 0.437500 0.010000 0.010000
0 0.747803 0.439779 0.010000 0.010000
0 0.100000 0.440755 0.010000 0.010000
0 0.558838 0.442383 0.010000 0.010000
0 0.755615 0.447266 0.010000 0.010000
0 0.150146 0.445638 0.010000 0.010000
0 0.556396 0.447266 0.010000 0.010000
0 0.100000 0.451172 0.010000 0.010000
0 0.653076 0.455078 0.010000 0.010000
0 0.392334 0.459635 0.010000 0.010000
0 0.494629 0.461589 0.010000 0.010000
0 0.392822 0.468424 0.010000 0.010000
0 0.755615 0.472982 0.010000 0.010000
0 0.100000 0.482747 0.010000 0.010000
0 0.900000 0.485352 0.010000 0.010000
0 0.900000 0.488281 0.010000 0.010000
0 0.100000 0.487630 0.010000 0.010000
0 0.900000 0.488607 0.010000 0.010000
0 0.100000 0.490560 0.010000 0.010000
0 0.162109 0.494466 0.010000 0.010000
0 0.874268 0.494141 0.010000 0.010000
0 0.170898 0.497721 0.010000 0.010000
0 0.900000 0.505534 0.010000 0.014974
0 0.270508 0.503581 0.010000 0.010000
0 0.751709 0.503581 0.010000 0.010000
0 0.100000 0.513346 0.010000 0.010000
0 0.100000 0.516602 0.010000 0.011068
0 0.100000 0.513021 0.010000 0.010000
0 0.422852 0.515299 0.010000 0.010000
0 0.100000 0.517253 0.010000 0.010000
0 0.100000 0.516927 0.010000 0.010000
0 0.226807 0.528646 0.010000 0.010000
0 0.383545 0.529297 0.010000 0.010000
0 0.100000 0.531901 0.010000 0.010000
0 0.619629 0.529297 0.010000 0.010000
0 0.870117 0.530924 0.010000 0.010000
0 0.100000 0.536784 0.010000 0.010000
0 0.508545 0.541667 0.010000 0.010000
0 0.223389 0.543945 0.010000 0.010000
0 0.894775 0.543620 0.010000 0.010000
0 0.669189 0.548828 0.010000 0.010000
0 0.100000 0.548177 0.010000 0.010000
0 0.180420 0.550456 0.010000 0.010000
0 0.270020 0.552409 0.010000 0.010000
0 0.214111 0.553711 0.010000 0.010000
0 0.119873 0.556641 0.010000 0.010000
0 0.316895 0.564779 0.011719 0.013672
0 0.900000 0.564453 0.010000 0.010000
0 0.900000 0.569336 0.010000 0.010000
0 0.644531 0.582682 0.010000 0.010000
0 0.100000 0.588216 0.010000 0.010000
0 0.753174 0.589518 0.010000 0.010000
0 0.269287 0.593424 0.010000 0.010000
0 0.100000 0.594076 0.010000 0.010000
0 0.875977 0.600260 0.010000 0.010000
0 0.651367 0.600260 0.010000 0.010000
0 0.874023 0.599935 0.010000 0.010000
0 0.900000 0.604818 0.010000 0.010000
0 0.636475 0.606771 0.010000 0.010000
0 0.351074 0.605794 0.010000 0.010000
0 0.712158 0.615885 0.010000 0.010000
0 0.100000 0.616862 0.010000 0.010000
0 0.453369 0.623372 0.010000 0.011068
0 0.198486 0.620768 0.010000 0.010000
0 0.156494 0.622070 0.010000 0.010000
0 0.100000 0.626953 0.010000 0.010000
0 0.437012 0.625977 0.010000 0.010000
0 0.163818 0.632812 0.010000 0.010000
0 0.199707 0.634115 0.010000 0.010000
0 0.240723 0.631185 0.010000 0.010000
0 0.438965 0.633464 0.010000 0.010000
0 0.695068 0.633789 0.010000 0.010000
0 0.900000 0.637370 0.010000 0.010417
0 0.807129 0.635742 0.010000 0.010000
0 0.503418 0.636719 0.010000 0.010000
0 0.100000 0.640951 0.010000 0.010000
0 0.859863 0.639323 0.010000 0.010000
0 0.308594 0.640951 0.010000 0.010000
0 0.576172 0.644531 0.010000 0.010000
0 0.895996 0.644206 0.010000 0.010000
0 0.495361 0.648763 0.010000 0.010000
0 0.491455 0.653646 0.010000 0.010000
0 0.649658 0.654622 0.010000 0.010000
0 0.477295 0.655273 0.010000 0.010000
0 0.760498 0.655273 0.010000 0.010000
0 0.100000 0.658854 0.010000 0.010000
0 0.900000 0.660156 0.010000 0.010000
0 0.120117 0.658529 0.010000 0.010000
0 0.120605 0.665039 0.010000 0.010000
0 0.593262 0.661784 0.010000 0.010000
0 0.205566 0.663737 0.010000 0.010000
0 0.796631 0.663737 0.010000 0.010000
0 0.121338 0.669922 0.010000 0.010000
0 0.100000 0.673503 0.010000 0.010000
0 0.100000 0.676107 0.010000 0.010000
0 0.100000 0.678711 0.010000 0.010000
0 0.489258 0.686523 0.010000 0.010000
0 0.900000 0.689779 0.010000 0.010000
0 0.503418 0.689779 0.010000 0.010000
0 0.762207 0.702799 0.010000 0.010000
0 0.722168 0.704102 0.010000 0.010000
0 0.625977 0.705078 0.010000 0.010000
0 0.900000 0.709635 0.010000 0.010000
0 0.511719 0.715820 0.010000 0.010000
0 0.453369 0.717122 0.010000 0.010000
0 0.453613 0.720052 0.010000 0.010000
0 0.516846 0.719401 0.010000 0.010000
0 0.418457 0.725911 0.010000 0.010000
0 0.756836 0.729818 0.010000 0.010417
0 0.100000 0.729818 0.010000 0.010000
0 0.100000 0.727865 0.010000 0.010000
0 0.447510 0.732422 0.010000 0.010000
0 0.550049 0.730143 0.010000 0.010000
0 0.100000 0.732422 0.010000 0.010000
0 0.100000 0.732422 0.010000 0.010000
0 0.279053 0.735352 0.010000 0.010000
0 0.522705 0.737630 0.010000 0.010000
0 0.266602 0.737305 0.010000 0.010000
0 0.852295 0.739583 0.010000 0.010000
0 0.515625 0.740234 0.010000 0.010000
0 0.712891 0.742188 0.010000 0.010000
0 0.514893 0.743490 0.010000 0.010000
0 0.737061 0.747396 0.010000 0.010000
0 0.100000 0.756836 0.010000 0.010000
0 0.609863 0.776693 0.028320 0.035156
0 0.659180 0.762044 0.010000 0.010000
0 0.586914 0.762370 0.010000 0.010000
0 0.584717 0.766927 0.014160 0.010417
0 0.586914 0.764323 0.010000 0.010000
0 0.508057 0.763997 0.010000 0.010000
0 0.624268 0.768555 0.010000 0.010000
0 0.494629 0.768880 0.010000 0.010000
0 0.746582 0.769857 0.010000 0.010000
0 0.580566 0.771484 0.010000 0.010000
0 0.748291 0.771484 0.010000 0.010000
0 0.225098 0.779948 0.010000 0.010000
0 0.470459 0.781576 0.010000 0.010000
0 0.900000 0.785156 0.010000 0.010000
0 0.528564 0.784505 0.010000 0.010000
0 0.591309 0.791992 0.026367 0.017578
0 0.612549 0.784505 0.010000 0.010000
0 0.476807 0.789062 0.010000 0.010000
0 0.801270 0.789714 0.010000 0.010000
0 0.867920 0.795573 0.010000 0.010000
0 0.734863 0.800781 0.010000 0.010000
0 0.417969 0.802083 0.010000 0.010000
0 0.417236 0.805013 0.010000 0.010000
0 0.152832 0.813477 0.010000 0.010000
0 0.247070 0.812174 0.010000 0.010000
0 0.336426 0.820964 0.010000 0.010000
0 0.338379 0.820964 0.010000 0.010000
0 0.339600 0.820638 0.010000 0.010000
0 0.900000 0.821940 0.010000 0.010000
0 0.144775 0.823893 0.010000 0.010000
0 0.318604 0.828125 0.010000 0.010000
0 0.372803 0.829753 0.010000 0.010000
0 0.670410 0.842448 0.010000 0.011719
0 0.798828 0.842773 0.010000 0.010000
0 0.800293 0.843099 0.010000 0.010000
0 0.900000 0.846354 0.010000 0.010000
0 0.704834 0.849935 0.010000 0.010000
0 0.419922 0.857096 0.010000 0.010000
0 0.100000 0.857422 0.010000 0.010000
0 0.748291 0.864258 0.010000 0.010000
0 0.710693 0.864909 0.010000 0.010000
0 0.748535 0.864909 0.010000 0.010000
0 0.132080 0.869141 0.010000 0.010000
0 0.181885 0.871094 0.010000 0.011719
0 0.507324 0.865560 0.010000 0.010000
0 0.523926 0.867839 0.010000 0.010000
0 0.560791 0.877604 0.010000 0.010000
0 0.715820 0.875977 0.010000 0.010000
0 0.890381 0.877604 0.010000 0.010000
0 0.437500 0.876953 0.010000 0.010000
0 0.859863 0.883789 0.010000 0.010000
0 0.796143 0.884440 0.010000 0.010000
0 0.264160 0.888021 0.010000 0.010000
0 0.263916 0.890625 0.010000 0.010000
0 0.521240 0.894857 0.010000 0.010000
0 0.420898 0.895182 0.010000 0.010000
0 0.680176 0.898112 0.010000 0.010000
0 0.385254 0.899740 0.010000 0.010000
0 0.582031 0.900000 0.010000 0.010000
0 0.684814 0.900000 0.010000 0.010000
0 0.282959 0.900000 0.010000 0.010000
0 0.696045 0.900000 0.010000 0.010000
0 0.120850 0.900000 0.010000 0.010000
0 0.231201 0.900000 0.010000 0.010000
0 0.607910 0.900000 0.010000 0.010000
0 0.570068 0.900000 0.010000 0.010000
0 0.894043 0.900000 0.010000 0.010000
0 0.765381 0.900000 0.010000 0.010000
0 0.100000 0.900000 0.010000 0.010000
0 0.113281 0.900000 0.010000 0.010000
0 0.770752 0.900000 0.010000 0.010000
0 0.100000 0.900000 0.010000 0.010000
0 0.100000 0.900000 0.010000 0.010000
0 0.100000 0.900000 0.010000 0.010000
0 0.173096 0.900000 0.010000 0.010000
0 0.495117 0.900000 0.010000 0.010000
0 0.430420 0.900000 0.010000 0.010000
0 0.703857 0.900000 0.010000 0.010000
0 0.690430 0.900000 0.010000 0.014323
0 0.100000 0.900000 0.010000 0.010000
0 0.698486 0.900000 0.010000 0.011719
0 0.702148 0.900000 0.010000 0.010000
0 0.171875 0.900000 0.010000 0.010000
0 0.690674 0.900000 0.010000 0.010000
0 0.100000 0.900000 0.010000 0.010000
0 0.100000 0.900000 0.010000 0.010000
0 0.819336 0.900000 0.010000 0.010000
0 0.100000 0.900000 0.010000 0.010000
0 0.385010 0.900000 0.010000 0.011719
0 0.217773 0.900000 0.010000 0.010000
0 0.773193 0.900000 0.010000 0.010000
0 0.781982 0.900000 0.010000 0.010000
0 0.900000 0.900000 0.018555 0.024089
0 0.900000 0.900000 0.010000 0.010000
0 0.100000 0.900000 0.010000 0.010000
0 0.100000 0.900000 0.010000 0.010000
0 0.385010 0.900000 0.010000 0.010000
0 0.521484 0.900000 0.010000 0.013021
0 0.436279 0.900000 0.010000 0.010417
0 0.900000 0.900000 0.010000 0.010000
0 0.564697 0.900000 0.010000 0.010000
0 0.592773 0.900000 0.010000 0.010000
0 0.418945 0.900000 0.010000 0.010000
0 0.776855 0.900000 0.010000 0.010000
0 0.900000 0.900000 0.010000 0.010000
0 0.100000 0.900000 0.010000 0.010000
0 0.900000 0.900000 0.010000 0.010000
0 0.900000 0.900000 0.010000 0.010000
0 0.212402 0.900000 0.010000 0.010000
0 0.900000 0.900000 0.010000 0.010000
0 0.435791 0.900000 0.010000 0.010000
0 0.123535 0.900000 0.010000 0.010000
0 0.900000 0.900000 0.010000 0.010000
0 0.841553 0.900000 0.010000 0.010000
0 0.447754 0.900000 0.010000 0.010000
