1 0.500000 0.500000 0.500000 0.500000
0 0.624512 0.100000 0.010000 0.010000
0 0.864502 0.100000 0.010000 0.010000
0 0.557129 0.100000 0.010000 0.010000
0 0.852539 0.100000 0.010000 0.010000
0 0.817139 0.100000 0.020996 0.021484
0 0.204590 0.100000 0.010000 0.010000
0 0.126709 0.100000 0.010000 0.010000
0 0.140381 0.100000 0.010000 0.013672
0 0.127686 0.100000 0.019043 0.018229
0 0.133789 0.100000 0.010000 0.010000
0 0.144043 0.100000 0.010000 0.010000
0 0.476562 0.100000 0.010000 0.010000
0 0.154541 0.100000 0.010000 0.014974
0 0.732422 0.100000 0.010000 0.010000
0 0.158447 0.100000 0.010000 0.010000
0 0.859375 0.100000 0.010000 0.010000
0 0.831543 0.100000 0.010000 0.010000
0 0.100000 0.100000 0.023438 0.013021
0 0.821777 0.100000 0.010000 0.010000
0 0.803711 0.100000 0.010000 0.010000
0 0.121094 0.100000 0.010000 0.010000
0 0.149902 0.100000 0.010000 0.010000
0 0.606934 0.100000 0.010000 0.010000
0 0.115723 0.100000 0.010000 0.010000
0 0.156738 0.100000 0.010000 0.010000
0 0.592285 0.100000 0.010000 0.010000
0 0.180664 0.100000 0.010000 0.010000
0 0.603027 0.100000 0.010000 0.010000
0 0.900000 0.100000 0.010000 0.010000
0 0.627930 0.104167 0.010000 0.010000
0 0.852539 0.111979 0.010000 0.010000
0 0.327393 0.115234 0.010000 0.010000
0 0.100000 0.119792 0.010000 0.010000
0 0.851318 0.128255 0.016113 0.015625
0 0.514160 0.128581 0.010742 0.010000
0 0.496582 0.129557 0.010000 0.010000
0 0.822510 0.130859 0.010000 0.010000
0 0.135498 0.132161 0.010000 0.010000
0 0.900000 0.137695 0.010000 0.010000
0 0.123535 0.138021 0.010000 0.010000
0 0.900000 0.153971 0.010000 0.010000
0 0.100000 0.155273 0.010000 0.010000
0 0.703125 0.158529 0.010000 0.010000
0 0.376953 0.160482 0.010000 0.010000
0 0.375488 0.162760 0.010000 0.010000
0 0.377441 0.164388 0.010000 0.010000
0 0.294434 0.184570 0.010000 0.010000
0 0.356445 0.198893 0.010000 0.010000
0 0.100000 0.203451 0.010000 0.010000
0 0.900000 0.211263 0.011719 0.016276
0 0.117920 0.216797 0.011230 0.010000
0 0.677490 0.227539 0.010000 0.010000
0 0.666260 0.235026 0.010254 0.013021
0 0.679688 0.230143 0.010000 0.010000
0 0.835205 0.234049 0.010000 0.010000
0 0.862305 0.236979 0.010000 0.010000
0 0.250977 0.241862 0.010000 0.010000
0 0.248291 0.245768 0.010000 0.010000
0 0.243408 0.248047 0.010000 0.010000
0 0.244873 0.250000 0.010000 0.010000
0 0.203613 0.261393 0.013672 0.012370
0 0.205322 0.257487 0.010000 0.010000
0 0.510254 0.259440 0.010000 0.010000
0 0.211426 0.262044 0.010000 0.010000
0 0.833496 0.271159 0.010000 0.010000
0 0.830566 0.272135 0.010000 0.010000
0 0.830078 0.274740 0.010000 0.010000
0 0.232422 0.277344 0.010000 0.010000
0 0.525879 0.277669 0.010000 0.010000
0 0.492676 0.279948 0.010000 0.010000
0 0.496094 0.287760 0.010000 0.010000
0 0.118164 0.288737 0.010000 0.010000
0 0.477783 0.292318 0.010000 0.010000
0 0.100000 0.299479 0.010000 0.010000
0 0.867676 0.299805 0.010000 0.010000
0 0.900000 0.299154 0.010000 0.010000
0 0.163330 0.303385 0.010000 0.010000
0 0.724609 0.302083 0.010000 0.010000
0 0.873779 0.310221 0.010000 0.010000
0 0.900000 0.318359 0.010000 0.010000
0 0.761719 0.321289 0.010000 0.010000
0 0.594238 0.324219 0.010000 0.010000
0 0.900000 0.327799 0.010000 0.010000
0 0.900000 0.328776 0.010000 0.010000
0 0.900000 0.330729 0.010000 0.010000
0 0.100000 0.343750 0.010000 0.010000
0 0.125732 0.342448 0.010000 0.010000
0 0.176025 0.344727 0.010000 0.010000
0 0.804199 0.343750 0.010000 0.010000
0 0.124023 0.344076 0.010000 0.010000
0 0.585205 0.343424 0.010000 0.010000
0 0.754639 0.346354 0.010000 0.010000
0 0.247559 0.346680 0.010000 0.010000
0 0.679932 0.346680 0.010000 0.010000
0 0.427734 0.350586 0.010000 0.010000
0 0.880127 0.352539 0.010000 0.010000
0 0.175781 0.350260 0.010000 0.010000
0 0.900000 0.351562 0.010000 0.010000
0 0.900000 0.368490 0.010000 0.010000
0 0.456787 0.381510 0.010000 0.010000
0 0.203857 0.396810 0.010000 0.010000
0 0.100000 0.404297 0.010000 0.010000
0 0.518799 0.416667 0.010000 0.010417
0 0.510498 0.417318 0.015137 0.010000
0 0.755371 0.413737 0.010000 0.010000
0 0.796143 0.415365 0.010000 0.010000
0 0.795166 0.426107 0.018066 0.016276
0 0.900000 0.431966 0.016113 0.026693
0 0.792969 0.425781 0.019531 0.013021
0 0.900000 0.424154 0.010000 0.010000
0 0.900000 0.424479 0.010000 0.010000
0 0.556396 0.425456 0.010000 0.010000
0 0.792480 0.425781 0.013672 0.010000
0 0.799805 0.430664 0.010742 0.010000
0 0.808105 0.432943 0.010000 0.010000
0 0.799805 0.437826 0.010000 0.010000
0 0.100000 0.439128 0.010000 0.010000
0 0.670654 0.440755 0.010000 0.010000
0 0.196777 0.446615 0.018555 0.010417
0 0.900000 0.448568 0.020020 0.013021
0 0.669434 0.444010 0.010000 0.010000
0 0.728760 0.452474 0.010000 0.010000
0 0.707275 0.456706 0.010000 0.010000
0 0.180420 0.458008 0.010000 0.010000
0 0.490967 0.469727 0.010254 0.016276
0 0.422852 0.467773 0.010742 0.010000
0 0.503174 0.473633 0.010000 0.011068
0 0.642334 0.471354 0.010000 0.010000
0 0.102295 0.474284 0.010000 0.010000
0 0.102783 0.472656 0.010000 0.010000
0 0.266357 0.472656 0.010000 0.010000
0 0.723145 0.473633 0.010000 0.010000
0 0.107178 0.476888 0.010000 0.010000
0 0.622314 0.483724 0.010000 0.016927
0 0.380371 0.478190 0.010000 0.010000
0 0.100000 0.478516 0.010000 0.010000
0 0.870361 0.479492 0.010000 0.010000
0 0.545410 0.494466 0.010000 0.020182
0 0.100000 0.489583 0.010000 0.010000
0 0.348389 0.488607 0.010000 0.010000
0 0.100000 0.490560 0.010000 0.010000
0 0.163818 0.496745 0.011230 0.016927
0 0.427734 0.489583 0.010000 0.010000
0 0.609131 0.492839 0.010000 0.010000
0 0.100000 0.494466 0.010000 0.010000
0 0.550537 0.496094 0.010000 0.010000
0 0.100000 0.497070 0.010000 0.010000
0 0.611084 0.496745 0.010000 0.010000
0 0.100000 0.500000 0.010000 0.010000
0 0.304443 0.506510 0.010000 0.011719
0 0.149902 0.503255 0.010000 0.010000
0 0.304199 0.505859 0.010000 0.010000
0 0.307129 0.509115 0.010000 0.010000
0 0.149658 0.505859 0.010000 0.010000
0 0.403564 0.506185 0.010000 0.010000
0 0.308350 0.512695 0.010000 0.010000
0 0.106445 0.533854 0.010000 0.011719
0 0.100000 0.531901 0.010000 0.010000
0 0.103271 0.541016 0.010000 0.010000
0 0.561279 0.546224 0.010000 0.010000
0 0.771240 0.543620 0.010000 0.010000
0 0.802002 0.558594 0.010000 0.010000
0 0.788086 0.559896 0.010000 0.010000
0 0.100000 0.573242 0.010254 0.010000
0 0.858154 0.569336 0.010000 0.010000
0 0.900000 0.576172 0.010000 0.010000
0 0.100000 0.578125 0.010000 0.010000
0 0.766357 0.580404 0.010000 0.010000
0 0.100000 0.590169 0.010000 0.010000
0 0.100000 0.590820 0.010000 0.010000
0 0.749023 0.604167 0.010000 0.010000
0 0.347412 0.607747 0.010000 0.010000
0 0.100000 0.609375 0.010000 0.010000
0 0.100000 0.610026 0.010000 0.010000
0 0.100000 0.609701 0.010000 0.010000
0 0.114502 0.613607 0.010000 0.010000
0 0.328125 0.616211 0.010000 0.010000
0 0.102783 0.617839 0.010000 0.010000
0 0.116211 0.619141 0.010000 0.010000
0 0.585693 0.627279 0.011230 0.013672
0 0.100000 0.641276 0.010000 0.010000
0 0.900000 0.647461 0.010000 0.011068
0 0.100000 0.645508 0.010000 0.010000
0 0.375000 0.648438 0.010000 0.010000
0 0.900000 0.656901 0.016113 0.020833
0 0.654297 0.649089 0.010000 0.010000
0 0.633545 0.651367 0.010000 0.010000
0 0.106934 0.667643 0.010000 0.010000
0 0.100000 0.668620 0.010000 0.010000
0 0.100000 0.667643 0.010000 0.010000
0 0.100000 0.671875 0.010000 0.010000
0 0.100000 0.673503 0.010000 0.010000
0 0.125732 0.675781 0.010000 0.010000
0 0.301514 0.686523 0.010000 0.010000
0 0.900000 0.689779 0.010000 0.010000
0 0.284668 0.691732 0.010000 0.010000
0 0.252686 0.700195 0.010000 0.010000
0 0.723145 0.707682 0.010000 0.010000
0 0.900000 0.713867 0.010000 0.010000
0 0.204590 0.721029 0.015625 0.010000
0 0.726562 0.720052 0.010000 0.010000
0 0.820557 0.720703 0.010000 0.010000
0 0.820801 0.724609 0.010000 0.010000
0 0.851318 0.725260 0.010000 0.010000
0 0.821777 0.728190 0.010000 0.010000
0 0.900000 0.729167 0.010000 0.010000
0 0.257324 0.735677 0.010000 0.010000
0 0.132080 0.738607 0.010000 0.010000
0 0.261230 0.740885 0.010000 0.010000
0 0.743652 0.753255 0.011719 0.023438
0 0.666504 0.754557 0.010000 0.010000
0 0.729248 0.758789 0.010000 0.010000
0 0.146240 0.761719 0.010000 0.010000
0 0.355469 0.770182 0.010000 0.010000
0 0.177002 0.775065 0.010000 0.010000
0 0.868164 0.779622 0.010000 0.010000
0 0.212402 0.788411 0.010000 0.010000
0 0.100000 0.818685 0.014160 0.051432
0 0.100000 0.801758 0.010000 0.010000
0 0.211670 0.804036 0.010000 0.010000
0 0.100000 0.809245 0.010000 0.010000
0 0.710205 0.812500 0.010000 0.010000
0 0.100000 0.815104 0.010000 0.010000
0 0.454590 0.817708 0.018555 0.010000
0 0.100000 0.823568 0.010000 0.010000
0 0.100000 0.830078 0.010000 0.010000
0 0.100000 0.835938 0.010000 0.010000
0 0.100000 0.834310 0.010000 0.010000
0 0.100000 0.870443 0.031250 0.070312
0 0.888916 0.842773 0.010000 0.010000
0 0.100000 0.845052 0.010000 0.010000
0 0.834961 0.845378 0.010000 0.010000
0 0.390869 0.846680 0.010000 0.010000
0 0.399414 0.846354 0.010000 0.010000
0 0.100000 0.847331 0.010000 0.010000
0 0.345459 0.852539 0.010000 0.010000
0 0.782227 0.852865 0.010000 0.010000
0 0.100000 0.858398 0.010000 0.010000
0 0.353271 0.859375 0.010000 0.010000
0 0.614746 0.859049 0.010000 0.010000
0 0.100000 0.862630 0.010000 0.010000
0 0.573242 0.869466 0.010000 0.010000
0 0.100000 0.873372 0.010000 0.010000
0 0.840088 0.883464 0.010000 0.010000
0 0.100000 0.897135 0.010000 0.010417
0 0.103027 0.892904 0.010000 0.010000
0 0.670410 0.900000 0.010000 0.010000
0 0.723633 0.900000 0.010000 0.010000
0 0.900000 0.900000 0.010000 0.010000
0 0.100000 0.900000 0.010000 0.010000
0 0.100000 0.900000 0.010000 0.010000
0 0.100000 0.900000 0.010000 0.010000
0 0.319580 0.900000 0.010000 0.010000
0 0.900000 0.900000 0.010000 0.010000
0 0.504395 0.900000 0.010000 0.012370
0 0.128906 0.900000 0.010000 0.010000
0 0.131592 0.900000 0.010000 0.010000
0 0.132324 0.900000 0.010000 0.010000
0 0.100000 0.900000 0.017090 0.013672
0 0.804443 0.900000 0.010000 0.010000
0 0.444092 0.900000 0.010000 0.010000
0 0.100000 0.900000 0.029297 0.026693
0 0.100000 0.900000 0.010000 0.010000
0 0.856689 0.900000 0.010000 0.010000
0 0.360107 0.900000 0.010000 0.010000
0 0.363281 0.900000 0.010000 0.010000
0 0.384521 0.900000 0.010000 0.010000
0 0.264404 0.900000 0.010000 0.010000
0 0.100000 0.900000 0.010000 0.010000
0 0.233154 0.900000 0.010000 0.010000
0 0.279541 0.900000 0.010000 0.010000
0 0.191406 0.900000 0.010000 0.010000
