0 0.100000 0.100000 0.010000 0.010000
1 0.500000 0.500000 0.500000 0.500000
0 0.887695 0.100000 0.010000 0.010000
0 0.420410 0.100000 0.010000 0.010000
0 0.100000 0.100000 0.010000 0.010000
0 0.390625 0.100000 0.010000 0.010000
0 0.900000 0.100000 0.025391 0.028646
0 0.471680 0.100000 0.010000 0.010000
0 0.751465 0.100000 0.010000 0.010000
0 0.750244 0.100000 0.012207 0.013021
0 0.248779 0.100000 0.010000 0.010000
0 0.783447 0.100000 0.010000 0.010000
0 0.793945 0.100000 0.010000 0.014974
0 0.587158 0.100000 0.010000 0.010000
0 0.691895 0.100000 0.010000 0.010000
0 0.844971 0.100000 0.010000 0.010000
0 0.846680 0.100000 0.010000 0.010000
0 0.332275 0.100000 0.010000 0.010000
0 0.875977 0.100000 0.010000 0.010000
0 0.885254 0.100000 0.010000 0.010000
0 0.884766 0.100000 0.010000 0.010000
0 0.883545 0.100000 0.015137 0.018880
0 0.549072 0.100000 0.010000 0.010000
0 0.684814 0.100000 0.010000 0.010000
0 0.894775 0.100000 0.016113 0.016276
0 0.800537 0.100000 0.010000 0.010000
0 0.808105 0.100000 0.010000 0.013021
0 0.810791 0.100000 0.010000 0.010000
0 0.727295 0.100000 0.010000 0.010000
0 0.777832 0.105143 0.010000 0.010000
0 0.100098 0.105794 0.010000 0.010000
0 0.117188 0.109049 0.010000 0.010000
0 0.570557 0.124023 0.010000 0.010000
0 0.858398 0.130534 0.010000 0.014974
0 0.763916 0.131185 0.010000 0.010000
0 0.777344 0.142578 0.017578 0.024740
0 0.768066 0.136393 0.010000 0.010000
0 0.495850 0.140299 0.010000 0.010000
0 0.301025 0.140951 0.010000 0.010000
0 0.686523 0.138997 0.010000 0.010000
0 0.493896 0.144531 0.010000 0.010000
0 0.679932 0.144857 0.010000 0.010000
0 0.893066 0.150065 0.012695 0.012370
0 0.899658 0.147786 0.010000 0.010000
0 0.173828 0.152344 0.010000 0.010000
0 0.531250 0.153646 0.010000 0.010000
0 0.100000 0.154297 0.010000 0.010000
0 0.458984 0.156250 0.010000 0.010000
0 0.633545 0.155924 0.010000 0.010000
0 0.374512 0.155924 0.010000 0.010000
0 0.710449 0.157227 0.010000 0.010000
0 0.709473 0.161784 0.010000 0.010000
0 0.117676 0.170573 0.012695 0.022135
0 0.704834 0.162435 0.010000 0.010000
0 0.900000 0.161458 0.010000 0.010000
0 0.469971 0.162109 0.010000 0.010000
0 0.900000 0.163086 0.010000 0.010000
0 0.121826 0.178385 0.010000 0.010000
0 0.100000 0.187174 0.010254 0.017578
0 0.262695 0.199219 0.021484 0.036458
0 0.844971 0.183919 0.010000 0.010000
0 0.439209 0.197266 0.020996 0.024740
0 0.126465 0.190430 0.010000 0.010000
0 0.732422 0.194987 0.010000 0.010000
0 0.258545 0.196940 0.010000 0.010000
0 0.428711 0.200521 0.010000 0.010000
0 0.426270 0.204427 0.010000 0.010000
0 0.251221 0.213867 0.010000 0.010000
0 0.697021 0.217448 0.011230 0.010000
0 0.771729 0.219727 0.010000 0.010000
0 0.590576 0.227214 0.015137 0.016927
0 0.699707 0.225260 0.010000 0.010000
0 0.776367 0.224935 0.010000 0.010000
0 0.876709 0.225911 0.010000 0.010000
0 0.900000 0.226237 0.010000 0.010000
0 0.695801 0.233724 0.013672 0.015625
0 0.700195 0.238607 0.010000 0.010000
0 0.272705 0.238281 0.010000 0.010000
0 0.282227 0.237956 0.010000 0.010000
0 0.900000 0.240234 0.010000 0.010000
0 0.518555 0.239909 0.010000 0.010000
0 0.864746 0.244466 0.010000 0.010000
0 0.100000 0.254557 0.010000 0.010000
0 0.856689 0.254557 0.010000 0.010000
0 0.168457 0.257812 0.010000 0.010000
0 0.900000 0.257161 0.010000 0.010000
0 0.146240 0.261068 0.010000 0.010000
0 0.854736 0.265625 0.010000 0.010000
0 0.857422 0.266276 0.010000 0.010000
0 0.100000 0.266602 0.010000 0.010000
0 0.313721 0.269857 0.010000 0.010000
0 0.149658 0.272135 0.010000 0.010000
0 0.153320 0.272135 0.010000 0.010000
0 0.155518 0.273438 0.010000 0.010000
0 0.765137 0.279297 0.010000 0.010000
0 0.607178 0.283203 0.010000 0.010000
0 0.900000 0.283854 0.010000 0.010000
0 0.843994 0.289714 0.010000 0.010000
0 0.355225 0.301758 0.014160 0.024089
0 0.437012 0.295573 0.010000 0.010000
0 0.347412 0.299479 0.010000 0.010000
0 0.427002 0.299154 0.010000 0.010000
0 0.428223 0.303385 0.010000 0.010000
0 0.346680 0.305339 0.010000 0.010000
0 0.168457 0.312826 0.010000 0.010000
0 0.100000 0.316406 0.010000 0.010000
0 0.349854 0.320312 0.010000 0.010000
0 0.693359 0.319987 0.010000 0.010000
0 0.787354 0.325195 0.010000 0.010000
0 0.625732 0.337240 0.010000 0.010000
0 0.745605 0.335286 0.010000 0.010000
0 0.576660 0.339193 0.010000 0.010000
0 0.712646 0.340495 0.010000 0.010000
0 0.628174 0.347656 0.010000 0.010000
0 0.710693 0.347982 0.010000 0.010000
0 0.435303 0.353841 0.010000 0.010000
0 0.389893 0.352539 0.010000 0.010000
0 0.543945 0.363932 0.017578 0.018229
0 0.258301 0.359049 0.010000 0.010000
0 0.253662 0.364258 0.010000 0.010000
0 0.296387 0.364583 0.010000 0.010000
0 0.900000 0.362630 0.010000 0.010000
0 0.857910 0.365234 0.010000 0.010000
0 0.861572 0.365560 0.010000 0.010000
0 0.865479 0.365885 0.010000 0.010000
0 0.668213 0.368815 0.010000 0.010000
0 0.546387 0.372396 0.010000 0.010000
0 0.595703 0.371745 0.010000 0.010000
0 0.726318 0.373698 0.010000 0.010000
0 0.593750 0.379883 0.010000 0.010000
0 0.729492 0.378255 0.010000 0.010000
0 0.694824 0.385091 0.010000 0.010000
0 0.271484 0.394857 0.018555 0.020182
0 0.262939 0.388021 0.010000 0.010000
0 0.189209 0.390951 0.010000 0.010000
0 0.100000 0.388672 0.010000 0.010000
0 0.192383 0.393229 0.010000 0.010000
0 0.383301 0.392904 0.010000 0.010000
0 0.323975 0.395182 0.010000 0.010000
0 0.900000 0.397461 0.010000 0.010000
0 0.100000 0.398438 0.010000 0.010000
0 0.730469 0.397786 0.010000 0.010000
0 0.100000 0.398112 0.010000 0.010000
0 0.900000 0.405273 0.010000 0.010000
0 0.416260 0.410482 0.010000 0.010000
0 0.222168 0.414714 0.010000 0.010000
0 0.225342 0.418294 0.010000 0.011068
0 0.702148 0.414714 0.010000 0.010000
0 0.230225 0.419596 0.011230 0.010000
0 0.230469 0.419271 0.010000 0.010000
0 0.849365 0.418294 0.010000 0.010000
0 0.222900 0.420247 0.010000 0.010000
0 0.311279 0.425130 0.010000 0.010000
0 0.100000 0.428385 0.010000 0.010000
0 0.444824 0.430339 0.010000 0.010000
0 0.240234 0.432943 0.010000 0.010000
0 0.597168 0.433268 0.010000 0.010000
0 0.448486 0.433919 0.010000 0.010000
0 0.464844 0.432943 0.010000 0.010000
0 0.225830 0.436198 0.010000 0.010000
0 0.450684 0.440104 0.010000 0.010000
0 0.816895 0.441081 0.010000 0.010000
0 0.900000 0.459310 0.017578 0.017578
0 0.642578 0.468099 0.010000 0.010000
0 0.673584 0.467448 0.010000 0.010000
0 0.900000 0.475911 0.016602 0.016927
0 0.276367 0.469727 0.010000 0.010000
0 0.596680 0.476888 0.010000 0.011068
0 0.100000 0.486003 0.014160 0.024089
0 0.654297 0.477214 0.010000 0.010000
0 0.464600 0.482096 0.010000 0.010000
0 0.404297 0.483073 0.010000 0.010000
0 0.795898 0.484375 0.010000 0.010000
0 0.153320 0.488281 0.010000 0.010000
0 0.668213 0.493164 0.010254 0.011068
0 0.668457 0.492839 0.010000 0.010000
0 0.678711 0.491211 0.010000 0.010000
0 0.603027 0.494141 0.010000 0.010000
0 0.860352 0.495768 0.010000 0.010000
0 0.100000 0.496094 0.010000 0.010000
0 0.797363 0.500000 0.010000 0.010000
0 0.677246 0.501628 0.010000 0.010000
0 0.900000 0.502279 0.010000 0.010000
0 0.559082 0.502604 0.010000 0.010000
0 0.101318 0.505208 0.010000 0.010000
0 0.109619 0.515299 0.010000 0.010000
0 0.489746 0.518229 0.010000 0.010000
0 0.816162 0.520833 0.010000 0.010000
0 0.815674 0.523438 0.010000 0.010000
0 0.763428 0.527344 0.010000 0.010000
0 0.160645 0.534831 0.010000 0.010000
0 0.100000 0.540690 0.010000 0.010000
0 0.762939 0.540690 0.010000 0.010000
0 0.165527 0.552083 0.020508 0.018229
0 0.100000 0.555013 0.010000 0.010000
0 0.178467 0.555664 0.010000 0.010000
0 0.584229 0.572591 0.010000 0.010000
0 0.543701 0.572917 0.010000 0.010000
0 0.757324 0.572917 0.010000 0.010000
0 0.900000 0.575521 0.010000 0.010000
0 0.312012 0.589518 0.010000 0.010000
0 0.483643 0.592773 0.010000 0.010000
0 0.311768 0.602539 0.010000 0.010000
0 0.783691 0.609375 0.010000 0.010000
0 0.100000 0.609049 0.010000 0.010000
0 0.302979 0.621419 0.010000 0.010000
0 0.100000 0.628581 0.010000 0.010000
0 0.385498 0.633789 0.010254 0.010000
0 0.328857 0.635417 0.010000 0.010000
0 0.900000 0.636068 0.010000 0.010000
0 0.195801 0.653320 0.010000 0.010000
0 0.545898 0.652995 0.010000 0.010000
0 0.559570 0.666341 0.010000 0.010000
0 0.414551 0.668620 0.010000 0.010000
0 0.639893 0.669596 0.010000 0.010000
0 0.505859 0.680013 0.010000 0.010000
0 0.900000 0.686849 0.010000 0.010000
0 0.900000 0.694661 0.010000 0.010000
0 0.100000 0.693685 0.010000 0.010000
0 0.100000 0.696615 0.010000 0.010000
0 0.133545 0.701172 0.010000 0.010000
0 0.425293 0.699870 0.010000 0.010000
0 0.491211 0.704753 0.010000 0.010000
0 0.170410 0.711263 0.010000 0.012370
0 0.166992 0.709635 0.010000 0.010000
0 0.593750 0.708984 0.010000 0.010000
0 0.773682 0.709961 0.010000 0.010000
0 0.100000 0.710938 0.010000 0.010000
0 0.535156 0.712240 0.010000 0.010000
0 0.649414 0.713867 0.010000 0.010000
0 0.742676 0.722331 0.010000 0.010000
0 0.588867 0.728841 0.010000 0.010000
0 0.814453 0.732422 0.010000 0.010000
0 0.750977 0.743164 0.010000 0.010000
0 0.281250 0.751628 0.010000 0.010000
0 0.558838 0.749349 0.010000 0.010000
0 0.281006 0.751302 0.010000 0.010000
0 0.456787 0.756510 0.010000 0.010000
0 0.805420 0.755534 0.010000 0.010000
0 0.374023 0.762044 0.010000 0.010000
0 0.819092 0.771810 0.010000 0.010000
0 0.439453 0.779622 0.010000 0.012370
0 0.342285 0.786458 0.010000 0.010000
0 0.703125 0.791016 0.010000 0.010000
0 0.295166 0.796224 0.010000 0.010417
0 0.614746 0.798503 0.010000 0.010000
0 0.166504 0.800456 0.010000 0.010000
0 0.591797 0.800781 0.010000 0.010000
0 0.190186 0.802734 0.010000 0.010000
0 0.512695 0.817708 0.010000 0.010000
0 0.412354 0.819336 0.010000 0.010000
0 0.900000 0.820638 0.010000 0.010000
0 0.828125 0.827148 0.010000 0.010000
0 0.900000 0.830078 0.010000 0.010000
0 0.900000 0.830078 0.010000 0.010000
0 0.900000 0.832682 0.010000 0.010000
0 0.100000 0.837891 0.010000 0.010000
0 0.463867 0.838542 0.010000 0.010000
0 0.100000 0.840169 0.010000 0.010000
0 0.100000 0.842448 0.010000 0.010000
0 0.680176 0.839518 0.010000 0.010000
0 0.222656 0.844401 0.010000 0.010000
0 0.100000 0.846029 0.010000 0.010000
0 0.878906 0.851888 0.010000 0.012370
0 0.100000 0.849284 0.010000 0.010000
0 0.879150 0.851562 0.010000 0.010000
0 0.683105 0.851237 0.010000 0.010000
0 0.100000 0.851562 0.010000 0.010000
0 0.100000 0.865885 0.010000 0.010000
0 0.830811 0.870443 0.010000 0.010000
0 0.849609 0.872396 0.010000 0.010000
0 0.484375 0.876628 0.010000 0.010000
0 0.900000 0.877604 0.010000 0.010000
0 0.654541 0.879557 0.010000 0.010000
0 0.100000 0.880534 0.010000 0.010000
0 0.350098 0.881510 0.010000 0.010000
0 0.660645 0.884440 0.010000 0.010000
0 0.667480 0.887044 0.010000 0.010000
0 0.504150 0.891927 0.010000 0.010000
0 0.590332 0.892253 0.010000 0.010000
0 0.233154 0.900000 0.011230 0.010417
0 0.776123 0.900000 0.010000 0.010000
0 0.791016 0.900000 0.010000 0.010000
0 0.282959 0.900000 0.010000 0.010000
0 0.527588 0.900000 0.010000 0.010000
0 0.136230 0.900000 0.010000 0.010000
0 0.416016 0.900000 0.010000 0.010000
0 0.100000 0.900000 0.010000 0.010000
0 0.847900 0.900000 0.010000 0.010000
0 0.100000 0.900000 0.010000 0.010000
0 0.100000 0.900000 0.010000 0.010000
0 0.100000 0.900000 0.010000 0.010000
0 0.100000 0.900000 0.010000 0.010000
0 0.100000 0.900000 0.010000 0.010000
0 0.100000 0.900000 0.010000 0.010000
0 0.541016 0.900000 0.010000 0.010417
0 0.739014 0.900000 0.010000 0.010000
0 0.805664 0.900000 0.010000 0.010000
0 0.900000 0.900000 0.010000 0.011068
0 0.100000 0.900000 0.010000 0.010000
0 0.282715 0.900000 0.010000 0.010000
0 0.728760 0.900000 0.010000 0.010000
0 0.900000 0.900000 0.010000 0.010000
0 0.689453 0.900000 0.010000 0.010000
0 0.736328 0.900000 0.010000 0.010000
0 0.202148 0.900000 0.010000 0.010000
0 0.231934 0.900000 0.010000 0.010000
0 0.100000 0.900000 0.010000 0.010000
0 0.562744 0.900000 0.010000 0.010000
0 0.527100 0.900000 0.010000 0.010000
0 0.900000 0.900000 0.010000 0.010000
0 0.900000 0.900000 0.019531 0.014974
0 0.900000 0.900000 0.010000 0.010000
0 0.148438 0.900000 0.010000 0.010000
0 0.900000 0.900000 0.010000 0.010000
0 0.472168 0.900000 0.010000 0.010000
0 0.336182 0.900000 0.010000 0.010000
0 0.341553 0.900000 0.010000 0.010000
0 0.392334 0.900000 0.010000 0.010000
0 0.436523 0.900000 0.010000 0.010000
0 0.474365 0.900000 0.010000 0.010000
0 0.337891 0.900000 0.010000 0.010000
0 0.831543 0.900000 0.010000 0.010000
0 0.739014 0.900000 0.010000 0.010000
