1 0.500000 0.500000 0.500000 0.500000
0 0.248535 0.100000 0.010742 0.010000
0 0.351562 0.100000 0.010000 0.010000
0 0.834473 0.100000 0.010000 0.010000
0 0.846191 0.100000 0.010000 0.010000
0 0.130859 0.100000 0.010000 0.010000
0 0.479980 0.100000 0.010000 0.010000
0 0.729492 0.100000 0.010000 0.010000
0 0.900000 0.100000 0.010000 0.010000
0 0.426025 0.100000 0.010000 0.010000
0 0.740967 0.100000 0.010000 0.010000
0 0.391357 0.100000 0.010000 0.010000
0 0.171631 0.100000 0.010000 0.010000
0 0.367188 0.100000 0.010000 0.010000
0 0.766846 0.100000 0.010000 0.010000
0 0.900000 0.100000 0.010000 0.010000
0 0.852295 0.100000 0.010000 0.010000
0 0.749512 0.100000 0.010000 0.010000
0 0.900000 0.100000 0.010000 0.010000
0 0.620361 0.100000 0.010000 0.010000
0 0.249512 0.100000 0.010000 0.010000
0 0.626221 0.100000 0.010000 0.010000
0 0.623291 0.100000 0.010000 0.010000
0 0.900000 0.100000 0.010000 0.010000
0 0.900000 0.100000 0.010000 0.010000
0 0.400879 0.100000 0.010000 0.010000
0 0.100000 0.100000 0.010000 0.010000
0 0.900000 0.100000 0.010000 0.010000
0 0.409668 0.100000 0.010000 0.010000
0 0.785400 0.100000 0.010000 0.011719
0 0.784180 0.100000 0.010000 0.014974
0 0.791016 0.100000 0.010000 0.010000
0 0.896240 0.100000 0.010000 0.010000
0 0.900000 0.100000 0.010000 0.010000
0 0.454590 0.100000 0.010000 0.010000
0 0.900000 0.100000 0.010000 0.010000
0 0.185303 0.100000 0.010000 0.010000
0 0.100000 0.100000 0.010000 0.010000
0 0.900000 0.100000 0.010000 0.010000
0 0.100000 0.100586 0.010000 0.010000
0 0.122070 0.100000 0.010000 0.010000
0 0.151367 0.100000 0.010000 0.010000
0 0.187988 0.100260 0.010000 0.010000
0 0.784180 0.100911 0.010000 0.010000
0 0.100000 0.106445 0.010000 0.010000
0 0.100000 0.105794 0.010000 0.010000
0 0.514404 0.107096 0.010000 0.010000
0 0.517578 0.110352 0.010000 0.010000
0 0.521729 0.111328 0.010000 0.010000
0 0.900000 0.110677 0.010000 0.010000
0 0.518799 0.114258 0.010000 0.010000
0 0.516113 0.118164 0.010000 0.010000
0 0.831787 0.121094 0.010000 0.010000
0 0.658936 0.125651 0.010000 0.010000
0 0.817627 0.125000 0.010000 0.010000
0 0.900000 0.125651 0.010000 0.010000
0 0.414062 0.129557 0.010000 0.010000
0 0.843750 0.132487 0.010000 0.010000
0 0.413330 0.134440 0.010000 0.010000
0 0.513184 0.139974 0.010000 0.010000
0 0.345947 0.142904 0.010000 0.010000
0 0.150146 0.144531 0.010000 0.010000
0 0.100000 0.146810 0.010000 0.010000
0 0.890869 0.150391 0.010000 0.010000
0 0.525146 0.153320 0.010000 0.010000
0 0.679688 0.161458 0.010000 0.010000
0 0.818359 0.165039 0.010000 0.010000
0 0.293213 0.173503 0.010000 0.010000
0 0.100000 0.175130 0.010000 0.010000
0 0.855469 0.172852 0.010000 0.010000
0 0.859375 0.173177 0.010000 0.010000
0 0.100000 0.176758 0.010000 0.010000
0 0.100000 0.177409 0.010000 0.010000
0 0.900000 0.178711 0.010000 0.010000
0 0.102783 0.178711 0.010000 0.010000
0 0.493652 0.184245 0.010000 0.010000
0 0.492432 0.185872 0.010000 0.010000
0 0.496094 0.186198 0.010000 0.010000
0 0.171631 0.185872 0.010000 0.010000
0 0.463379 0.199219 0.010000 0.010000
0 0.356201 0.199544 0.010000 0.010000
0 0.461182 0.200521 0.010000 0.010000
0 0.882080 0.203451 0.010000 0.010000
0 0.273926 0.206380 0.010000 0.010000
0 0.309326 0.219076 0.010000 0.010000
0 0.162109 0.225911 0.010000 0.010000
0 0.812256 0.222982 0.010000 0.010000
0 0.325684 0.226888 0.010000 0.010000
0 0.160400 0.227214 0.010000 0.010000
0 0.834473 0.238932 0.010000 0.010000
0 0.105713 0.240885 0.010000 0.010000
0 0.100000 0.246745 0.010000 0.010000
0 0.100000 0.251953 0.023438 0.016927
0 0.100000 0.251628 0.010000 0.010000
0 0.339844 0.250000 0.010000 0.010000
0 0.100000 0.253906 0.010000 0.010000
0 0.100000 0.256836 0.010000 0.010000
0 0.100000 0.259115 0.010000 0.010000
0 0.712646 0.259440 0.010000 0.010000
0 0.317383 0.260417 0.010000 0.010000
0 0.335693 0.268555 0.010000 0.017578
0 0.100000 0.263346 0.010000 0.010000
0 0.769287 0.262044 0.010000 0.010000
0 0.100000 0.270833 0.010000 0.011719
0 0.100000 0.270508 0.010000 0.010000
0 0.491943 0.272461 0.010000 0.010000
0 0.466553 0.273763 0.010000 0.010000
0 0.563721 0.275065 0.010000 0.010000
0 0.313477 0.276693 0.010000 0.010000
0 0.559082 0.280273 0.010000 0.010000
0 0.334961 0.280924 0.010000 0.010000
0 0.100000 0.284831 0.010000 0.010000
0 0.100000 0.288411 0.010000 0.010000
0 0.100000 0.290365 0.010000 0.010000
0 0.552734 0.292643 0.010000 0.010000
0 0.900000 0.303060 0.010000 0.010000
0 0.900000 0.305990 0.010000 0.010000
0 0.900000 0.312500 0.010000 0.010000
0 0.900000 0.311849 0.010000 0.010000
0 0.900000 0.314779 0.010000 0.010000
0 0.153809 0.313477 0.010000 0.010000
0 0.900000 0.314453 0.010000 0.010000
0 0.100000 0.315755 0.010000 0.010000
0 0.900000 0.316406 0.010000 0.010000
0 0.900000 0.316732 0.010000 0.010000
0 0.900000 0.317708 0.010000 0.010000
0 0.900000 0.317708 0.010000 0.010000
0 0.900000 0.319336 0.010000 0.010000
0 0.900000 0.319661 0.010000 0.010000
0 0.900000 0.320312 0.010000 0.010000
0 0.262451 0.322266 0.010000 0.010000
0 0.567871 0.327474 0.010000 0.010000
0 0.100000 0.327474 0.010000 0.010000
0 0.900000 0.329753 0.010000 0.010000
0 0.900000 0.334310 0.010000 0.010000
0 0.510254 0.333008 0.010000 0.010000
0 0.900000 0.336914 0.010000 0.010000
0 0.128662 0.342773 0.010000 0.010000
0 0.159668 0.342448 0.010000 0.010000
0 0.602783 0.345052 0.010000 0.010000
0 0.266846 0.347656 0.010254 0.010000
0 0.603516 0.344401 0.010000 0.010000
0 0.600830 0.361979 0.010000 0.010000
0 0.535400 0.369466 0.010000 0.010000
0 0.771973 0.369792 0.010000 0.010000
0 0.787598 0.368164 0.010000 0.010000
0 0.534424 0.373698 0.011230 0.010000
0 0.648438 0.379557 0.010000 0.010000
0 0.460693 0.382812 0.010000 0.010000
0 0.895264 0.381836 0.010000 0.010000
0 0.535889 0.383138 0.010000 0.010000
0 0.653320 0.382487 0.010000 0.010000
0 0.900000 0.383138 0.010000 0.010000
0 0.521240 0.385417 0.010000 0.010000
0 0.847412 0.389323 0.010000 0.010000
0 0.585938 0.389648 0.010000 0.010000
0 0.542236 0.402344 0.010000 0.010000
0 0.870850 0.402995 0.010000 0.010000
0 0.448730 0.416341 0.010000 0.014974
0 0.694092 0.411133 0.010000 0.010000
0 0.455811 0.412109 0.010000 0.010000
0 0.630859 0.414388 0.010000 0.010000
0 0.864746 0.414388 0.010000 0.010000
0 0.639648 0.414714 0.010000 0.010000
0 0.782227 0.416341 0.010000 0.010000
0 0.452637 0.421875 0.010000 0.010000
0 0.627930 0.421224 0.010000 0.010000
0 0.100000 0.423177 0.010000 0.010000
0 0.499512 0.427409 0.010000 0.010000
0 0.409424 0.435221 0.010000 0.010000
0 0.777588 0.435547 0.010000 0.010000
0 0.591553 0.446615 0.010000 0.010000
0 0.900000 0.450846 0.010000 0.010000
0 0.149902 0.452799 0.010000 0.010000
0 0.704590 0.453125 0.010000 0.010000
0 0.406250 0.456055 0.010000 0.010000
0 0.697021 0.456706 0.010000 0.010000
0 0.705078 0.456380 0.010000 0.010000
0 0.789795 0.458008 0.010000 0.010000
0 0.311279 0.458984 0.010000 0.010000
0 0.615234 0.463216 0.010000 0.010000
0 0.309082 0.461263 0.010000 0.010000
0 0.472412 0.461263 0.010000 0.010000
0 0.700928 0.463542 0.010000 0.010000
0 0.453369 0.465169 0.010000 0.010000
0 0.205078 0.465820 0.010000 0.010000
0 0.456299 0.464844 0.010000 0.010000
0 0.881348 0.464844 0.010000 0.010000
0 0.253174 0.467122 0.010000 0.010000
0 0.355957 0.469401 0.010000 0.010000
0 0.700928 0.468424 0.010000 0.010000
0 0.282715 0.470052 0.010000 0.010000
0 0.206543 0.473633 0.010000 0.010000
0 0.208008 0.473633 0.010000 0.010000
0 0.262695 0.477865 0.010000 0.010000
0 0.193848 0.480794 0.010000 0.010000
0 0.478516 0.479492 0.010000 0.010000
0 0.900000 0.484375 0.010000 0.010417
0 0.592529 0.485677 0.010000 0.010000
0 0.810059 0.485677 0.010000 0.010000
0 0.113770 0.487956 0.010000 0.010000
0 0.801270 0.486328 0.010000 0.010000
0 0.245117 0.493490 0.010000 0.010417
0 0.248291 0.496745 0.010000 0.010000
0 0.669922 0.497070 0.010000 0.010000
0 0.360352 0.499023 0.010000 0.010000
0 0.669434 0.500000 0.010000 0.010000
0 0.900000 0.501302 0.010000 0.010000
0 0.249756 0.505534 0.010000 0.010000
0 0.381836 0.505859 0.010000 0.010000
0 0.677246 0.507812 0.010000 0.010000
0 0.100000 0.516602 0.010000 0.010000
0 0.100000 0.517578 0.010000 0.010000
0 0.103271 0.516602 0.010000 0.010000
0 0.557373 0.518880 0.010000 0.010000
0 0.562012 0.517578 0.010000 0.010000
0 0.776123 0.518880 0.010000 0.010000
0 0.754883 0.520833 0.010000 0.010000
0 0.900000 0.524414 0.010000 0.011068
0 0.100000 0.525065 0.010000 0.010000
0 0.109619 0.524740 0.010000 0.010000
0 0.554443 0.525716 0.010000 0.010000
0 0.766602 0.527344 0.010000 0.010000
0 0.139404 0.532227 0.010000 0.010000
0 0.223633 0.530924 0.010000 0.010000
0 0.876221 0.531250 0.010000 0.010000
0 0.900000 0.538411 0.010000 0.011719
0 0.677002 0.536458 0.010000 0.010000
0 0.143799 0.539714 0.010000 0.010000
0 0.154297 0.542318 0.010000 0.010000
0 0.899414 0.541992 0.010000 0.010000
0 0.900000 0.541667 0.010000 0.010000
0 0.676758 0.542969 0.010000 0.010000
0 0.900000 0.544271 0.010000 0.010000
0 0.701172 0.546224 0.010000 0.010000
0 0.179688 0.552083 0.010000 0.010000
0 0.598145 0.553060 0.010000 0.010000
0 0.409424 0.554036 0.010000 0.010000
0 0.709229 0.558268 0.010000 0.010000
0 0.371582 0.565755 0.010000 0.010000
0 0.420166 0.563151 0.010000 0.010000
0 0.464600 0.569010 0.010000 0.010000
0 0.465088 0.570964 0.010000 0.010000
0 0.574951 0.572917 0.010000 0.010000
0 0.582764 0.573568 0.010000 0.010000
0 0.105957 0.573568 0.010000 0.010000
0 0.521484 0.579102 0.010000 0.010000
0 0.548584 0.580729 0.010000 0.010000
0 0.526123 0.585612 0.010000 0.010000
0 0.340576 0.586589 0.010000 0.010000
0 0.100000 0.600911 0.010000 0.020833
0 0.552979 0.596029 0.010000 0.010000
0 0.300049 0.603190 0.010000 0.010000
0 0.115234 0.604492 0.010000 0.010000
0 0.620361 0.608398 0.013184 0.010000
0 0.620605 0.608398 0.010000 0.010000
0 0.404541 0.618164 0.010000 0.010000
0 0.154297 0.634440 0.010000 0.010000
0 0.772705 0.640625 0.010000 0.010000
0 0.238770 0.641927 0.010000 0.010000
0 0.544434 0.643880 0.010000 0.010000
0 0.257812 0.648112 0.010000 0.010000
0 0.302490 0.650391 0.010000 0.010000
0 0.435547 0.650716 0.010000 0.010000
0 0.801758 0.652344 0.010000 0.010000
0 0.287109 0.655599 0.010000 0.010000
0 0.655518 0.655273 0.010000 0.010000
0 0.100000 0.658203 0.010000 0.010000
0 0.464600 0.659831 0.010000 0.010000
0 0.484619 0.661133 0.010000 0.010000
0 0.462402 0.660807 0.010000 0.010000
0 0.100000 0.666016 0.010000 0.010000
0 0.478760 0.665365 0.010000 0.010000
0 0.521484 0.666341 0.010000 0.010000
0 0.100000 0.669596 0.010000 0.010000
0 0.833252 0.670573 0.010000 0.010000
0 0.190918 0.672852 0.010000 0.010000
0 0.900000 0.675781 0.010000 0.010000
0 0.231934 0.675781 0.010000 0.010000
0 0.241211 0.676107 0.010000 0.010000
0 0.811279 0.676107 0.010000 0.010000
0 0.236572 0.676758 0.010000 0.010000
0 0.242676 0.678060 0.010000 0.010000
0 0.279785 0.678385 0.010000 0.010000
0 0.900000 0.681641 0.010000 0.010000
0 0.900000 0.682617 0.010000 0.010000
0 0.243896 0.684245 0.010000 0.010000
0 0.246826 0.682292 0.010000 0.010000
0 0.100000 0.685221 0.010000 0.010000
0 0.100000 0.690430 0.010000 0.010000
0 0.801025 0.689779 0.010000 0.010000
0 0.100000 0.693359 0.010000 0.010000
0 0.685547 0.692057 0.010000 0.010000
0 0.100000 0.697266 0.010000 0.010000
0 0.100000 0.701823 0.010000 0.010000
0 0.755615 0.703776 0.010000 0.010000
0 0.298828 0.706706 0.010000 0.010000
0 0.554688 0.708008 0.010000 0.010000
0 0.830322 0.710612 0.010000 0.010000
0 0.740967 0.709961 0.010000 0.010000
0 0.617188 0.710286 0.010000 0.010000
0 0.876465 0.715820 0.010000 0.010000
0 0.716553 0.722331 0.010000 0.010000
0 0.753906 0.720703 0.010000 0.010000
0 0.838135 0.721680 0.010000 0.010000
0 0.267822 0.727214 0.010000 0.010000
0 0.123291 0.760742 0.039551 0.060547
0 0.900000 0.733724 0.010000 0.010000
0 0.259277 0.741536 0.010000 0.010000
0 0.341064 0.741862 0.010000 0.010000
0 0.900000 0.742188 0.010000 0.010000
0 0.891357 0.746745 0.010000 0.010000
0 0.900000 0.747721 0.010000 0.010000
0 0.259521 0.750000 0.010000 0.010000
0 0.162109 0.751302 0.010000 0.010000
0 0.184326 0.753581 0.010254 0.010000
0 0.519531 0.755534 0.010000 0.010000
0 0.183350 0.758464 0.010000 0.010000
0 0.521729 0.763021 0.010000 0.010000
0 0.177734 0.765951 0.010000 0.010000
0 0.534668 0.765299 0.010000 0.010000
0 0.848145 0.769531 0.010000 0.010000
0 0.473633 0.768880 0.010000 0.010000
0 0.761719 0.775065 0.010000 0.010000
0 0.633301 0.802409 0.020508 0.017578
0 0.647705 0.796224 0.010000 0.010000
0 0.705078 0.794922 0.010000 0.010000
0 0.900000 0.797526 0.010000 0.010000
0 0.469971 0.803060 0.010000 0.010000
0 0.164795 0.805339 0.010000 0.010000
0 0.323730 0.805339 0.010000 0.010000
0 0.324951 0.808268 0.010000 0.010000
0 0.895264 0.807617 0.010000 0.010000
0 0.325195 0.812174 0.010000 0.010000
0 0.623047 0.809896 0.010000 0.010000
0 0.287598 0.810872 0.010000 0.010000
0 0.797607 0.810547 0.010000 0.010000
0 0.524658 0.821289 0.010000 0.010000
0 0.516846 0.825195 0.010000 0.010000
0 0.162354 0.823568 0.010000 0.010000
0 0.524414 0.825195 0.010000 0.010000
0 0.518311 0.829102 0.010000 0.010000
0 0.900000 0.828125 0.010000 0.010000
0 0.900000 0.831380 0.010000 0.010000
0 0.471191 0.834961 0.010000 0.010000
0 0.900000 0.835612 0.010000 0.010000
0 0.471924 0.838542 0.010000 0.010000
0 0.900000 0.841471 0.010000 0.010000
0 0.551758 0.846029 0.010000 0.010000
0 0.233887 0.847331 0.010000 0.010000
0 0.778076 0.850911 0.010000 0.010000
0 0.900000 0.850586 0.010000 0.010000
0 0.693604 0.854167 0.010000 0.010000
0 0.352783 0.857422 0.010000 0.010000
0 0.454346 0.856120 0.010000 0.010000
0 0.850830 0.859375 0.010000 0.010000
0 0.114014 0.864909 0.010000 0.010000
0 0.900000 0.866536 0.010000 0.010000
0 0.692627 0.869466 0.010000 0.010000
0 0.418945 0.871419 0.010000 0.010000
0 0.797363 0.879557 0.010000 0.010000
0 0.100000 0.879557 0.010000 0.010000
0 0.100000 0.884115 0.010000 0.010000
0 0.737793 0.900000 0.010000 0.010000
0 0.107178 0.900000 0.010000 0.010000
0 0.839600 0.900000 0.010000 0.010000
0 0.100000 0.900000 0.010000 0.010000
0 0.674561 0.900000 0.010000 0.010000
0 0.147705 0.900000 0.010000 0.010000
0 0.185303 0.900000 0.010000 0.010000
0 0.526123 0.900000 0.010000 0.010000
0 0.846436 0.900000 0.010000 0.010000
0 0.147949 0.900000 0.010000 0.010000
0 0.885498 0.900000 0.010000 0.010000
0 0.149414 0.900000 0.010000 0.010000
0 0.164062 0.900000 0.010000 0.010000
0 0.330078 0.900000 0.010000 0.010000
0 0.333496 0.900000 0.010000 0.011068
0 0.838623 0.900000 0.010000 0.010000
0 0.148438 0.900000 0.010742 0.010000
0 0.148682 0.900000 0.010000 0.010000
0 0.171875 0.900000 0.010000 0.010000
0 0.900000 0.900000 0.010000 0.010000
0 0.657471 0.900000 0.010000 0.010000
0 0.652832 0.900000 0.010000 0.010000
0 0.136719 0.900000 0.010000 0.010000
0 0.874512 0.900000 0.010000 0.010000
0 0.248291 0.900000 0.010000 0.010000
0 0.382568 0.900000 0.010000 0.011719
0 0.382812 0.900000 0.010000 0.010000
0 0.319092 0.900000 0.010000 0.010000
0 0.323975 0.900000 0.010000 0.010000
0 0.801758 0.900000 0.010000 0.010000
0 0.252197 0.900000 0.010000 0.010000
0 0.658691 0.900000 0.010000 0.010000
0 0.391846 0.900000 0.010000 0.010000
0 0.381836 0.900000 0.010000 0.010000
0 0.777588 0.900000 0.010000 0.010000
0 0.900000 0.900000 0.010000 0.010000
0 0.291260 0.900000 0.010000 0.010000
0 0.293701 0.900000 0.010000 0.010000
0 0.900000 0.900000 0.010000 0.010000
0 0.603760 0.900000 0.010000 0.010000
0 0.637451 0.900000 0.010000 0.011068
0 0.635254 0.900000 0.010000 0.010000
0 0.448242 0.900000 0.010000 0.010000
0 0.300537 0.900000 0.010000 0.010000
0 0.418701 0.900000 0.010000 0.010000
0 0.499756 0.900000 0.010000 0.010000
0 0.100000 0.900000 0.010000 0.010000
0 0.635254 0.900000 0.010000 0.010000
0 0.484619 0.900000 0.010000 0.010000
0 0.100000 0.900000 0.010000 0.010000
0 0.632080 0.900000 0.010000 0.010000
0 0.493164 0.900000 0.010000 0.010000
0 0.501709 0.900000 0.010000 0.010000
0 0.638672 0.900000 0.010000 0.010000
0 0.309082 0.900000 0.010000 0.010000
0 0.416016 0.900000 0.010000 0.010000
0 0.419678 0.900000 0.010000 0.010000
0 0.496826 0.900000 0.010000 0.010000
0 0.545410 0.900000 0.010000 0.010000
0 0.393311 0.900000 0.010000 0.010000
0 0.639893 0.900000 0.010000 0.010000
