1 0.500000 0.500000 0.500000 0.500000
0 0.900000 0.100000 0.010000 0.010000
0 0.900000 0.100000 0.010000 0.010000
0 0.136719 0.100000 0.010000 0.010000
0 0.100000 0.100000 0.010000 0.010000
0 0.878662 0.100000 0.010000 0.010000
0 0.900000 0.100000 0.010000 0.010000
0 0.603760 0.100000 0.010000 0.010000
0 0.291016 0.100000 0.010000 0.010000
0 0.370117 0.100000 0.010000 0.010000
0 0.536133 0.100000 0.010000 0.010000
0 0.572266 0.100000 0.010000 0.010000
0 0.643311 0.100000 0.010000 0.010000
0 0.656982 0.100000 0.011230 0.011068
0 0.646484 0.100000 0.010000 0.010000
0 0.457031 0.100000 0.010000 0.010000
0 0.643066 0.100000 0.010000 0.010000
0 0.100000 0.100000 0.010000 0.010000
0 0.644287 0.100000 0.010000 0.010000
0 0.644775 0.105143 0.010000 0.010000
0 0.565674 0.115234 0.010000 0.010000
0 0.473877 0.117839 0.010000 0.010000
0 0.620361 0.118164 0.010000 0.010000
0 0.317383 0.120443 0.010000 0.010000
0 0.781006 0.129557 0.010000 0.010000
0 0.342529 0.138672 0.013184 0.019531
0 0.542480 0.130534 0.010000 0.010000
0 0.560303 0.131185 0.010000 0.010000
0 0.545654 0.135417 0.010000 0.010000
0 0.331299 0.137370 0.010000 0.010000
0 0.336426 0.138346 0.010000 0.010000
0 0.831787 0.138346 0.010000 0.010000
0 0.616699 0.139648 0.010000 0.010000
0 0.900000 0.142253 0.010000 0.010000
0 0.454834 0.156576 0.010000 0.010000
0 0.384033 0.161133 0.015137 0.010000
0 0.288086 0.171875 0.010000 0.010000
0 0.482178 0.181315 0.010000 0.010000
0 0.288818 0.197591 0.010000 0.010000
0 0.878418 0.202474 0.010000 0.010000
0 0.692627 0.212565 0.010000 0.010000
0 0.396729 0.221029 0.010000 0.010000
0 0.863281 0.236328 0.010000 0.010000
0 0.725830 0.247070 0.010000 0.010000
0 0.403320 0.248698 0.010000 0.010000
0 0.891846 0.259115 0.010000 0.010000
0 0.748779 0.259115 0.012207 0.010000
0 0.186035 0.274414 0.010000 0.010000
0 0.208984 0.287109 0.010000 0.010000
0 0.631104 0.288086 0.010000 0.010000
0 0.783691 0.288086 0.010000 0.010000
0 0.874512 0.291341 0.010000 0.010000
0 0.145752 0.294922 0.010000 0.010000
0 0.820312 0.301432 0.010000 0.010000
0 0.900000 0.306641 0.010000 0.010000
0 0.758545 0.307943 0.010000 0.010000
0 0.869629 0.310547 0.010000 0.010000
0 0.715088 0.316406 0.010000 0.010000
0 0.900000 0.322917 0.010000 0.010000
0 0.252197 0.335286 0.010000 0.010000
0 0.621826 0.339193 0.010000 0.010000
0 0.254150 0.343424 0.010000 0.010000
0 0.348145 0.342122 0.010000 0.010000
0 0.327148 0.344727 0.010000 0.010000
0 0.332275 0.351562 0.010000 0.010000
0 0.417969 0.359701 0.010000 0.010000
0 0.214600 0.362630 0.010000 0.010000
0 0.666504 0.364583 0.010000 0.010000
0 0.606201 0.400716 0.111816 0.051432
0 0.100000 0.380859 0.010000 0.010000
0 0.712402 0.381185 0.010000 0.010000
0 0.513184 0.388997 0.010000 0.010000
0 0.900000 0.393229 0.010000 0.010000
0 0.900000 0.391276 0.010000 0.010000
0 0.514648 0.390951 0.010000 0.010000
0 0.900000 0.393880 0.010000 0.010000
0 0.264404 0.393555 0.010000 0.010000
0 0.900000 0.395833 0.010000 0.010000
0 0.603516 0.397135 0.010000 0.010000
0 0.275391 0.401367 0.010000 0.010000
0 0.276123 0.400391 0.010000 0.010000
0 0.558838 0.401693 0.010000 0.010000
0 0.487305 0.406576 0.010000 0.010000
0 0.494385 0.411784 0.014160 0.016276
0 0.656006 0.405599 0.010000 0.010000
0 0.273926 0.406576 0.010000 0.010000
0 0.100000 0.415690 0.010000 0.010000
0 0.489258 0.425130 0.010000 0.010000
0 0.808594 0.424154 0.010000 0.010000
0 0.180908 0.425781 0.010000 0.010000
0 0.625000 0.425781 0.010000 0.010000
0 0.261719 0.431641 0.010000 0.010000
0 0.261719 0.432617 0.010000 0.010000
0 0.520020 0.442057 0.010000 0.010000
0 0.259521 0.445638 0.010000 0.010000
0 0.125488 0.449219 0.010000 0.010000
0 0.278809 0.458984 0.010000 0.010000
0 0.389893 0.464518 0.010000 0.010000
0 0.900000 0.469401 0.010000 0.010000
0 0.900000 0.472331 0.010000 0.010000
0 0.454834 0.483073 0.014160 0.016927
0 0.661377 0.484701 0.010000 0.010000
0 0.446289 0.489583 0.010000 0.010000
0 0.594482 0.494141 0.010000 0.010000
0 0.449219 0.494141 0.010000 0.010000
0 0.593262 0.492513 0.010000 0.010000
0 0.152344 0.493164 0.010000 0.010000
0 0.509033 0.498372 0.010000 0.010000
0 0.673096 0.497721 0.010000 0.010000
0 0.671387 0.499674 0.010000 0.010000
0 0.868408 0.506185 0.010000 0.010000
0 0.872803 0.507812 0.010000 0.010000
0 0.100000 0.508789 0.010000 0.010000
0 0.900000 0.509440 0.010000 0.010000
0 0.845703 0.509766 0.010000 0.010000
0 0.100000 0.519857 0.010000 0.010000
0 0.239990 0.531576 0.010000 0.010000
0 0.772461 0.534180 0.010000 0.010000
0 0.775391 0.536133 0.010000 0.010000
0 0.100000 0.538737 0.010000 0.010000
0 0.786133 0.539062 0.010000 0.010000
0 0.798584 0.551758 0.010000 0.010000
0 0.860352 0.556641 0.010000 0.010000
0 0.300293 0.558919 0.010000 0.010000
0 0.199219 0.570964 0.010000 0.010000
0 0.753906 0.579427 0.010000 0.010000
0 0.783691 0.582031 0.010000 0.010000
0 0.900000 0.591146 0.010000 0.010000
0 0.900000 0.591471 0.010000 0.010000
0 0.683594 0.594401 0.010000 0.010000
0 0.900000 0.596354 0.010000 0.010000
0 0.900000 0.596354 0.010000 0.010000
0 0.641846 0.598307 0.010000 0.010000
0 0.772705 0.600586 0.010000 0.010000
0 0.900000 0.602214 0.010000 0.010000
0 0.900000 0.602539 0.010000 0.010000
0 0.900000 0.611654 0.010000 0.010000
0 0.900000 0.609701 0.010000 0.010000
0 0.680664 0.611979 0.010000 0.010000
0 0.634277 0.616862 0.010000 0.010000
0 0.413330 0.616536 0.010000 0.010000
0 0.419922 0.627604 0.010000 0.010000
0 0.900000 0.626953 0.010000 0.010000
0 0.807129 0.631510 0.010000 0.010000
0 0.874756 0.629883 0.010000 0.010000
0 0.865967 0.633789 0.010000 0.010000
0 0.874023 0.634440 0.010000 0.010000
0 0.325928 0.639323 0.010000 0.010000
0 0.869385 0.640299 0.010000 0.010000
0 0.872314 0.640299 0.010000 0.010000
0 0.865234 0.642253 0.010000 0.010000
0 0.863525 0.642904 0.010000 0.010000
0 0.873535 0.644531 0.010000 0.010000
0 0.877441 0.647135 0.010000 0.010000
0 0.866943 0.651693 0.010000 0.010417
0 0.864502 0.651042 0.010000 0.010000
0 0.862061 0.651693 0.010000 0.010000
0 0.503662 0.662109 0.010000 0.015625
0 0.572266 0.657878 0.010000 0.010000
0 0.500732 0.663737 0.010000 0.010000
0 0.762695 0.663737 0.010000 0.010000
0 0.753418 0.666992 0.010000 0.010000
0 0.493896 0.666341 0.010000 0.010000
0 0.108398 0.666341 0.010000 0.010000
0 0.498779 0.672526 0.010000 0.010000
0 0.605713 0.668945 0.010000 0.010000
0 0.177246 0.670247 0.010000 0.010000
0 0.271484 0.673828 0.010000 0.010000
0 0.892090 0.673828 0.010000 0.010000
0 0.271484 0.676432 0.010000 0.010000
0 0.765137 0.676432 0.010000 0.010000
0 0.766846 0.677409 0.010000 0.010000
0 0.837891 0.682292 0.010000 0.010000
0 0.806396 0.685547 0.010000 0.010000
0 0.808594 0.686523 0.010000 0.010000
0 0.406494 0.689453 0.010000 0.010000
0 0.722168 0.691732 0.010000 0.010000
0 0.747314 0.695638 0.010000 0.010000
0 0.900000 0.698568 0.010000 0.010000
0 0.212646 0.700521 0.010000 0.010000
0 0.123535 0.703125 0.010000 0.010000
0 0.131836 0.707031 0.010000 0.010000
0 0.420898 0.708333 0.010000 0.010000
0 0.213135 0.710612 0.010000 0.010000
0 0.332031 0.711914 0.010000 0.010000
0 0.100000 0.709961 0.010000 0.010000
0 0.408936 0.710938 0.010000 0.010000
0 0.447510 0.709635 0.010000 0.010000
0 0.100000 0.713216 0.010000 0.010000
0 0.214600 0.711263 0.010000 0.010000
0 0.100000 0.713216 0.010000 0.010000
0 0.330078 0.713216 0.010000 0.010000
0 0.452148 0.712565 0.010000 0.010000
0 0.821045 0.713216 0.010000 0.010000
0 0.100000 0.716146 0.010000 0.010000
0 0.215088 0.721029 0.010000 0.010000
0 0.512207 0.753255 0.010000 0.010000
0 0.447998 0.755859 0.010000 0.010000
0 0.499512 0.757812 0.010000 0.010000
0 0.213623 0.757812 0.010000 0.010000
0 0.499512 0.760417 0.010000 0.010000
0 0.243896 0.760417 0.010000 0.010000
0 0.100000 0.777018 0.010000 0.010000
0 0.383301 0.780599 0.010000 0.010000
0 0.900000 0.784831 0.010000 0.010000
0 0.815918 0.798177 0.010000 0.010000
0 0.153564 0.799805 0.010000 0.010000
0 0.330322 0.805664 0.010000 0.010000
0 0.334961 0.805664 0.010000 0.010000
0 0.220947 0.828451 0.031738 0.043620
0 0.687012 0.809245 0.010000 0.010000
0 0.241211 0.812500 0.010000 0.010000
0 0.262451 0.815430 0.010000 0.010000
0 0.302246 0.816406 0.010000 0.010000
0 0.900000 0.825846 0.010000 0.010000
0 0.477539 0.828125 0.010000 0.010000
0 0.608887 0.844401 0.010000 0.010000
0 0.900000 0.854818 0.010000 0.010000
0 0.614014 0.858724 0.010000 0.010000
0 0.374023 0.871745 0.012695 0.011719
0 0.615234 0.871419 0.010000 0.010000
0 0.900000 0.878906 0.016113 0.011719
0 0.889648 0.881510 0.010742 0.011719
0 0.445557 0.877604 0.010000 0.010000
0 0.322998 0.887695 0.010000 0.010000
0 0.900000 0.888021 0.010000 0.010000
0 0.252686 0.899414 0.010000 0.010000
0 0.786621 0.900000 0.010000 0.010000
0 0.226807 0.900000 0.010000 0.010000
0 0.490723 0.900000 0.010000 0.010000
0 0.224121 0.900000 0.010000 0.010000
0 0.900000 0.900000 0.010000 0.010000
0 0.617676 0.900000 0.041016 0.053385
0 0.581299 0.900000 0.010000 0.010000
0 0.409668 0.900000 0.010000 0.010000
0 0.100000 0.900000 0.010000 0.010000
0 0.256104 0.900000 0.010000 0.010000
0 0.808350 0.900000 0.010000 0.010000
0 0.223389 0.900000 0.010000 0.010000
0 0.643066 0.900000 0.010000 0.010000
0 0.258301 0.900000 0.010000 0.010000
0 0.643311 0.900000 0.010000 0.010000
0 0.100000 0.900000 0.010000 0.010000
0 0.100000 0.900000 0.010000 0.010000
0 0.217773 0.900000 0.010000 0.010000
0 0.627686 0.900000 0.010000 0.010000
0 0.255859 0.900000 0.010000 0.010000
0 0.739990 0.900000 0.010000 0.010000
0 0.739502 0.900000 0.010000 0.010000
0 0.888428 0.900000 0.010000 0.010000
0 0.900000 0.900000 0.010000 0.010000
0 0.669678 0.900000 0.010000 0.010000
0 0.100000 0.900000 0.010000 0.010000
0 0.900000 0.900000 0.010000 0.010417
0 0.900000 0.900000 0.010000 0.010000
0 0.824951 0.900000 0.015137 0.010000
0 0.900000 0.900000 0.010000 0.010000
0 0.835938 0.900000 0.010000 0.010000
