0 0.100000 0.100000 0.010000 0.010000
1 0.500000 0.500000 0.500000 0.500000
0 0.304199 0.100000 0.010000 0.010000
0 0.330078 0.100000 0.010000 0.010000
0 0.345947 0.100000 0.010000 0.010000
0 0.463623 0.100000 0.010000 0.010000
0 0.831299 0.100000 0.010000 0.010000
0 0.832764 0.100000 0.010000 0.010000
0 0.834229 0.100000 0.010000 0.010000
0 0.843018 0.100000 0.010000 0.010000
0 0.100000 0.100000 0.010000 0.010000
0 0.610840 0.100000 0.010000 0.010000
0 0.100000 0.100000 0.010000 0.010000
0 0.486816 0.100000 0.010000 0.010000
0 0.882324 0.100000 0.010000 0.010000
0 0.497559 0.100000 0.010000 0.010000
0 0.900000 0.100000 0.010000 0.010000
0 0.900000 0.100000 0.010000 0.010000
0 0.454834 0.100000 0.010000 0.010000
0 0.900000 0.100000 0.010000 0.010000
0 0.100000 0.100000 0.010000 0.010000
0 0.100000 0.100000 0.010000 0.010000
0 0.643311 0.100000 0.010000 0.010000
0 0.443848 0.100000 0.010000 0.010000
0 0.446777 0.100000 0.010000 0.010000
0 0.521729 0.100000 0.010000 0.010000
0 0.304932 0.100000 0.019043 0.017578
0 0.288818 0.100000 0.010000 0.010000
0 0.203857 0.100000 0.010000 0.010000
0 0.807129 0.100000 0.010000 0.010000
0 0.205322 0.100000 0.010000 0.010000
0 0.202148 0.108724 0.014648 0.015625
0 0.677734 0.101562 0.010000 0.010000
0 0.566406 0.108073 0.010000 0.010000
0 0.714844 0.111328 0.010000 0.010000
0 0.716309 0.109375 0.010000 0.010000
0 0.807373 0.111979 0.010000 0.010000
0 0.840332 0.130208 0.010000 0.010000
0 0.336914 0.142578 0.010000 0.010000
0 0.900000 0.144857 0.010000 0.010000
0 0.100000 0.147786 0.010000 0.010000
0 0.900000 0.147786 0.010000 0.010000
0 0.132324 0.149089 0.010000 0.010000
0 0.900000 0.161458 0.013184 0.028646
0 0.900000 0.156576 0.010742 0.014974
0 0.859375 0.151042 0.010000 0.010000
0 0.665283 0.157227 0.010000 0.012370
0 0.181885 0.163086 0.010000 0.010000
0 0.392090 0.162435 0.010000 0.010000
0 0.165527 0.164388 0.010000 0.010000
0 0.158203 0.176107 0.010000 0.010000
0 0.770508 0.185221 0.010000 0.010000
0 0.459717 0.203125 0.011230 0.010417
0 0.220947 0.203776 0.010000 0.010000
0 0.491455 0.206706 0.010000 0.010000
0 0.523682 0.209310 0.012207 0.014974
0 0.819824 0.205404 0.010000 0.010000
0 0.530273 0.208333 0.010000 0.010000
0 0.608887 0.217122 0.010000 0.011068
0 0.600098 0.218750 0.010000 0.010000
0 0.100000 0.230469 0.010000 0.010000
0 0.805664 0.240560 0.010000 0.010000
0 0.614990 0.245443 0.010000 0.010000
0 0.806885 0.246094 0.010000 0.010000
0 0.100000 0.251302 0.010000 0.010000
0 0.100000 0.264974 0.010000 0.015625
0 0.749023 0.260417 0.010000 0.010000
0 0.210693 0.266276 0.010000 0.010000
0 0.527344 0.280924 0.010000 0.010000
0 0.130371 0.284180 0.010742 0.010000
0 0.455566 0.287109 0.010000 0.010000
0 0.777344 0.291016 0.010000 0.010000
0 0.900000 0.296875 0.015625 0.018229
0 0.465576 0.291016 0.010000 0.010000
0 0.447510 0.296875 0.010000 0.010000
0 0.734131 0.297852 0.010000 0.010000
0 0.449951 0.301107 0.010000 0.010000
0 0.463867 0.299479 0.010000 0.010000
0 0.191162 0.301758 0.010000 0.010000
0 0.780029 0.305339 0.010000 0.010000
0 0.263184 0.308919 0.010000 0.010000
0 0.492676 0.316406 0.010000 0.010000
0 0.516846 0.317383 0.010000 0.010000
0 0.778564 0.318685 0.010000 0.010000
0 0.273438 0.319661 0.010000 0.010000
0 0.599854 0.340820 0.010000 0.010000
0 0.272217 0.341471 0.010000 0.010000
0 0.100000 0.349609 0.010000 0.010000
0 0.116943 0.353190 0.010000 0.011068
0 0.100000 0.356445 0.016602 0.013672
0 0.116455 0.352214 0.010000 0.010000
0 0.392822 0.356771 0.010000 0.010000
0 0.398193 0.356445 0.010000 0.010000
0 0.104248 0.358073 0.010000 0.010000
0 0.107910 0.358398 0.010000 0.010000
0 0.243408 0.358724 0.010000 0.010000
0 0.399658 0.358724 0.010000 0.010000
0 0.900000 0.358724 0.010000 0.010000
0 0.124023 0.364258 0.010000 0.010000
0 0.900000 0.367188 0.010000 0.010000
0 0.900000 0.370443 0.010000 0.010000
0 0.900000 0.370443 0.010000 0.010000
0 0.900000 0.374023 0.010000 0.010000
0 0.900000 0.377604 0.010000 0.010000
0 0.900000 0.379232 0.010000 0.010000
0 0.750488 0.385742 0.010000 0.010000
0 0.748779 0.384766 0.010000 0.010000
0 0.876709 0.385091 0.010000 0.010000
0 0.559814 0.391602 0.011230 0.011068
0 0.228760 0.395833 0.011230 0.011719
0 0.245117 0.390299 0.010000 0.010000
0 0.797119 0.406901 0.021973 0.031250
0 0.414551 0.394206 0.010000 0.010000
0 0.228271 0.396484 0.010000 0.010000
0 0.100000 0.396484 0.010000 0.010000
0 0.100000 0.419596 0.035645 0.038411
0 0.533447 0.401367 0.010000 0.010000
0 0.100000 0.402344 0.010000 0.010000
0 0.536377 0.403971 0.010000 0.010000
0 0.277344 0.408529 0.010000 0.010000
0 0.290527 0.406250 0.010000 0.010000
0 0.880615 0.414062 0.010000 0.010000
0 0.286621 0.423503 0.033203 0.014974
0 0.675537 0.416992 0.010000 0.010000
0 0.100000 0.419596 0.010000 0.010000
0 0.292480 0.420573 0.010000 0.010000
0 0.900000 0.420898 0.010000 0.010000
0 0.417725 0.421875 0.010000 0.010000
0 0.100000 0.428385 0.010000 0.010000
0 0.100000 0.435872 0.010000 0.016276
0 0.100000 0.431641 0.010000 0.010000
0 0.309570 0.436198 0.010000 0.010000
0 0.900000 0.437500 0.010000 0.010000
0 0.898682 0.444010 0.010000 0.010000
0 0.100000 0.451172 0.010000 0.010000
0 0.580078 0.457357 0.010000 0.010000
0 0.541992 0.467122 0.010000 0.010000
0 0.437500 0.474609 0.010000 0.010000
0 0.154053 0.490885 0.010000 0.010000
0 0.153320 0.493490 0.010000 0.010000
0 0.200684 0.495768 0.010000 0.010000
0 0.306396 0.502604 0.010000 0.010000
0 0.611328 0.512044 0.010000 0.010000
0 0.249756 0.513672 0.010000 0.010000
0 0.442871 0.516276 0.010000 0.010000
0 0.696289 0.516927 0.010000 0.010000
0 0.167236 0.525065 0.010000 0.010000
0 0.100000 0.527344 0.010000 0.010000
0 0.269531 0.531250 0.010000 0.010000
0 0.459961 0.537760 0.010000 0.010000
0 0.900000 0.539388 0.010000 0.010000
0 0.457275 0.543945 0.010000 0.010000
0 0.453369 0.544271 0.010000 0.010000
0 0.314941 0.555664 0.010000 0.010000
0 0.315430 0.555013 0.010000 0.010000
0 0.577148 0.564453 0.010000 0.010000
0 0.574707 0.569010 0.010000 0.010417
0 0.100000 0.566732 0.010000 0.010000
0 0.533936 0.568685 0.010000 0.010000
0 0.154297 0.569010 0.010000 0.010000
0 0.114746 0.577474 0.010000 0.013021
0 0.119873 0.573893 0.010000 0.010000
0 0.121338 0.573893 0.010000 0.010000
0 0.573975 0.575195 0.010000 0.010000
0 0.195312 0.578451 0.010000 0.010000
0 0.159668 0.581380 0.010000 0.010000
0 0.336426 0.588867 0.010000 0.010000
0 0.434570 0.586914 0.010000 0.010000
0 0.485352 0.592773 0.010000 0.010000
0 0.810547 0.598307 0.010000 0.010000
0 0.339111 0.598958 0.010000 0.010000
0 0.274170 0.599609 0.010000 0.010000
0 0.308105 0.611328 0.010000 0.010000
0 0.307617 0.612956 0.010000 0.010000
0 0.278809 0.618164 0.010000 0.010000
0 0.393799 0.618490 0.010000 0.010000
0 0.335205 0.625651 0.010000 0.010000
0 0.900000 0.639648 0.010000 0.010000
0 0.197998 0.641276 0.010000 0.010000
0 0.248047 0.642904 0.010000 0.010000
0 0.241455 0.641276 0.010000 0.010000
0 0.243408 0.642904 0.010000 0.010000
0 0.248779 0.643229 0.010000 0.010000
0 0.264648 0.646810 0.010000 0.010000
0 0.895752 0.652995 0.010000 0.010000
0 0.100000 0.655924 0.010000 0.010000
0 0.183838 0.655924 0.010000 0.010000
0 0.642334 0.659505 0.010000 0.010000
0 0.726807 0.666341 0.010000 0.010000
0 0.435791 0.668620 0.010000 0.010000
0 0.679688 0.673177 0.012695 0.010000
0 0.100000 0.676432 0.010000 0.010000
0 0.887939 0.682292 0.010000 0.010000
0 0.433350 0.689453 0.010000 0.010000
0 0.699707 0.692057 0.010000 0.010000
0 0.625000 0.695312 0.010000 0.010000
0 0.900000 0.708984 0.010000 0.010000
0 0.517090 0.709961 0.010000 0.010000
0 0.861816 0.720703 0.010000 0.010000
0 0.100000 0.723307 0.010000 0.010000
0 0.621094 0.724609 0.010000 0.010000
0 0.900000 0.723307 0.010000 0.010000
0 0.753662 0.734375 0.010000 0.010000
0 0.411865 0.738932 0.010000 0.010000
0 0.595947 0.740885 0.010000 0.010000
0 0.459961 0.752279 0.010000 0.010000
0 0.353760 0.755534 0.010000 0.010000
0 0.742676 0.755859 0.010000 0.010000
0 0.748291 0.753581 0.010000 0.010000
0 0.134277 0.757161 0.010000 0.010000
0 0.581787 0.757161 0.010000 0.010000
0 0.100000 0.761719 0.010000 0.010000
0 0.883789 0.765625 0.010000 0.010000
0 0.235840 0.780599 0.010000 0.010000
0 0.285400 0.780924 0.010000 0.010000
0 0.546875 0.781576 0.010000 0.010000
0 0.544189 0.781576 0.010000 0.010000
0 0.285889 0.783203 0.010000 0.010000
0 0.900000 0.786458 0.010000 0.010000
0 0.404541 0.794596 0.010000 0.010000
0 0.676025 0.797201 0.010000 0.010000
0 0.900000 0.797526 0.010000 0.010000
0 0.400879 0.797852 0.010000 0.010000
0 0.391846 0.801758 0.010000 0.010000
0 0.216309 0.804688 0.010000 0.010000
0 0.488770 0.804036 0.010000 0.010000
0 0.217529 0.804036 0.010000 0.010000
0 0.510254 0.806641 0.010000 0.010000
0 0.524414 0.809570 0.010000 0.010000
0 0.855957 0.812500 0.010000 0.010000
0 0.677490 0.811849 0.010000 0.010000
0 0.351562 0.818685 0.010000 0.010000
0 0.770996 0.819336 0.010000 0.010000
0 0.559814 0.820312 0.010000 0.010000
0 0.885010 0.822917 0.010000 0.010000
0 0.856934 0.829102 0.010000 0.010000
0 0.100000 0.832682 0.010000 0.010000
0 0.310791 0.834961 0.010000 0.010000
0 0.114746 0.839193 0.010000 0.010000
0 0.700684 0.838867 0.010000 0.010000
0 0.281006 0.848307 0.010000 0.010000
0 0.900000 0.855469 0.010000 0.010000
0 0.479248 0.857422 0.010000 0.010000
0 0.621826 0.857747 0.010000 0.010000
0 0.477051 0.860026 0.010000 0.010000
0 0.625244 0.860677 0.010000 0.010000
0 0.100000 0.860677 0.010000 0.010000
0 0.258301 0.865234 0.010000 0.010000
0 0.900000 0.872396 0.010000 0.010000
0 0.900000 0.872396 0.010000 0.010000
0 0.100000 0.874674 0.010000 0.010000
0 0.295166 0.872721 0.010000 0.010000
0 0.900000 0.872721 0.010000 0.010000
0 0.772949 0.894206 0.010000 0.010000
0 0.100000 0.897786 0.010000 0.010000
0 0.642578 0.900000 0.010000 0.010000
0 0.100000 0.900000 0.010000 0.010000
0 0.212158 0.900000 0.010000 0.010000
0 0.847412 0.900000 0.010000 0.010000
0 0.214844 0.900000 0.010000 0.010000
0 0.639648 0.900000 0.010000 0.010000
0 0.579102 0.900000 0.010000 0.010000
0 0.831787 0.900000 0.010000 0.010000
0 0.830811 0.900000 0.010000 0.010000
0 0.243408 0.900000 0.010000 0.010000
0 0.292969 0.900000 0.010000 0.010417
0 0.295898 0.900000 0.010000 0.010000
0 0.289307 0.900000 0.010000 0.010000
0 0.303223 0.900000 0.010000 0.010000
0 0.288086 0.900000 0.010000 0.010000
0 0.234375 0.900000 0.010000 0.010000
0 0.280029 0.900000 0.010254 0.014974
0 0.284424 0.900000 0.010000 0.010000
0 0.900000 0.900000 0.010000 0.010000
0 0.368896 0.900000 0.010000 0.010000
0 0.100000 0.900000 0.010000 0.010000
0 0.100000 0.900000 0.010000 0.010000
0 0.824463 0.900000 0.010000 0.010000
0 0.900000 0.900000 0.029297 0.010417
0 0.895996 0.900000 0.010000 0.010000
0 0.100000 0.900000 0.010000 0.010000
0 0.292725 0.900000 0.010000 0.010000
0 0.746826 0.900000 0.010000 0.010000
0 0.113525 0.900000 0.010000 0.010000
0 0.508789 0.900000 0.010000 0.010000
0 0.676758 0.900000 0.010000 0.010000
0 0.766602 0.900000 0.010000 0.010000
