0 0.807617 0.196289 0.044922 0.044922
0 0.900000 0.206055 0.044922 0.044922
0 0.188477 0.208008 0.037109 0.037109
0 0.583984 0.219727 0.046875 0.044922
0 0.430664 0.307617 0.037109 0.037109
0 0.855469 0.346680 0.074219 0.072266
0 0.627930 0.372070 0.041016 0.041016
0 0.825195 0.470703 0.044922 0.042969
0 0.690430 0.496094 0.044922 0.046875
0 0.141602 0.529297 0.064453 0.066406
0 0.534180 0.534180 0.041016 0.041016
0 0.324219 0.594727 0.042969 0.041016
0 0.686523 0.601562 0.044922 0.042969
0 0.424805 0.676758 0.044922 0.044922
0 0.291016 0.696289 0.042969 0.044922
0 0.551758 0.719727 0.044922 0.041016
0 0.420898 0.763672 0.044922 0.042969
0 0.627930 0.811523 0.072266 0.072266
0 0.151367 0.840820 0.076172 0.064453
0 0.391602 0.895508 0.044922 0.044922
