1 0.500000 0.500000 0.500000 0.500000
0 0.900000 0.100000 0.010000 0.010000
0 0.100000 0.100000 0.010000 0.010000
0 0.112061 0.100000 0.010000 0.010000
0 0.900000 0.100000 0.010000 0.010000
0 0.812988 0.100000 0.010000 0.010000
0 0.688477 0.100000 0.010000 0.010000
0 0.609863 0.100000 0.010000 0.010000
0 0.396973 0.100000 0.010000 0.010000
0 0.831787 0.100000 0.010000 0.010000
0 0.232910 0.100000 0.010000 0.010000
0 0.726318 0.100000 0.010000 0.010000
0 0.112305 0.100000 0.010000 0.010000
0 0.316895 0.100000 0.010000 0.010000
0 0.900000 0.100000 0.010000 0.010000
0 0.601807 0.100000 0.010000 0.010000
0 0.337891 0.100000 0.010000 0.010000
0 0.363770 0.100000 0.010000 0.010000
0 0.685303 0.100000 0.010000 0.010000
0 0.900000 0.100000 0.010000 0.010000
0 0.801758 0.100000 0.010000 0.010000
0 0.100000 0.100000 0.010000 0.010000
0 0.379150 0.100000 0.010000 0.010000
0 0.558594 0.100000 0.010000 0.010000
0 0.100000 0.100000 0.010000 0.010000
0 0.127197 0.100000 0.010000 0.010000
0 0.102539 0.100000 0.010000 0.010000
0 0.304688 0.100000 0.010000 0.010000
0 0.700439 0.100000 0.010000 0.010000
0 0.100000 0.100000 0.010000 0.010000
0 0.730957 0.100000 0.010000 0.010000
0 0.590820 0.100000 0.010000 0.010000
0 0.243896 0.100000 0.010000 0.010000
0 0.324219 0.100000 0.010000 0.010000
0 0.189453 0.100000 0.010000 0.010000
0 0.197266 0.100000 0.010000 0.010000
0 0.205078 0.100000 0.010000 0.010000
0 0.714844 0.100586 0.010000 0.010000
0 0.854248 0.100260 0.010000 0.010000
0 0.900000 0.100260 0.010000 0.010000
0 0.551758 0.103516 0.010000 0.010000
0 0.270508 0.104818 0.010000 0.010000
0 0.900000 0.108724 0.010000 0.010000
0 0.528564 0.112305 0.010000 0.010000
0 0.895996 0.112305 0.010000 0.010000
0 0.107666 0.113607 0.010000 0.010000
0 0.858643 0.114909 0.010000 0.010000
0 0.619873 0.120443 0.010000 0.010000
0 0.419922 0.122721 0.010000 0.010000
0 0.900000 0.125000 0.010000 0.010000
0 0.512939 0.124674 0.010000 0.010000
0 0.743164 0.128906 0.010000 0.010000
0 0.900000 0.130859 0.010000 0.010000
0 0.100000 0.134115 0.010000 0.010000
0 0.900000 0.135091 0.010000 0.010000
0 0.528076 0.135091 0.010000 0.010000
0 0.603027 0.138021 0.010000 0.010000
0 0.100000 0.142253 0.010000 0.010000
0 0.588867 0.141927 0.010000 0.010000
0 0.465820 0.144206 0.010000 0.010000
0 0.734619 0.144206 0.010000 0.010000
0 0.796387 0.149414 0.010000 0.010000
0 0.900000 0.152018 0.010000 0.010000
0 0.900000 0.152995 0.010000 0.010000
0 0.300537 0.155924 0.010000 0.010000
0 0.263184 0.160156 0.010000 0.010000
0 0.772705 0.162435 0.010000 0.010000
0 0.586670 0.166341 0.010000 0.010000
0 0.900000 0.165365 0.010000 0.010000
0 0.334717 0.165690 0.010000 0.010000
0 0.228271 0.167643 0.010000 0.010000
0 0.244629 0.168294 0.010000 0.010000
0 0.519531 0.166016 0.010000 0.010000
0 0.697266 0.168945 0.010000 0.010000
0 0.565674 0.170247 0.010000 0.010000
0 0.900000 0.172852 0.010000 0.010000
0 0.200195 0.179362 0.010000 0.010000
0 0.707764 0.185221 0.010000 0.010000
0 0.821777 0.183919 0.010000 0.010000
0 0.100000 0.186198 0.010000 0.010000
0 0.900000 0.188151 0.010000 0.010000
0 0.146240 0.194661 0.010000 0.010000
0 0.176758 0.193034 0.010000 0.010000
0 0.129639 0.194010 0.010000 0.010000
0 0.544434 0.203451 0.010000 0.010000
0 0.520508 0.208333 0.010000 0.010000
0 0.679443 0.214193 0.010000 0.010417
0 0.900000 0.212240 0.010000 0.010000
0 0.432617 0.216146 0.010000 0.010000
0 0.900000 0.218099 0.010000 0.010000
0 0.429688 0.219076 0.010000 0.010000
0 0.434082 0.234049 0.015625 0.029297
0 0.459229 0.223633 0.010000 0.010000
0 0.845459 0.226237 0.010000 0.010000
0 0.100000 0.234049 0.010000 0.010000
0 0.148438 0.236654 0.010000 0.010000
0 0.620361 0.236003 0.010000 0.010000
0 0.900000 0.237305 0.010000 0.010000
0 0.100000 0.242839 0.010000 0.010000
0 0.383789 0.239258 0.010000 0.010000
0 0.900000 0.244141 0.010000 0.010000
0 0.791260 0.244141 0.010000 0.010000
0 0.495117 0.253906 0.010000 0.010000
0 0.507080 0.257487 0.010000 0.010000
0 0.100000 0.258464 0.010000 0.010000
0 0.658691 0.263997 0.010000 0.010000
0 0.755127 0.263672 0.010000 0.010000
0 0.860107 0.263346 0.010000 0.010000
0 0.708496 0.265625 0.010000 0.010000
0 0.819336 0.265625 0.010000 0.010000
0 0.643799 0.265951 0.010000 0.010000
0 0.802246 0.269857 0.010000 0.010000
0 0.277588 0.272461 0.010000 0.010000
0 0.229004 0.272786 0.010000 0.010000
0 0.511475 0.275391 0.010000 0.010000
0 0.491943 0.279948 0.010000 0.010000
0 0.331787 0.280599 0.010000 0.010000
0 0.467773 0.284831 0.010000 0.010000
0 0.829102 0.286784 0.010000 0.010000
0 0.775391 0.287435 0.010000 0.010000
0 0.100000 0.289388 0.010000 0.010000
0 0.487061 0.289062 0.010000 0.010000
0 0.100000 0.300456 0.010000 0.010000
0 0.608643 0.305013 0.010000 0.010000
0 0.863770 0.307617 0.010000 0.010000
0 0.438965 0.312174 0.010000 0.010000
0 0.235352 0.310872 0.010000 0.010000
0 0.884766 0.313802 0.010000 0.010000
0 0.835449 0.316732 0.010000 0.010000
0 0.728027 0.319010 0.010000 0.010000
0 0.159668 0.318685 0.010000 0.010000
0 0.236572 0.333008 0.010000 0.010000
0 0.668213 0.338867 0.010000 0.010000
0 0.234863 0.340495 0.010000 0.010000
0 0.305176 0.348307 0.010000 0.010000
0 0.536377 0.348633 0.010000 0.010000
0 0.537842 0.352539 0.010000 0.010000
0 0.789551 0.361003 0.010000 0.010000
0 0.100000 0.368815 0.010000 0.010000
0 0.884033 0.368815 0.010000 0.010000
0 0.511230 0.368815 0.010000 0.010000
0 0.516846 0.371419 0.010000 0.010000
0 0.518311 0.372396 0.010000 0.010000
0 0.521973 0.373372 0.010000 0.010000
0 0.858643 0.378255 0.010000 0.010000
0 0.593750 0.380208 0.010000 0.010000
0 0.172363 0.385091 0.010000 0.010000
0 0.103027 0.383789 0.010000 0.010000
0 0.839111 0.387370 0.010000 0.010000
0 0.641602 0.392904 0.010000 0.010000
0 0.900000 0.395182 0.010000 0.010000
0 0.619629 0.403320 0.010000 0.010000
0 0.100000 0.406576 0.010000 0.010000
0 0.255615 0.404622 0.010000 0.010000
0 0.100000 0.406576 0.010000 0.010000
0 0.802246 0.410482 0.010000 0.010000
0 0.721191 0.412760 0.010000 0.010000
0 0.896484 0.424154 0.010000 0.010000
0 0.359131 0.422526 0.010000 0.010000
0 0.704102 0.425456 0.010000 0.010000
0 0.842285 0.426107 0.010000 0.010000
0 0.100000 0.432617 0.010000 0.010000
0 0.584229 0.431641 0.010000 0.010000
0 0.458008 0.432292 0.010000 0.010000
0 0.455566 0.434570 0.010000 0.010000
0 0.281738 0.436523 0.010000 0.010000
0 0.102539 0.439128 0.010000 0.010000
0 0.363281 0.444010 0.010000 0.010000
0 0.538086 0.444987 0.010000 0.010000
0 0.238037 0.450521 0.010000 0.010000
0 0.100000 0.455078 0.010000 0.010000
0 0.609863 0.467448 0.010000 0.010000
0 0.396973 0.469076 0.010000 0.010000
0 0.900000 0.475260 0.010000 0.010000
0 0.249268 0.477214 0.010000 0.010000
0 0.175293 0.478190 0.010000 0.010000
0 0.282959 0.480143 0.010000 0.010000
0 0.150146 0.486654 0.010000 0.010000
0 0.706787 0.485677 0.010000 0.010000
0 0.336914 0.493164 0.010000 0.010000
0 0.835693 0.492839 0.010000 0.010000
0 0.242188 0.495117 0.010000 0.010000
0 0.329102 0.494792 0.010000 0.010000
0 0.595947 0.495768 0.010000 0.010000
0 0.885498 0.500000 0.010000 0.010000
0 0.100000 0.508789 0.010000 0.010000
0 0.619385 0.505859 0.010000 0.010000
0 0.671875 0.522786 0.010000 0.010000
0 0.100000 0.524740 0.010000 0.010000
0 0.782715 0.529297 0.010000 0.010000
0 0.638184 0.533203 0.010000 0.010000
0 0.379395 0.532878 0.010000 0.010000
0 0.553223 0.534831 0.010000 0.010000
0 0.216553 0.537435 0.010000 0.010000
0 0.769531 0.541667 0.010000 0.010000
0 0.320557 0.546875 0.010000 0.010000
0 0.100000 0.548177 0.010000 0.010000
0 0.241699 0.553385 0.010000 0.010000
0 0.406738 0.555990 0.010000 0.010000
0 0.872314 0.565755 0.010000 0.010000
0 0.249512 0.568359 0.010000 0.010000
0 0.900000 0.575195 0.010000 0.010000
0 0.750977 0.577148 0.010000 0.010000
0 0.182861 0.576823 0.010000 0.010000
0 0.196777 0.591797 0.010000 0.010000
0 0.773193 0.599935 0.010000 0.010000
0 0.239014 0.604818 0.010000 0.010000
0 0.900000 0.604492 0.010000 0.010000
0 0.373779 0.606445 0.010000 0.010000
0 0.100000 0.607747 0.010000 0.010000
0 0.855957 0.616536 0.010000 0.010000
0 0.357910 0.622396 0.010000 0.010000
0 0.582520 0.626628 0.010000 0.010000
0 0.668701 0.625651 0.010000 0.010000
0 0.312500 0.629883 0.010000 0.010000
0 0.548340 0.635417 0.010000 0.010000
0 0.305420 0.651042 0.010000 0.010000
0 0.364014 0.653320 0.010000 0.010000
0 0.752686 0.658529 0.010000 0.010000
0 0.413330 0.663086 0.010000 0.010000
0 0.653076 0.662760 0.010000 0.010000
0 0.900000 0.665365 0.010000 0.010000
0 0.100000 0.673177 0.010000 0.010000
0 0.143799 0.674154 0.010000 0.010000
0 0.214111 0.675130 0.010000 0.010000
0 0.739502 0.677734 0.010000 0.010000
0 0.119385 0.683594 0.010000 0.010000
0 0.100000 0.697591 0.010000 0.010000
0 0.264160 0.700195 0.010000 0.010000
0 0.654541 0.698893 0.010000 0.010000
0 0.288818 0.701497 0.010000 0.010000
0 0.100000 0.705729 0.010000 0.010000
0 0.801270 0.703451 0.010000 0.010000
0 0.165527 0.708659 0.010000 0.010000
0 0.836914 0.707682 0.010000 0.010000
0 0.705322 0.719076 0.010000 0.010000
0 0.100000 0.722331 0.010000 0.010000
0 0.202881 0.724609 0.010254 0.010000
0 0.636719 0.728190 0.010000 0.010000
0 0.748291 0.729167 0.010000 0.010000
0 0.260498 0.733398 0.010000 0.010000
0 0.457031 0.733724 0.010000 0.010000
0 0.870361 0.735352 0.010000 0.010000
0 0.827637 0.736979 0.010000 0.010000
0 0.657959 0.740560 0.010000 0.010000
0 0.769043 0.743490 0.010000 0.010000
0 0.231201 0.744792 0.010000 0.010000
0 0.847412 0.744792 0.010000 0.010000
0 0.100000 0.748698 0.010000 0.010000
0 0.108398 0.749674 0.010000 0.010000
0 0.334229 0.752930 0.010000 0.010000
0 0.371582 0.755859 0.010000 0.010000
0 0.206787 0.757812 0.010000 0.010000
0 0.311279 0.756510 0.010000 0.010000
0 0.804443 0.762695 0.010000 0.010000
0 0.900000 0.770508 0.010000 0.010000
0 0.174072 0.774414 0.010000 0.010000
0 0.138916 0.778320 0.010000 0.010000
0 0.561768 0.780924 0.010000 0.010000
0 0.348389 0.785807 0.010000 0.010000
0 0.900000 0.788737 0.010000 0.010000
0 0.437744 0.792318 0.010000 0.010000
0 0.684082 0.795247 0.010000 0.010000
0 0.900000 0.800130 0.010000 0.010000
0 0.100000 0.804362 0.010000 0.011068
0 0.101074 0.802083 0.010000 0.010000
0 0.671631 0.801432 0.010000 0.010000
0 0.131836 0.804036 0.010000 0.010000
0 0.301758 0.816081 0.010000 0.010000
0 0.151123 0.820638 0.010000 0.010000
0 0.791992 0.822591 0.010000 0.010000
0 0.235840 0.821940 0.010000 0.010000
0 0.900000 0.826172 0.010000 0.010000
0 0.348877 0.830729 0.010000 0.010000
0 0.900000 0.833333 0.010000 0.010000
0 0.320557 0.837565 0.010000 0.010000
0 0.562256 0.838867 0.010000 0.010000
0 0.525879 0.844076 0.010000 0.010000
0 0.122803 0.848307 0.010000 0.010000
0 0.272705 0.846029 0.010000 0.010000
0 0.895996 0.851888 0.010000 0.010000
0 0.882812 0.858724 0.010000 0.010000
0 0.638916 0.865234 0.010000 0.010000
0 0.197998 0.865234 0.010000 0.010000
0 0.100000 0.869792 0.010000 0.010000
0 0.375000 0.873047 0.010000 0.010000
0 0.278564 0.881836 0.010000 0.010000
0 0.885254 0.883138 0.010000 0.010000
0 0.866943 0.883464 0.010000 0.010000
0 0.178467 0.886719 0.010000 0.010000
0 0.100000 0.895508 0.010000 0.010000
0 0.355469 0.896484 0.010000 0.010000
0 0.100000 0.896484 0.010000 0.010000
0 0.265625 0.897461 0.010000 0.010000
0 0.896484 0.900000 0.010000 0.010000
0 0.900000 0.900000 0.010000 0.010000
0 0.100000 0.900000 0.010000 0.010000
0 0.269531 0.900000 0.010000 0.010000
0 0.100000 0.900000 0.010000 0.010000
0 0.456543 0.900000 0.010000 0.010000
0 0.284180 0.900000 0.010000 0.010000
0 0.100000 0.900000 0.010000 0.010000
0 0.322754 0.900000 0.010000 0.010000
0 0.900000 0.900000 0.010000 0.010000
0 0.801758 0.900000 0.010000 0.010000
0 0.557861 0.900000 0.010000 0.010000
0 0.618652 0.900000 0.010000 0.010000
0 0.152344 0.900000 0.010000 0.010000
0 0.152344 0.900000 0.010000 0.010000
0 0.211670 0.900000 0.010000 0.010000
0 0.466797 0.900000 0.010000 0.010000
0 0.182861 0.900000 0.010000 0.010000
0 0.689697 0.900000 0.010000 0.010000
0 0.808105 0.900000 0.010000 0.010000
0 0.607422 0.900000 0.010000 0.010000
0 0.390869 0.900000 0.010000 0.010000
0 0.488770 0.900000 0.010000 0.010000
0 0.689453 0.900000 0.010000 0.010000
0 0.187500 0.900000 0.010000 0.010000
0 0.428223 0.900000 0.010000 0.010000
0 0.789062 0.900000 0.010000 0.010000
0 0.455078 0.900000 0.010000 0.010000
0 0.744873 0.900000 0.010000 0.010000
0 0.133057 0.900000 0.010000 0.010000
