1 0.500000 0.500000 0.500000 0.500000
0 0.314453 0.100000 0.010000 0.010000
0 0.100000 0.100000 0.010000 0.010000
0 0.124756 0.100000 0.010000 0.010000
0 0.141602 0.100000 0.010000 0.010000
0 0.100000 0.100000 0.010000 0.010000
0 0.483398 0.100000 0.010000 0.010000
0 0.740723 0.100000 0.010000 0.010000
0 0.730469 0.100000 0.010000 0.010000
0 0.112305 0.100000 0.010000 0.010000
0 0.375244 0.100000 0.010000 0.010000
0 0.833008 0.100000 0.010000 0.010000
0 0.759277 0.100000 0.010000 0.010000
0 0.411865 0.100000 0.010000 0.010000
0 0.852295 0.100000 0.010000 0.010000
0 0.310791 0.100000 0.010000 0.010000
0 0.882080 0.100000 0.010000 0.010000
0 0.137939 0.100000 0.010000 0.010000
0 0.598877 0.100000 0.010000 0.010000
0 0.789062 0.100000 0.010000 0.010000
0 0.833252 0.100000 0.010000 0.010000
0 0.508057 0.100000 0.010000 0.010000
0 0.812256 0.100000 0.010000 0.010000
0 0.900000 0.100000 0.010000 0.010000
0 0.669922 0.100000 0.010000 0.010000
0 0.838135 0.100000 0.010000 0.010000
0 0.583008 0.100000 0.010000 0.010000
0 0.100000 0.101562 0.010000 0.010000
0 0.341064 0.103841 0.010000 0.010000
0 0.900000 0.102865 0.010000 0.010000
0 0.100000 0.104492 0.010000 0.010000
0 0.246582 0.104818 0.010000 0.010000
0 0.868164 0.108724 0.010000 0.010000
0 0.294189 0.110352 0.010000 0.010000
0 0.402100 0.110352 0.010000 0.010000
0 0.384033 0.111654 0.010000 0.010000
0 0.326416 0.118164 0.010000 0.010000
0 0.900000 0.145833 0.010000 0.010000
0 0.798828 0.159505 0.010000 0.010000
0 0.394043 0.159505 0.010000 0.010000
0 0.728760 0.168620 0.017090 0.022135
0 0.747803 0.169922 0.010254 0.020833
0 0.799316 0.161784 0.010000 0.010000
0 0.800049 0.163411 0.010000 0.010000
0 0.800781 0.165365 0.010000 0.010000
0 0.721436 0.166992 0.010000 0.010000
0 0.714111 0.173177 0.010000 0.010000
0 0.739990 0.175781 0.010000 0.010000
0 0.226807 0.177734 0.010000 0.010000
0 0.417969 0.175130 0.010000 0.010000
0 0.162354 0.181966 0.010000 0.010000
0 0.654785 0.181641 0.010000 0.010000
0 0.126709 0.192057 0.010000 0.010000
0 0.556885 0.192383 0.010000 0.010000
0 0.567383 0.203776 0.010000 0.010000
0 0.812012 0.208008 0.010000 0.010000
0 0.532471 0.210286 0.010000 0.010000
0 0.165039 0.233398 0.010000 0.010000
0 0.880371 0.232096 0.010000 0.010000
0 0.882812 0.233398 0.010000 0.010000
0 0.407227 0.235677 0.010000 0.010000
0 0.224121 0.238932 0.010000 0.010000
0 0.883057 0.238281 0.010000 0.010000
0 0.900000 0.245768 0.010000 0.010000
0 0.732422 0.258138 0.019531 0.020182
0 0.318848 0.261719 0.010000 0.010000
0 0.723633 0.283529 0.036133 0.048828
0 0.725342 0.262695 0.010000 0.010000
0 0.493164 0.268229 0.010000 0.010000
0 0.186768 0.271810 0.010000 0.010000
0 0.900000 0.271810 0.010000 0.010000
0 0.894775 0.275391 0.010000 0.010000
0 0.381836 0.279948 0.010000 0.010000
0 0.600586 0.280599 0.010000 0.010000
0 0.349365 0.288737 0.010000 0.010000
0 0.391846 0.289062 0.010000 0.010000
0 0.512451 0.306641 0.023926 0.033854
0 0.597412 0.293945 0.010000 0.010000
0 0.386475 0.300781 0.010000 0.010417
0 0.900000 0.296549 0.010000 0.010000
0 0.105713 0.300456 0.010000 0.010000
0 0.384766 0.300456 0.010000 0.010000
0 0.128662 0.302083 0.010000 0.010000
0 0.715820 0.304036 0.010000 0.010000
0 0.520020 0.303711 0.010000 0.010000
0 0.274170 0.305664 0.010000 0.010000
0 0.282471 0.305013 0.010000 0.010000
0 0.518066 0.306315 0.010000 0.010000
0 0.718750 0.306315 0.010000 0.010000
0 0.730957 0.308594 0.010000 0.010000
0 0.501953 0.311849 0.010000 0.010000
0 0.280762 0.327148 0.015625 0.018880
0 0.526367 0.319987 0.010000 0.010000
0 0.619873 0.323893 0.010000 0.010000
0 0.765381 0.327474 0.010000 0.010000
0 0.283691 0.334635 0.010000 0.010000
0 0.573730 0.368815 0.043945 0.067057
0 0.225830 0.342122 0.010000 0.012370
0 0.267822 0.338867 0.010000 0.010000
0 0.275146 0.339518 0.010000 0.010000
0 0.359619 0.345703 0.015137 0.010000
0 0.213867 0.360026 0.021484 0.027344
0 0.100000 0.355469 0.010000 0.010000
0 0.363770 0.358398 0.010000 0.010000
0 0.228516 0.368815 0.012695 0.020182
0 0.773193 0.368164 0.010000 0.010000
0 0.900000 0.374349 0.010000 0.010000
0 0.557373 0.374023 0.010000 0.010000
0 0.555176 0.382487 0.010000 0.010000
0 0.677490 0.379883 0.010000 0.010000
0 0.100000 0.384115 0.010000 0.010000
0 0.562744 0.385417 0.010000 0.010000
0 0.508301 0.389974 0.010000 0.010000
0 0.563232 0.388346 0.010000 0.010000
0 0.726562 0.390299 0.010000 0.010000
0 0.850586 0.392904 0.010000 0.010000
0 0.120605 0.391276 0.010000 0.010000
0 0.900000 0.396810 0.010000 0.011068
0 0.564697 0.395833 0.010000 0.010000
0 0.751953 0.397461 0.010000 0.010000
0 0.571533 0.401042 0.010000 0.010000
0 0.900000 0.401693 0.010000 0.010000
0 0.187012 0.404297 0.010000 0.010000
0 0.197998 0.404948 0.010000 0.010000
0 0.895996 0.412760 0.010000 0.019531
0 0.100000 0.406901 0.010000 0.010000
0 0.204102 0.409505 0.010000 0.010000
0 0.197998 0.407552 0.010000 0.010000
0 0.215332 0.409180 0.010000 0.010000
0 0.472900 0.409180 0.010000 0.010000
0 0.203613 0.411458 0.010000 0.010000
0 0.249023 0.420573 0.017578 0.023438
0 0.636719 0.412760 0.010000 0.010000
0 0.778076 0.413086 0.010000 0.010000
0 0.106689 0.413737 0.010000 0.010000
0 0.709473 0.414388 0.010000 0.010000
0 0.797119 0.422852 0.010000 0.010000
0 0.256592 0.424805 0.010000 0.010000
0 0.211670 0.428385 0.010000 0.010000
0 0.255371 0.432943 0.010000 0.010000
0 0.669189 0.434245 0.010000 0.010000
0 0.100000 0.435872 0.010000 0.010000
0 0.100000 0.445312 0.010000 0.010000
0 0.100000 0.447917 0.010000 0.010000
0 0.203857 0.448242 0.010000 0.010000
0 0.100000 0.455404 0.010000 0.010000
0 0.100000 0.455078 0.010000 0.010000
0 0.100000 0.461263 0.010000 0.010000
0 0.885986 0.459961 0.010000 0.010000
0 0.900000 0.473958 0.010000 0.010000
0 0.900000 0.478841 0.010000 0.010000
0 0.441162 0.491862 0.010000 0.010000
0 0.117188 0.502604 0.010000 0.011719
0 0.655273 0.515951 0.010000 0.010000
0 0.419189 0.530273 0.010000 0.010000
0 0.868652 0.531576 0.010000 0.011068
0 0.401367 0.532552 0.010000 0.010000
0 0.118896 0.536133 0.010000 0.010000
0 0.100000 0.537760 0.010000 0.010000
0 0.100000 0.536133 0.010000 0.010000
0 0.103271 0.544271 0.010000 0.010000
0 0.399902 0.553060 0.010000 0.010000
0 0.100000 0.562174 0.010000 0.010000
0 0.514404 0.565755 0.010000 0.010000
0 0.900000 0.565430 0.010000 0.010000
0 0.845947 0.567057 0.010000 0.010000
0 0.557129 0.581706 0.010000 0.010000
0 0.510498 0.583984 0.010000 0.010000
0 0.228271 0.610352 0.010000 0.010000
0 0.210938 0.620443 0.010000 0.010000
0 0.303711 0.629232 0.010000 0.010000
0 0.762451 0.641927 0.010000 0.010000
0 0.807373 0.651693 0.010000 0.010000
0 0.379395 0.652995 0.010000 0.010000
0 0.399902 0.657878 0.010000 0.010000
0 0.585938 0.663411 0.010000 0.010000
0 0.775146 0.663411 0.010000 0.010000
0 0.507568 0.687174 0.010000 0.010000
0 0.100000 0.696940 0.010000 0.010000
0 0.785645 0.697266 0.010000 0.010000
0 0.743408 0.702474 0.010000 0.010000
0 0.295166 0.721029 0.010000 0.010000
0 0.900000 0.723958 0.010000 0.010000
0 0.165039 0.729492 0.010000 0.010000
0 0.480713 0.733073 0.010000 0.010000
0 0.198975 0.736328 0.010000 0.010000
0 0.322021 0.737956 0.010000 0.010000
0 0.849365 0.742513 0.010000 0.010000
0 0.769043 0.749674 0.010000 0.010000
0 0.825928 0.748698 0.010000 0.010000
0 0.153564 0.750000 0.010000 0.010000
0 0.647705 0.765625 0.010000 0.010000
0 0.461670 0.767253 0.010000 0.010000
0 0.100000 0.778320 0.010000 0.010000
0 0.900000 0.782227 0.010000 0.010000
0 0.489014 0.787109 0.010000 0.010000
0 0.610840 0.790365 0.010000 0.010000
0 0.114990 0.805664 0.010000 0.010000
0 0.100000 0.810221 0.010000 0.010000
0 0.612305 0.816406 0.010000 0.010000
0 0.100000 0.821615 0.010000 0.010000
0 0.163818 0.824544 0.010000 0.010000
0 0.277588 0.827148 0.010000 0.010000
0 0.500244 0.827474 0.010000 0.010000
0 0.413574 0.830404 0.010000 0.010000
0 0.810059 0.831706 0.010000 0.010000
0 0.680420 0.836589 0.010000 0.010000
0 0.529053 0.840820 0.010000 0.010000
0 0.242432 0.850586 0.010000 0.010000
0 0.746582 0.850911 0.010000 0.010000
0 0.273682 0.861979 0.010000 0.010000
0 0.687012 0.864583 0.010000 0.010000
0 0.100000 0.863932 0.010000 0.010000
0 0.900000 0.866862 0.010000 0.010000
0 0.286621 0.869466 0.010000 0.010000
0 0.461914 0.869792 0.010000 0.010000
0 0.503906 0.879883 0.010000 0.010000
0 0.691406 0.897135 0.010000 0.010000
0 0.100000 0.896484 0.010000 0.010000
0 0.900000 0.900000 0.010000 0.010000
0 0.534912 0.900000 0.010000 0.010000
0 0.206299 0.900000 0.010000 0.010000
0 0.671387 0.900000 0.010000 0.010000
0 0.223389 0.900000 0.010000 0.010000
0 0.649170 0.900000 0.010000 0.010000
0 0.385498 0.900000 0.010000 0.010000
0 0.584717 0.900000 0.010000 0.010000
0 0.635986 0.900000 0.010000 0.010000
0 0.722168 0.900000 0.010000 0.010000
0 0.812744 0.900000 0.010000 0.010000
0 0.835449 0.900000 0.010000 0.010000
0 0.321045 0.900000 0.010000 0.010000
0 0.645996 0.900000 0.010000 0.010000
0 0.573730 0.900000 0.010000 0.010417
0 0.859863 0.900000 0.010000 0.010000
0 0.859863 0.900000 0.010000 0.010000
0 0.900000 0.900000 0.010000 0.010000
0 0.100000 0.900000 0.010000 0.010000
0 0.718506 0.900000 0.010000 0.010000
0 0.291992 0.900000 0.010000 0.010000
0 0.900000 0.900000 0.010000 0.010000
0 0.249512 0.900000 0.010000 0.010000
0 0.885742 0.900000 0.010000 0.010000
0 0.111084 0.900000 0.010000 0.010000
0 0.113770 0.900000 0.010000 0.010000
