1 0.500000 0.500000 0.500000 0.500000
0 0.267090 0.100000 0.010000 0.010000
0 0.267090 0.100000 0.010000 0.010000
0 0.563232 0.100000 0.010000 0.010000
0 0.634033 0.100000 0.010000 0.010000
0 0.663574 0.100000 0.010000 0.010000
0 0.666992 0.100000 0.010000 0.010000
0 0.100000 0.100000 0.010000 0.010000
0 0.493652 0.100000 0.010000 0.010000
0 0.320801 0.100000 0.010000 0.010000
0 0.100000 0.100000 0.010000 0.010000
0 0.820068 0.100000 0.010000 0.010000
0 0.824463 0.100000 0.010000 0.010000
0 0.836914 0.100000 0.010000 0.010000
0 0.842285 0.100000 0.035156 0.058594
0 0.900000 0.100000 0.010000 0.010000
0 0.108398 0.100000 0.010000 0.010000
0 0.238037 0.100000 0.010000 0.010000
0 0.437988 0.100000 0.010000 0.010000
0 0.100000 0.100000 0.010254 0.010000
0 0.653320 0.100000 0.010000 0.010000
0 0.900000 0.100000 0.010000 0.010000
0 0.625244 0.100000 0.010000 0.010000
0 0.438965 0.100000 0.010000 0.010000
0 0.240967 0.100000 0.010000 0.010000
0 0.659912 0.100000 0.010000 0.010417
0 0.172363 0.100000 0.010000 0.010000
0 0.624023 0.100000 0.010000 0.010000
0 0.651611 0.100000 0.010000 0.010417
0 0.659668 0.100000 0.010000 0.010000
0 0.241211 0.100000 0.010000 0.010000
0 0.638916 0.100000 0.010000 0.010000
0 0.100000 0.100000 0.010000 0.010000
0 0.637695 0.100000 0.010000 0.010000
0 0.633301 0.100000 0.010000 0.010000
0 0.750000 0.100000 0.010000 0.010000
0 0.755371 0.100000 0.010000 0.010000
0 0.752930 0.100000 0.010000 0.010000
0 0.900000 0.100000 0.010000 0.010000
0 0.644531 0.100000 0.010000 0.010000
0 0.647949 0.100000 0.010000 0.010000
0 0.761230 0.100000 0.010000 0.010000
0 0.900000 0.100000 0.010000 0.010000
0 0.900000 0.100000 0.010000 0.010000
0 0.765869 0.100000 0.010000 0.010000
0 0.807861 0.100911 0.010000 0.010000
0 0.900000 0.111979 0.019043 0.019531
0 0.100000 0.116862 0.010000 0.012370
0 0.809570 0.111328 0.010000 0.010000
0 0.654053 0.119141 0.010000 0.010000
0 0.649414 0.124023 0.010000 0.010000
0 0.900000 0.125977 0.010000 0.010000
0 0.600830 0.126953 0.010000 0.010000
0 0.205566 0.131836 0.010000 0.010000
0 0.386963 0.135742 0.010000 0.010000
0 0.539551 0.139323 0.010000 0.010000
0 0.811523 0.154297 0.034180 0.037760
0 0.637207 0.138672 0.010000 0.010000
0 0.746826 0.141602 0.010000 0.010000
0 0.262207 0.142253 0.010000 0.010000
0 0.127441 0.156250 0.010000 0.010000
0 0.302734 0.164062 0.010000 0.010000
0 0.654785 0.163086 0.010000 0.010000
0 0.302002 0.165365 0.010000 0.010000
0 0.661621 0.167318 0.010000 0.010000
0 0.297119 0.169922 0.010000 0.010000
0 0.300781 0.167969 0.010000 0.010000
0 0.408203 0.167969 0.010000 0.010000
0 0.658691 0.168620 0.010000 0.010000
0 0.646973 0.170898 0.010000 0.010000
0 0.173828 0.178060 0.010000 0.012370
0 0.298096 0.174805 0.010000 0.010000
0 0.329834 0.176432 0.010000 0.010000
0 0.900000 0.174805 0.010000 0.010000
0 0.318848 0.175781 0.010000 0.010000
0 0.900000 0.182617 0.010000 0.010000
0 0.305664 0.182617 0.010000 0.010000
0 0.900000 0.181966 0.010000 0.010000
0 0.900000 0.183594 0.010000 0.010000
0 0.299561 0.184896 0.010000 0.010000
0 0.544189 0.197917 0.010000 0.010000
0 0.100000 0.198568 0.010000 0.010000
0 0.900000 0.201172 0.010000 0.010000
0 0.765625 0.205078 0.010000 0.010000
0 0.895996 0.202148 0.010000 0.010000
0 0.705566 0.203125 0.010000 0.010000
0 0.301025 0.204427 0.010000 0.010000
0 0.764160 0.208008 0.010000 0.010000
0 0.831543 0.218750 0.012695 0.018229
0 0.329102 0.213216 0.010000 0.010000
0 0.495850 0.214193 0.010000 0.010000
0 0.900000 0.220703 0.019043 0.016927
0 0.162598 0.224609 0.010000 0.010000
0 0.338135 0.225911 0.010000 0.010000
0 0.844238 0.231445 0.011719 0.014974
0 0.100000 0.232096 0.010000 0.010000
0 0.724854 0.232747 0.010000 0.010000
0 0.100000 0.232422 0.010000 0.010000
0 0.730713 0.233073 0.010000 0.010000
0 0.100000 0.234701 0.010000 0.010000
0 0.709229 0.238281 0.010000 0.010000
0 0.359619 0.238932 0.010000 0.010000
0 0.420654 0.239909 0.010000 0.010000
0 0.424561 0.239583 0.010000 0.010000
0 0.740723 0.238607 0.010000 0.010000
0 0.709717 0.240234 0.010000 0.010000
0 0.715820 0.239909 0.010000 0.010000
0 0.100000 0.250326 0.016113 0.014974
0 0.422119 0.247721 0.010000 0.010000
0 0.378418 0.250326 0.010000 0.010000
0 0.456543 0.252930 0.010000 0.010000
0 0.384521 0.254557 0.010000 0.010000
0 0.798828 0.255859 0.010000 0.010000
0 0.900000 0.256510 0.010000 0.010000
0 0.590576 0.264648 0.010000 0.010000
0 0.448975 0.266927 0.010000 0.010000
0 0.620850 0.267253 0.010000 0.010000
0 0.146240 0.275391 0.011230 0.011719
0 0.143066 0.279622 0.010000 0.010000
0 0.100000 0.280599 0.010000 0.010000
0 0.900000 0.281250 0.010000 0.010000
0 0.485352 0.285156 0.010000 0.010000
0 0.480713 0.288086 0.010000 0.010000
0 0.463379 0.289062 0.010000 0.010000
0 0.900000 0.290365 0.010000 0.010000
0 0.476807 0.291992 0.010000 0.010000
0 0.495361 0.292643 0.010000 0.010000
0 0.684082 0.295247 0.010000 0.010000
0 0.481689 0.294596 0.010000 0.010000
0 0.483154 0.296224 0.010000 0.010000
0 0.682373 0.294922 0.010000 0.010000
0 0.190674 0.296549 0.010000 0.010000
0 0.353027 0.296875 0.010000 0.010000
0 0.110840 0.300781 0.010000 0.010000
0 0.178467 0.300130 0.010000 0.010000
0 0.109375 0.300781 0.010000 0.010000
0 0.112305 0.301107 0.010000 0.010000
0 0.177002 0.299805 0.010000 0.010000
0 0.416992 0.305013 0.010000 0.010000
0 0.829102 0.305664 0.010000 0.012370
0 0.510742 0.305664 0.010000 0.010000
0 0.497314 0.308268 0.010000 0.010000
0 0.573730 0.305664 0.010000 0.010000
0 0.248291 0.309896 0.010000 0.010000
0 0.900000 0.308594 0.010000 0.010000
0 0.248291 0.311523 0.010000 0.010000
0 0.251465 0.312500 0.010000 0.010000
0 0.253906 0.311523 0.010000 0.010000
0 0.900000 0.314453 0.010000 0.010000
0 0.900000 0.315755 0.010000 0.010000
0 0.255615 0.314453 0.010000 0.010000
0 0.900000 0.315755 0.010000 0.010000
0 0.256836 0.316732 0.010000 0.010000
0 0.100000 0.326172 0.010000 0.010000
0 0.876709 0.331380 0.010000 0.010000
0 0.604736 0.338542 0.010000 0.010000
0 0.100000 0.347331 0.010000 0.010000
0 0.100000 0.349284 0.010000 0.010000
0 0.812012 0.363607 0.027344 0.031901
0 0.456543 0.352539 0.010000 0.010000
0 0.100000 0.355794 0.010000 0.011068
0 0.742188 0.353841 0.010000 0.010000
0 0.100000 0.356771 0.010000 0.010000
0 0.819580 0.356771 0.010000 0.010000
0 0.100000 0.357096 0.010000 0.010000
0 0.802490 0.359375 0.010000 0.010000
0 0.447998 0.358724 0.010000 0.010000
0 0.900000 0.360352 0.010000 0.010000
0 0.900000 0.361979 0.010000 0.010000
0 0.866211 0.361328 0.010000 0.010000
0 0.407471 0.367839 0.010000 0.010000
0 0.834961 0.373047 0.010000 0.010000
0 0.832764 0.373047 0.010000 0.010000
0 0.478027 0.374349 0.010000 0.010000
0 0.735352 0.376953 0.010000 0.010000
0 0.680664 0.381185 0.010000 0.010000
0 0.504639 0.382487 0.010000 0.010000
0 0.496826 0.384766 0.010000 0.010000
0 0.308594 0.391276 0.010000 0.010000
0 0.301758 0.389974 0.010000 0.010000
0 0.319336 0.400065 0.010000 0.010000
0 0.584473 0.400716 0.010000 0.010000
0 0.320068 0.402344 0.010000 0.010000
0 0.738525 0.401367 0.010000 0.010000
0 0.369873 0.408203 0.013184 0.013021
0 0.580566 0.403320 0.010000 0.010000
0 0.684570 0.414714 0.010000 0.010000
0 0.766846 0.417318 0.010000 0.010000
0 0.390381 0.424154 0.010000 0.010000
0 0.746582 0.431966 0.010000 0.010000
0 0.749756 0.431641 0.010000 0.010000
0 0.744141 0.434245 0.010000 0.010000
0 0.787109 0.435872 0.010000 0.010000
0 0.742920 0.435547 0.010000 0.010000
0 0.734619 0.454427 0.031738 0.036458
0 0.531494 0.438802 0.010000 0.010000
0 0.574463 0.441732 0.010000 0.010000
0 0.865967 0.452474 0.010000 0.010000
0 0.312256 0.461263 0.010000 0.010000
0 0.883057 0.470052 0.019043 0.022135
0 0.863525 0.464518 0.010000 0.010000
0 0.285645 0.462891 0.010000 0.010000
0 0.319336 0.464518 0.010000 0.010000
0 0.521240 0.467773 0.010000 0.010000
0 0.721191 0.466471 0.010000 0.010000
0 0.469482 0.468750 0.010000 0.010000
0 0.641113 0.468099 0.010000 0.010000
0 0.864258 0.470052 0.010000 0.010000
0 0.613770 0.472005 0.010000 0.010000
0 0.881104 0.474284 0.010000 0.010000
0 0.100000 0.493490 0.023926 0.039062
0 0.580322 0.475911 0.010000 0.010000
0 0.730957 0.477865 0.010000 0.010000
0 0.653076 0.478516 0.010000 0.010000
0 0.408203 0.481771 0.010000 0.010000
0 0.817627 0.480469 0.010000 0.010000
0 0.900000 0.486003 0.010000 0.010000
0 0.900000 0.489258 0.010000 0.010000
0 0.900000 0.486328 0.010000 0.010000
0 0.825928 0.488281 0.010000 0.010000
0 0.540771 0.492188 0.010000 0.010000
0 0.343750 0.492188 0.010000 0.010000
0 0.100000 0.494141 0.010000 0.010000
0 0.602783 0.499349 0.010000 0.010000
0 0.606689 0.506185 0.010000 0.012370
0 0.900000 0.506185 0.010000 0.010000
0 0.603027 0.505208 0.010000 0.010000
0 0.420898 0.506836 0.010000 0.010000
0 0.562988 0.518880 0.010000 0.019531
0 0.561035 0.514974 0.010000 0.010000
0 0.794434 0.518555 0.010000 0.010000
0 0.131348 0.518229 0.010000 0.010000
0 0.645020 0.518229 0.010000 0.010000
0 0.802734 0.519531 0.010000 0.010000
0 0.714355 0.522786 0.010000 0.010000
0 0.759033 0.524414 0.010000 0.010000
0 0.793213 0.523438 0.010000 0.010000
0 0.626953 0.527018 0.010000 0.010000
0 0.609863 0.530599 0.010000 0.010000
0 0.771729 0.534505 0.010000 0.010000
0 0.777588 0.542318 0.010000 0.010000
0 0.134277 0.550456 0.010000 0.017578
0 0.701660 0.546549 0.010000 0.010000
0 0.783203 0.547852 0.010000 0.010000
0 0.709473 0.552409 0.010000 0.010000
0 0.900000 0.565104 0.017578 0.029948
0 0.900000 0.552409 0.010000 0.010000
0 0.269531 0.554688 0.010000 0.010000
0 0.100000 0.563477 0.010000 0.016276
0 0.652588 0.559245 0.010000 0.010000
0 0.220703 0.569010 0.010000 0.010000
0 0.219971 0.575195 0.010254 0.010000
0 0.187500 0.572266 0.010000 0.010000
0 0.900000 0.574870 0.010000 0.010000
0 0.209473 0.576823 0.010000 0.010000
0 0.162109 0.578776 0.010000 0.010000
0 0.223877 0.578451 0.010000 0.010000
0 0.290039 0.585286 0.016602 0.013021
0 0.162842 0.581706 0.010000 0.010000
0 0.163574 0.583333 0.010000 0.010000
0 0.165771 0.585286 0.010000 0.010000
0 0.166504 0.587891 0.010000 0.010000
0 0.375000 0.587891 0.010000 0.010000
0 0.375977 0.586914 0.010000 0.010000
0 0.168945 0.589518 0.010000 0.010000
0 0.374512 0.589193 0.010000 0.010000
0 0.232178 0.589844 0.010000 0.010000
0 0.170410 0.591797 0.010000 0.010000
0 0.770264 0.591471 0.010000 0.010000
0 0.105469 0.592773 0.010000 0.010000
0 0.188721 0.592122 0.010000 0.010000
0 0.106201 0.595378 0.010000 0.010000
0 0.112305 0.598307 0.010000 0.010000
0 0.120117 0.597331 0.010000 0.010000
0 0.117432 0.601237 0.010000 0.010000
0 0.646484 0.598958 0.010000 0.010000
0 0.584473 0.603190 0.010000 0.010000
0 0.580322 0.606771 0.010000 0.010000
0 0.426025 0.612956 0.010000 0.010000
0 0.476318 0.625651 0.010000 0.010000
0 0.844238 0.627279 0.010000 0.010000
0 0.100000 0.626953 0.010000 0.010000
0 0.478516 0.629232 0.010000 0.010000
0 0.177734 0.628581 0.010000 0.010000
0 0.328613 0.660482 0.010000 0.010000
0 0.589600 0.675781 0.011230 0.016927
0 0.324463 0.669596 0.010000 0.010000
0 0.900000 0.674154 0.010000 0.011068
0 0.100000 0.671224 0.010000 0.010000
0 0.100000 0.673177 0.010000 0.010000
0 0.255127 0.677734 0.010000 0.010000
0 0.900000 0.677409 0.010000 0.010000
0 0.100000 0.678711 0.010000 0.010000
0 0.100000 0.680013 0.010000 0.010000
0 0.243408 0.679362 0.010000 0.010000
0 0.672363 0.680013 0.010000 0.010000
0 0.549805 0.683919 0.010000 0.010000
0 0.844971 0.686523 0.010000 0.010000
0 0.900000 0.685221 0.010000 0.010000
0 0.100000 0.690755 0.010000 0.013021
0 0.293945 0.687826 0.010000 0.010000
0 0.100000 0.691406 0.010000 0.010000
0 0.712646 0.687826 0.010000 0.010000
0 0.849121 0.689128 0.010000 0.010000
0 0.900000 0.690104 0.010000 0.010000
0 0.760010 0.693034 0.010000 0.010000
0 0.761230 0.694010 0.010000 0.010000
0 0.576660 0.693034 0.010000 0.010000
0 0.427002 0.698893 0.010000 0.010000
0 0.900000 0.699544 0.010000 0.010000
0 0.100000 0.707682 0.010000 0.013021
0 0.900000 0.705729 0.010000 0.010000
0 0.100000 0.707357 0.010000 0.010000
0 0.100000 0.708659 0.010000 0.010000
0 0.267090 0.709310 0.010000 0.010000
0 0.498047 0.708333 0.010000 0.010000
0 0.501465 0.708984 0.010000 0.010000
0 0.100000 0.712565 0.010000 0.010000
0 0.900000 0.709961 0.010000 0.010000
0 0.900000 0.713867 0.010000 0.010000
0 0.900000 0.714518 0.010000 0.010000
0 0.370117 0.713867 0.010000 0.010000
0 0.782715 0.724935 0.010000 0.010000
0 0.623535 0.723307 0.010000 0.010000
0 0.346680 0.725586 0.010000 0.010000
0 0.751465 0.725911 0.010000 0.010000
0 0.731445 0.728190 0.010000 0.010000
0 0.795898 0.741211 0.015625 0.025391
0 0.410645 0.731445 0.010000 0.010000
0 0.249512 0.736003 0.010000 0.010000
0 0.100000 0.738607 0.010000 0.010000
0 0.158691 0.733724 0.010000 0.010000
0 0.100000 0.746745 0.019043 0.014323
0 0.144287 0.740560 0.010000 0.010000
0 0.178223 0.743490 0.010000 0.010000
0 0.174805 0.743490 0.010000 0.010000
0 0.806885 0.750326 0.032715 0.014974
0 0.259766 0.750326 0.010000 0.011068
0 0.813477 0.753581 0.010000 0.010000
0 0.900000 0.759440 0.010000 0.010000
0 0.806152 0.758789 0.010000 0.010000
0 0.241943 0.763346 0.010000 0.010000
0 0.900000 0.763346 0.010000 0.010000
0 0.900000 0.765625 0.010000 0.010000
0 0.900000 0.768229 0.010000 0.010000
0 0.100000 0.777344 0.010000 0.010000
0 0.544434 0.774089 0.010000 0.010000
0 0.297852 0.788737 0.010000 0.012370
0 0.303467 0.791341 0.010000 0.010000
0 0.853027 0.793294 0.010000 0.010000
0 0.900000 0.791667 0.010000 0.010000
0 0.850098 0.797201 0.010000 0.010000
0 0.298096 0.807617 0.010000 0.022786
0 0.300781 0.813802 0.010000 0.013021
0 0.699463 0.811198 0.012207 0.010000
0 0.729980 0.812174 0.010000 0.010000
0 0.827148 0.811523 0.010000 0.010000
0 0.846680 0.815430 0.010000 0.010000
0 0.303223 0.814128 0.010000 0.010000
0 0.732178 0.813802 0.010000 0.010000
0 0.376709 0.820312 0.010254 0.010000
0 0.756348 0.818685 0.010000 0.010000
0 0.764404 0.817383 0.010000 0.010000
0 0.376221 0.820638 0.010000 0.010000
0 0.759277 0.821289 0.012695 0.010000
0 0.304199 0.823893 0.010000 0.010000
0 0.719727 0.822591 0.010000 0.010000
0 0.323730 0.826823 0.010000 0.010000
0 0.326660 0.828125 0.010000 0.010000
0 0.328613 0.827148 0.010000 0.010000
0 0.312012 0.829427 0.010000 0.010000
0 0.379150 0.829102 0.010000 0.010000
0 0.376953 0.830404 0.010000 0.010000
0 0.763916 0.833008 0.010000 0.010000
0 0.316406 0.836263 0.010000 0.010000
0 0.100000 0.833984 0.010000 0.010000
0 0.161621 0.837891 0.010000 0.010000
0 0.100000 0.838542 0.010000 0.010000
0 0.100000 0.843750 0.010000 0.010000
0 0.870850 0.846029 0.010000 0.010000
0 0.100000 0.851888 0.010000 0.010000
0 0.438232 0.854167 0.010000 0.010000
0 0.429443 0.855794 0.010000 0.010000
0 0.399414 0.853190 0.010000 0.010000
0 0.432861 0.858073 0.010000 0.013021
0 0.755859 0.854167 0.010000 0.010000
0 0.900000 0.859049 0.029785 0.014974
0 0.428955 0.854492 0.010000 0.010000
0 0.153320 0.857422 0.010000 0.010000
0 0.325439 0.858398 0.010000 0.010000
0 0.885986 0.861003 0.010254 0.011068
0 0.388916 0.861328 0.010000 0.010000
0 0.390869 0.866211 0.016113 0.016276
0 0.900000 0.860352 0.010000 0.010000
0 0.760010 0.862630 0.010000 0.010000
0 0.503418 0.865560 0.010000 0.010000
0 0.519531 0.867188 0.010000 0.010000
0 0.156006 0.869466 0.010000 0.010000
0 0.876221 0.868815 0.010000 0.010000
0 0.709473 0.873372 0.010000 0.010000
0 0.845947 0.876302 0.010000 0.010000
0 0.844971 0.878255 0.010000 0.010000
0 0.236328 0.879232 0.010000 0.010000
0 0.714844 0.884766 0.010000 0.010000
0 0.456787 0.885091 0.010000 0.010000
0 0.100000 0.895508 0.010000 0.013672
0 0.346924 0.894857 0.010000 0.010000
0 0.423340 0.900000 0.014648 0.023438
0 0.571045 0.900000 0.010000 0.010000
0 0.337158 0.900000 0.010000 0.010000
0 0.900000 0.900000 0.010000 0.010000
0 0.438721 0.900000 0.010000 0.010000
0 0.258057 0.900000 0.012207 0.011068
0 0.623779 0.900000 0.010000 0.010000
0 0.748047 0.900000 0.010000 0.010000
0 0.900000 0.900000 0.010000 0.010000
0 0.257812 0.900000 0.010000 0.010000
0 0.900000 0.900000 0.010000 0.010000
0 0.900000 0.900000 0.010000 0.010000
0 0.335693 0.900000 0.010000 0.010000
0 0.451172 0.900000 0.010000 0.010000
0 0.770020 0.900000 0.010000 0.010000
0 0.900000 0.900000 0.010000 0.010000
0 0.857910 0.900000 0.010000 0.010000
0 0.586426 0.900000 0.010000 0.010000
0 0.808838 0.900000 0.010000 0.010000
0 0.344727 0.900000 0.010000 0.010000
0 0.103760 0.900000 0.010000 0.010000
0 0.900000 0.900000 0.010000 0.010000
0 0.900000 0.900000 0.010000 0.010000
0 0.900000 0.900000 0.010000 0.013672
0 0.262451 0.900000 0.010000 0.010000
0 0.900000 0.900000 0.010000 0.010417
0 0.107422 0.900000 0.010000 0.010000
0 0.740234 0.900000 0.010000 0.010000
0 0.108154 0.900000 0.010000 0.010000
0 0.121582 0.900000 0.010000 0.010000
0 0.565186 0.900000 0.010000 0.010000
0 0.121094 0.900000 0.010000 0.010000
0 0.381104 0.900000 0.010000 0.010000
0 0.105469 0.900000 0.010000 0.010000
0 0.110840 0.900000 0.010000 0.010000
0 0.367432 0.900000 0.010000 0.010000
0 0.372803 0.900000 0.010000 0.010000
0 0.114258 0.900000 0.010000 0.010000
0 0.292969 0.900000 0.010000 0.010000
0 0.236084 0.900000 0.010000 0.015625
0 0.482422 0.900000 0.010000 0.010000
0 0.220459 0.900000 0.010000 0.010000
0 0.546143 0.900000 0.010000 0.010000
0 0.705566 0.900000 0.037109 0.022786
0 0.554932 0.900000 0.010000 0.010000
0 0.561523 0.900000 0.010000 0.010000
0 0.460693 0.900000 0.010000 0.010000
0 0.788818 0.900000 0.010000 0.010000
0 0.352295 0.900000 0.010000 0.010000
0 0.453857 0.900000 0.010000 0.010000
0 0.348633 0.900000 0.010000 0.010000
0 0.348145 0.900000 0.010000 0.011068
0 0.604980 0.900000 0.010000 0.011068
0 0.348145 0.900000 0.010000 0.010000
0 0.340820 0.900000 0.010000 0.010000
0 0.525146 0.900000 0.010000 0.010000
0 0.390869 0.900000 0.010000 0.010000
0 0.503662 0.900000 0.010000 0.010000
0 0.337891 0.900000 0.010000 0.010000
