1 0.500000 0.500000 0.500000 0.500000
0 0.245117 0.100000 0.010000 0.010000
0 0.318115 0.100000 0.010000 0.010000
0 0.339844 0.100000 0.010000 0.010000
0 0.452393 0.100000 0.010000 0.010000
0 0.590576 0.100000 0.010000 0.010000
0 0.629883 0.100000 0.010000 0.010000
0 0.636963 0.100000 0.020020 0.012370
0 0.900000 0.100000 0.108398 0.041016
0 0.102051 0.100000 0.010000 0.010000
0 0.634766 0.100000 0.010000 0.010000
0 0.100000 0.100000 0.010000 0.010000
0 0.121338 0.100000 0.010000 0.010000
0 0.152588 0.100000 0.010000 0.010000
0 0.762207 0.100000 0.010742 0.010000
0 0.637207 0.100000 0.010000 0.010000
0 0.694336 0.100000 0.010000 0.010000
0 0.735840 0.100000 0.010000 0.010000
0 0.783936 0.100000 0.010000 0.010000
0 0.224854 0.100000 0.010000 0.010000
0 0.100000 0.100000 0.010000 0.010000
0 0.623291 0.100000 0.010000 0.010000
0 0.579102 0.100000 0.010000 0.010000
0 0.802490 0.100000 0.012207 0.011068
0 0.429443 0.100000 0.010000 0.010000
0 0.593994 0.100000 0.010000 0.010000
0 0.270020 0.100000 0.010000 0.010000
0 0.458496 0.100000 0.010000 0.010000
0 0.663818 0.100000 0.010000 0.010000
0 0.520996 0.100000 0.010000 0.010000
0 0.900000 0.100000 0.010000 0.010000
0 0.900000 0.100000 0.010000 0.010000
0 0.900000 0.100000 0.010000 0.010000
0 0.462646 0.100000 0.010000 0.010000
0 0.109619 0.100000 0.010000 0.010000
0 0.577148 0.100586 0.010000 0.010000
0 0.783203 0.101888 0.010000 0.010000
0 0.718994 0.102539 0.010000 0.010000
0 0.234131 0.108073 0.010000 0.010000
0 0.482422 0.109049 0.010000 0.010000
0 0.868408 0.116211 0.022949 0.013672
0 0.495117 0.114583 0.010000 0.010000
0 0.343262 0.119792 0.010000 0.010000
0 0.426270 0.119141 0.010000 0.010000
0 0.100000 0.123698 0.010000 0.010000
0 0.100000 0.124349 0.010000 0.010000
0 0.565430 0.124674 0.010000 0.010000
0 0.890625 0.155273 0.045898 0.050130
0 0.664551 0.135417 0.010000 0.010000
0 0.900000 0.139974 0.010000 0.010000
0 0.364502 0.144857 0.010000 0.010000
0 0.399902 0.154297 0.010000 0.010000
0 0.698730 0.166016 0.010000 0.010000
0 0.821289 0.167318 0.010000 0.010000
0 0.820068 0.170898 0.010000 0.010000
0 0.316162 0.174479 0.010000 0.010000
0 0.590088 0.179036 0.010000 0.010000
0 0.100000 0.190755 0.010000 0.010000
0 0.100000 0.188151 0.010000 0.010000
0 0.295166 0.202474 0.010000 0.010000
0 0.739258 0.208008 0.010000 0.010000
0 0.186523 0.217448 0.010000 0.010000
0 0.900000 0.219727 0.010000 0.010000
0 0.491943 0.222982 0.010000 0.010000
0 0.630859 0.229492 0.010000 0.010000
0 0.652588 0.231445 0.010000 0.010000
0 0.100000 0.239583 0.010000 0.010000
0 0.395020 0.240885 0.010000 0.010000
0 0.836670 0.241862 0.010000 0.010000
0 0.100000 0.243815 0.010000 0.010000
0 0.688232 0.247721 0.010000 0.010000
0 0.688721 0.252604 0.010000 0.010000
0 0.443604 0.257161 0.010000 0.010000
0 0.359131 0.260417 0.010000 0.010000
0 0.100000 0.265625 0.010000 0.010000
0 0.100000 0.269206 0.010000 0.010000
0 0.512207 0.268555 0.010000 0.010000
0 0.859375 0.270833 0.010000 0.010000
0 0.457764 0.277669 0.010000 0.010000
0 0.312256 0.279297 0.010000 0.010000
0 0.171631 0.285807 0.010254 0.010417
0 0.205566 0.281901 0.010000 0.010000
0 0.757080 0.284505 0.010000 0.010000
0 0.497314 0.289062 0.010000 0.010000
0 0.900000 0.296549 0.010000 0.014974
0 0.725098 0.294271 0.010000 0.010000
0 0.186523 0.296875 0.010000 0.010000
0 0.745850 0.298177 0.010000 0.010000
0 0.178223 0.302409 0.014648 0.010000
0 0.894287 0.301758 0.010000 0.010000
0 0.166260 0.303711 0.010000 0.010000
0 0.141113 0.304036 0.010000 0.010000
0 0.170898 0.305339 0.010000 0.010000
0 0.185059 0.303385 0.010000 0.010000
0 0.538330 0.305990 0.010000 0.010000
0 0.100000 0.308594 0.010000 0.010000
0 0.113281 0.318685 0.010000 0.010000
0 0.100000 0.322266 0.010000 0.010000
0 0.683350 0.321940 0.010000 0.010000
0 0.900000 0.326172 0.010000 0.010000
0 0.843506 0.326823 0.010000 0.010000
0 0.900000 0.327474 0.010000 0.010000
0 0.100000 0.329427 0.010000 0.010000
0 0.846680 0.328451 0.010000 0.010000
0 0.672363 0.337565 0.010000 0.010000
0 0.708740 0.339844 0.010000 0.010000
0 0.677002 0.342122 0.010000 0.010000
0 0.336426 0.345378 0.010000 0.010000
0 0.100000 0.345052 0.010000 0.010000
0 0.781006 0.349609 0.010000 0.010000
0 0.149170 0.358398 0.010000 0.010000
0 0.100000 0.376628 0.022461 0.025391
0 0.832520 0.370117 0.010000 0.010000
0 0.893799 0.367188 0.010000 0.010000
0 0.828613 0.370117 0.010000 0.010000
0 0.100000 0.370117 0.010000 0.010000
0 0.100000 0.377604 0.010000 0.014323
0 0.393066 0.371419 0.010000 0.010000
0 0.845703 0.382161 0.018555 0.024740
0 0.100000 0.375326 0.010000 0.010000
0 0.900000 0.377604 0.010000 0.010000
0 0.135010 0.382812 0.010000 0.010000
0 0.822021 0.383138 0.010000 0.010000
0 0.822021 0.388021 0.010000 0.010000
0 0.825195 0.389648 0.010000 0.010000
0 0.213623 0.399089 0.010000 0.010000
0 0.900000 0.395182 0.010000 0.010000
0 0.531982 0.399089 0.010000 0.010000
0 0.241943 0.401367 0.010000 0.010000
0 0.213379 0.409505 0.010000 0.010000
0 0.900000 0.407552 0.010000 0.010000
0 0.900000 0.411784 0.010000 0.010000
0 0.900000 0.421224 0.010000 0.010000
0 0.898682 0.424479 0.010000 0.010000
0 0.900000 0.424154 0.010000 0.010000
0 0.848633 0.424805 0.010000 0.010000
0 0.124023 0.426432 0.010000 0.010000
0 0.100000 0.440755 0.010000 0.010000
0 0.406494 0.438151 0.010000 0.010000
0 0.583740 0.444336 0.010000 0.010000
0 0.900000 0.445312 0.010000 0.010000
0 0.731934 0.463542 0.012695 0.015625
0 0.900000 0.458659 0.010000 0.010000
0 0.900000 0.460612 0.010000 0.010000
0 0.100000 0.464193 0.010000 0.010000
0 0.100000 0.464844 0.010000 0.010000
0 0.233887 0.467448 0.010000 0.010000
0 0.238525 0.478190 0.010000 0.010000
0 0.884277 0.483724 0.010000 0.010000
0 0.157227 0.492839 0.010000 0.010000
0 0.365967 0.500651 0.010000 0.010000
0 0.379639 0.505208 0.010000 0.010000
0 0.380615 0.505534 0.010000 0.010000
0 0.900000 0.509440 0.010000 0.010000
0 0.855469 0.510742 0.010000 0.010000
0 0.393799 0.511719 0.010000 0.010000
0 0.711182 0.525065 0.010000 0.010000
0 0.900000 0.529948 0.010000 0.010000
0 0.760010 0.529948 0.010000 0.010000
0 0.315918 0.536458 0.010000 0.010000
0 0.878662 0.536133 0.010000 0.010000
0 0.888916 0.538411 0.010000 0.010000
0 0.600586 0.539714 0.010000 0.010000
0 0.316162 0.544271 0.010000 0.010000
0 0.670410 0.542969 0.010000 0.010000
0 0.745361 0.545247 0.010000 0.010000
0 0.895020 0.542318 0.010000 0.010000
0 0.435791 0.544596 0.010000 0.010000
0 0.900000 0.544922 0.010000 0.010000
0 0.301270 0.552734 0.011719 0.010417
0 0.286377 0.550456 0.010000 0.010000
0 0.160645 0.557292 0.010000 0.010000
0 0.285156 0.557617 0.010000 0.010000
0 0.884277 0.557943 0.010000 0.010000
0 0.156738 0.561523 0.010000 0.010000
0 0.160400 0.562174 0.010000 0.010000
0 0.595459 0.572591 0.010000 0.011068
0 0.511719 0.573242 0.010000 0.010000
0 0.900000 0.575195 0.010000 0.010000
0 0.745361 0.577474 0.010000 0.010000
0 0.100000 0.583659 0.010000 0.010000
0 0.900000 0.590495 0.010000 0.010000
0 0.399902 0.596354 0.010000 0.010000
0 0.418213 0.613932 0.018066 0.033854
0 0.219727 0.610677 0.010000 0.010000
0 0.399414 0.613281 0.010000 0.010000
0 0.212646 0.618490 0.010000 0.010000
0 0.837402 0.629232 0.010000 0.010000
0 0.327881 0.636719 0.011230 0.010417
0 0.675293 0.632487 0.010000 0.010000
0 0.278809 0.636068 0.010000 0.010000
0 0.617188 0.637044 0.010000 0.010000
0 0.716797 0.640299 0.010000 0.010000
0 0.320801 0.641276 0.010000 0.010000
0 0.334229 0.640951 0.010000 0.010000
0 0.342773 0.650716 0.012695 0.021484
0 0.900000 0.644531 0.010000 0.010000
0 0.653809 0.643229 0.010000 0.010000
0 0.653564 0.650716 0.011230 0.013672
0 0.100000 0.654297 0.010000 0.010000
0 0.601562 0.657878 0.010000 0.010000
0 0.666992 0.659505 0.010000 0.010000
0 0.267578 0.672852 0.010000 0.010000
0 0.900000 0.675456 0.010000 0.010000
0 0.207031 0.695964 0.010000 0.010000
0 0.100000 0.700521 0.010000 0.010000
0 0.297119 0.706380 0.010000 0.010000
0 0.316162 0.720052 0.021973 0.027344
0 0.301758 0.720378 0.010000 0.010000
0 0.760986 0.720703 0.010000 0.010000
0 0.643066 0.722982 0.010000 0.010000
0 0.310547 0.731445 0.010000 0.010000
0 0.395020 0.732747 0.010000 0.010000
0 0.900000 0.738281 0.010000 0.010000
0 0.700195 0.750326 0.010000 0.010000
0 0.370361 0.753906 0.010000 0.010000
0 0.455811 0.755534 0.010000 0.010000
0 0.394775 0.759115 0.010000 0.010000
0 0.900000 0.759766 0.010000 0.010000
0 0.900000 0.760417 0.010000 0.010000
0 0.711670 0.763997 0.010000 0.010000
0 0.425293 0.775065 0.010000 0.010000
0 0.792480 0.775065 0.010000 0.010000
0 0.100000 0.778646 0.010000 0.010000
0 0.485107 0.779622 0.011230 0.010000
0 0.816895 0.780273 0.010000 0.010000
0 0.505127 0.783529 0.010000 0.010000
0 0.856445 0.791992 0.010000 0.010000
0 0.899170 0.792643 0.010000 0.010000
0 0.335938 0.800130 0.010000 0.010000
0 0.557861 0.805339 0.010000 0.010000
0 0.595215 0.809570 0.010000 0.010000
0 0.353760 0.810547 0.010000 0.010000
0 0.117920 0.815430 0.010000 0.010000
0 0.900000 0.815430 0.010000 0.010000
0 0.768311 0.825195 0.010000 0.011068
0 0.537109 0.826823 0.010000 0.010000
0 0.590820 0.839844 0.010000 0.010000
0 0.455078 0.852214 0.010000 0.010000
0 0.703125 0.854492 0.010000 0.010000
0 0.655273 0.857747 0.010000 0.010000
0 0.322998 0.860677 0.010000 0.010000
0 0.156738 0.865234 0.010000 0.010000
0 0.718750 0.879883 0.010000 0.010000
0 0.193848 0.886719 0.010000 0.010000
0 0.340820 0.887370 0.010000 0.010000
0 0.900000 0.886393 0.010000 0.010000
0 0.570557 0.894857 0.010000 0.010000
0 0.593506 0.897786 0.010000 0.010000
0 0.240723 0.898438 0.010000 0.010000
0 0.614014 0.900000 0.010000 0.010000
0 0.669189 0.900000 0.010000 0.010000
0 0.543945 0.900000 0.010000 0.010000
0 0.219482 0.900000 0.010000 0.010000
0 0.591553 0.900000 0.010000 0.010000
0 0.899170 0.900000 0.010000 0.010000
0 0.571045 0.900000 0.010000 0.010000
0 0.224854 0.900000 0.010000 0.010000
0 0.900000 0.900000 0.010000 0.010000
0 0.387207 0.900000 0.010000 0.010000
0 0.100000 0.900000 0.010000 0.010000
0 0.100000 0.900000 0.010000 0.010000
0 0.643066 0.900000 0.010000 0.010000
0 0.538818 0.900000 0.010000 0.010000
0 0.595703 0.900000 0.010000 0.010000
0 0.100000 0.900000 0.010000 0.010000
0 0.861572 0.900000 0.010000 0.010000
0 0.683350 0.900000 0.010000 0.010000
0 0.621094 0.900000 0.010000 0.010000
0 0.408936 0.900000 0.010000 0.010000
0 0.404541 0.900000 0.010000 0.010000
