1 0.500000 0.500000 0.500000 0.500000
0 0.210693 0.100000 0.010000 0.010000
0 0.642334 0.100000 0.010000 0.010000
0 0.735596 0.100000 0.010000 0.010000
0 0.900000 0.100000 0.010000 0.010000
0 0.300293 0.100000 0.010000 0.010000
0 0.573975 0.100000 0.010000 0.010000
0 0.844727 0.100000 0.010000 0.010000
0 0.883057 0.100000 0.010000 0.010000
0 0.100000 0.100000 0.011230 0.010000
0 0.100000 0.100000 0.010000 0.010000
0 0.478516 0.100000 0.010000 0.010000
0 0.100000 0.100000 0.010000 0.010000
0 0.445068 0.100000 0.010000 0.010000
0 0.383789 0.100000 0.010000 0.010000
0 0.685059 0.100000 0.010000 0.010000
0 0.502197 0.100000 0.010000 0.010000
0 0.854980 0.100000 0.010000 0.010000
0 0.342041 0.100000 0.010000 0.010000
0 0.900000 0.100000 0.010000 0.010000
0 0.605469 0.100000 0.010000 0.010000
0 0.676270 0.100000 0.010000 0.010000
0 0.700928 0.100000 0.010000 0.010000
0 0.725830 0.100000 0.010000 0.010000
0 0.396973 0.100000 0.010000 0.010000
0 0.900000 0.100000 0.010000 0.010000
0 0.565186 0.100911 0.010000 0.010000
0 0.705322 0.106445 0.010000 0.010000
0 0.900000 0.111654 0.010000 0.010000
0 0.190430 0.111979 0.010000 0.010000
0 0.738525 0.121745 0.010000 0.010000
0 0.539307 0.126628 0.010000 0.010000
0 0.400879 0.141927 0.010000 0.010000
0 0.473145 0.141602 0.010000 0.010000
0 0.646240 0.150391 0.010000 0.010000
0 0.477539 0.152669 0.010000 0.010000
0 0.480225 0.154622 0.010000 0.010000
0 0.807617 0.154297 0.010000 0.010000
0 0.482422 0.154297 0.010000 0.010000
0 0.900000 0.158854 0.010000 0.010000
0 0.136963 0.166667 0.010000 0.013021
0 0.606934 0.166016 0.010000 0.010000
0 0.487793 0.167643 0.010000 0.010000
0 0.456055 0.175130 0.010000 0.013021
0 0.453857 0.175456 0.010000 0.010000
0 0.882568 0.174479 0.010000 0.010000
0 0.689209 0.176758 0.010000 0.010000
0 0.468018 0.178711 0.010000 0.010000
0 0.104736 0.181966 0.010000 0.010000
0 0.100342 0.187174 0.010000 0.017578
0 0.100000 0.185221 0.010000 0.010000
0 0.100000 0.187500 0.010000 0.010000
0 0.900000 0.193359 0.010000 0.010000
0 0.198242 0.200521 0.010000 0.010000
0 0.364990 0.199870 0.010000 0.010000
0 0.775879 0.203451 0.010000 0.010000
0 0.241455 0.215169 0.010000 0.010000
0 0.503662 0.213867 0.010000 0.010000
0 0.687256 0.215820 0.010000 0.010000
0 0.900000 0.216797 0.010000 0.010000
0 0.718506 0.221029 0.010000 0.010000
0 0.100000 0.228190 0.010000 0.010000
0 0.889648 0.250651 0.010000 0.010000
0 0.795410 0.254232 0.010000 0.010000
0 0.865234 0.254883 0.010000 0.010000
0 0.219482 0.261719 0.010000 0.010000
0 0.337891 0.265299 0.010000 0.010000
0 0.836182 0.266602 0.010000 0.010000
0 0.601562 0.276693 0.010000 0.010000
0 0.876953 0.279948 0.010000 0.010000
0 0.900000 0.286784 0.010000 0.010000
0 0.900000 0.288737 0.010000 0.010000
0 0.100000 0.295247 0.010000 0.010000
0 0.100000 0.293945 0.010000 0.010000
0 0.848877 0.301107 0.010000 0.010000
0 0.813477 0.302734 0.010000 0.010000
0 0.554688 0.310221 0.010000 0.010000
0 0.100000 0.313151 0.010000 0.010000
0 0.900000 0.325195 0.010000 0.010000
0 0.142822 0.332031 0.010000 0.010000
0 0.423096 0.333984 0.010000 0.010000
0 0.373535 0.335938 0.010000 0.010000
0 0.100000 0.338216 0.010000 0.010000
0 0.217285 0.339193 0.010000 0.010000
0 0.900000 0.363607 0.010000 0.010000
0 0.312500 0.364258 0.010000 0.010000
0 0.314941 0.365560 0.010000 0.010000
0 0.288330 0.367513 0.010000 0.010000
0 0.308838 0.379557 0.011230 0.020833
0 0.314453 0.372721 0.010000 0.010000
0 0.363281 0.383464 0.010000 0.010000
0 0.653809 0.384440 0.010000 0.010000
0 0.614746 0.386719 0.010000 0.010000
0 0.250977 0.395182 0.010000 0.010000
0 0.252686 0.399089 0.010000 0.011719
0 0.293457 0.395508 0.010000 0.010000
0 0.900000 0.398763 0.010000 0.010000
0 0.261230 0.399414 0.010000 0.010000
0 0.900000 0.398763 0.010000 0.010000
0 0.900000 0.399089 0.010000 0.010000
0 0.257568 0.400065 0.010000 0.010000
0 0.259766 0.400391 0.010000 0.010000
0 0.564697 0.404297 0.010000 0.010000
0 0.257324 0.404297 0.010000 0.010000
0 0.682129 0.410807 0.010000 0.010000
0 0.510986 0.417643 0.010000 0.010000
0 0.636719 0.420573 0.010000 0.010000
0 0.568604 0.423177 0.010000 0.010000
0 0.242920 0.435221 0.010000 0.010000
0 0.100000 0.453451 0.010000 0.010000
0 0.161133 0.455404 0.010000 0.010000
0 0.772949 0.457357 0.010000 0.010000
0 0.819092 0.466797 0.010000 0.010000
0 0.813721 0.468424 0.010000 0.010000
0 0.472168 0.487305 0.010000 0.010000
0 0.670166 0.492839 0.010000 0.010000
0 0.671143 0.492513 0.010000 0.010000
0 0.218750 0.502279 0.010000 0.010000
0 0.900000 0.503906 0.010000 0.010000
0 0.896973 0.510417 0.010000 0.010000
0 0.654541 0.524414 0.010000 0.010000
0 0.722412 0.524414 0.010000 0.010000
0 0.649170 0.526042 0.010000 0.010000
0 0.586914 0.551758 0.034180 0.050130
0 0.687988 0.531901 0.010000 0.010000
0 0.591064 0.533529 0.010000 0.010000
0 0.525635 0.536458 0.010000 0.010000
0 0.497803 0.539714 0.010000 0.010000
0 0.480713 0.541341 0.010000 0.010000
0 0.570068 0.550781 0.010000 0.010417
0 0.900000 0.547852 0.010000 0.010000
0 0.842773 0.557943 0.010000 0.010000
0 0.396973 0.561523 0.012695 0.010000
0 0.207031 0.562174 0.010000 0.010000
0 0.296875 0.562826 0.010000 0.010000
0 0.704590 0.569336 0.010000 0.010000
0 0.100000 0.574544 0.010000 0.010000
0 0.819580 0.578125 0.010000 0.010000
0 0.436035 0.585286 0.010000 0.010000
0 0.638428 0.584961 0.010000 0.010000
0 0.663574 0.589193 0.010000 0.010000
0 0.853027 0.597656 0.010000 0.010000
0 0.100000 0.615885 0.010000 0.010000
0 0.891602 0.616862 0.010000 0.010000
0 0.104004 0.617188 0.010000 0.010000
0 0.584961 0.621745 0.010000 0.013021
0 0.596924 0.616862 0.010000 0.010000
0 0.595947 0.617513 0.010000 0.010000
0 0.591797 0.620768 0.010000 0.010000
0 0.100000 0.626628 0.010000 0.010000
0 0.193115 0.637044 0.010000 0.010000
0 0.448486 0.635091 0.010000 0.010000
0 0.450195 0.636068 0.010000 0.010000
0 0.100000 0.645182 0.010000 0.010000
0 0.630615 0.646159 0.010000 0.010000
0 0.430908 0.649740 0.010000 0.010000
0 0.428955 0.652344 0.010000 0.010000
0 0.670898 0.658854 0.010000 0.010000
0 0.402100 0.669596 0.010000 0.010000
0 0.376465 0.673828 0.010000 0.010000
0 0.375488 0.674154 0.010000 0.010000
0 0.558838 0.678385 0.010000 0.010000
0 0.900000 0.679688 0.010000 0.010000
0 0.100000 0.679688 0.010000 0.010000
0 0.362549 0.685221 0.010000 0.010000
0 0.385010 0.685547 0.010000 0.010000
0 0.376465 0.687174 0.010000 0.010000
0 0.400391 0.688477 0.010000 0.010000
0 0.617432 0.689128 0.010000 0.010000
0 0.398682 0.691406 0.010000 0.010000
0 0.854248 0.692383 0.010000 0.010000
0 0.571777 0.691732 0.010000 0.010000
0 0.877930 0.695312 0.010000 0.010000
0 0.303955 0.715495 0.039551 0.045573
0 0.392090 0.695964 0.010000 0.010000
0 0.380615 0.702474 0.010000 0.010000
0 0.780762 0.706706 0.010000 0.010000
0 0.900000 0.706706 0.010000 0.010000
0 0.802002 0.707682 0.010000 0.010000
0 0.369385 0.708984 0.010000 0.010000
0 0.900000 0.714193 0.010000 0.010000
0 0.900000 0.716471 0.010000 0.010000
0 0.749268 0.721680 0.010000 0.011068
0 0.900000 0.728841 0.010000 0.010000
0 0.284912 0.734375 0.010000 0.010417
0 0.265381 0.741536 0.010000 0.015625
0 0.100000 0.735677 0.010000 0.010000
0 0.281738 0.737305 0.010000 0.010000
0 0.900000 0.739258 0.010000 0.010000
0 0.644531 0.745443 0.010000 0.010000
0 0.657471 0.748698 0.010000 0.010000
0 0.898438 0.764323 0.010000 0.010000
0 0.846191 0.768880 0.010000 0.010000
0 0.654541 0.773763 0.010000 0.010000
0 0.345459 0.777669 0.010000 0.010000
0 0.900000 0.777018 0.010000 0.010000
0 0.348145 0.777018 0.010000 0.010000
0 0.365234 0.777018 0.010000 0.010000
0 0.353271 0.789062 0.034668 0.020833
0 0.100000 0.785807 0.010000 0.010000
0 0.546143 0.781901 0.010000 0.010000
0 0.219727 0.783529 0.010000 0.010000
0 0.833252 0.789062 0.010000 0.010000
0 0.680664 0.803060 0.010000 0.010000
0 0.900000 0.808919 0.010000 0.010000
0 0.210449 0.827148 0.010000 0.010000
0 0.692139 0.834635 0.010000 0.010000
0 0.887695 0.836263 0.010000 0.010000
0 0.100000 0.838542 0.010000 0.010000
0 0.100000 0.844076 0.010000 0.010000
0 0.341797 0.854167 0.010000 0.010000
0 0.900000 0.855794 0.010000 0.010000
0 0.591064 0.862630 0.010000 0.010000
0 0.869629 0.868164 0.010000 0.010000
0 0.175537 0.871419 0.010000 0.010000
0 0.900000 0.876628 0.010000 0.010000
0 0.279541 0.881510 0.010000 0.010000
0 0.100000 0.883464 0.010000 0.010000
0 0.327148 0.898112 0.010000 0.010000
0 0.900000 0.900000 0.010000 0.010000
0 0.100000 0.900000 0.010000 0.010000
0 0.100000 0.900000 0.010000 0.010000
0 0.900000 0.900000 0.010000 0.010000
0 0.775391 0.900000 0.010000 0.010000
0 0.153809 0.900000 0.019531 0.029297
0 0.100000 0.900000 0.010000 0.010000
0 0.491943 0.900000 0.010000 0.010000
0 0.567383 0.900000 0.010000 0.010000
0 0.136719 0.900000 0.010000 0.010000
0 0.900000 0.900000 0.010000 0.010000
0 0.138184 0.900000 0.010742 0.011068
0 0.564209 0.900000 0.010000 0.010000
0 0.486572 0.900000 0.010000 0.010000
0 0.480225 0.900000 0.010000 0.010000
0 0.771240 0.900000 0.010000 0.010000
0 0.100000 0.900000 0.013672 0.010000
0 0.100000 0.900000 0.010000 0.010000
0 0.100000 0.900000 0.010000 0.010000
0 0.100000 0.900000 0.010000 0.010000
0 0.385498 0.900000 0.010000 0.010000
0 0.833008 0.900000 0.010000 0.010000
0 0.765381 0.900000 0.010000 0.010000
0 0.383301 0.900000 0.010000 0.010000
0 0.231201 0.900000 0.010000 0.010000
