1 0.500000 0.500000 0.500000 0.500000
0 0.389893 0.100000 0.010000 0.010000
0 0.392578 0.100000 0.010000 0.010000
0 0.480713 0.100000 0.010000 0.010000
0 0.732178 0.100000 0.010000 0.010000
0 0.802734 0.100000 0.010000 0.010000
0 0.837158 0.100000 0.010000 0.010000
0 0.900000 0.100000 0.010000 0.010000
0 0.900000 0.100000 0.010000 0.010000
0 0.900000 0.100000 0.010000 0.010000
0 0.900000 0.100000 0.010000 0.010000
0 0.262939 0.100000 0.010000 0.010000
0 0.497314 0.100000 0.010000 0.010000
0 0.547607 0.100000 0.010000 0.010000
0 0.357910 0.100000 0.010000 0.010000
0 0.502686 0.100000 0.010000 0.010000
0 0.900000 0.100000 0.010000 0.010000
0 0.340576 0.100000 0.010000 0.010000
0 0.900000 0.100000 0.010000 0.010000
0 0.364990 0.100000 0.010000 0.010000
0 0.100000 0.100000 0.010000 0.010000
0 0.900000 0.100000 0.010000 0.010000
0 0.593018 0.100000 0.010000 0.010000
0 0.900000 0.100000 0.010000 0.010000
0 0.334473 0.100000 0.010000 0.010000
0 0.334717 0.100000 0.010000 0.010000
0 0.385010 0.100000 0.010000 0.010000
0 0.100000 0.100000 0.010000 0.010000
0 0.100000 0.100000 0.010000 0.010000
0 0.288818 0.100000 0.010000 0.010000
0 0.708008 0.100000 0.010000 0.010000
0 0.100000 0.100000 0.010000 0.010000
0 0.271729 0.100000 0.010000 0.010000
0 0.761963 0.100000 0.010000 0.010000
0 0.679443 0.100000 0.010000 0.010000
0 0.852783 0.100000 0.010000 0.010000
0 0.312744 0.100000 0.010000 0.010000
0 0.763428 0.100000 0.010000 0.010000
0 0.167236 0.100000 0.010000 0.010000
0 0.172119 0.100586 0.010000 0.010000
0 0.863037 0.104492 0.010000 0.010000
0 0.899658 0.110026 0.010000 0.010000
0 0.803467 0.129232 0.025879 0.030599
0 0.851562 0.115885 0.010000 0.010000
0 0.900000 0.121745 0.010000 0.011719
0 0.900000 0.121745 0.010000 0.010417
0 0.900000 0.121419 0.010000 0.010000
0 0.793701 0.133464 0.010000 0.010000
0 0.873291 0.132161 0.010000 0.010000
0 0.809814 0.131510 0.010000 0.010000
0 0.792725 0.134115 0.010000 0.010000
0 0.881104 0.134440 0.010000 0.010000
0 0.900000 0.135091 0.010000 0.010000
0 0.186768 0.141602 0.010000 0.010000
0 0.819092 0.142904 0.010000 0.010000
0 0.176025 0.146159 0.010000 0.010000
0 0.183105 0.143880 0.010000 0.010000
0 0.164062 0.153646 0.013672 0.018229
0 0.709473 0.149414 0.010000 0.010000
0 0.753174 0.159180 0.010000 0.010000
0 0.264404 0.166016 0.010000 0.010000
0 0.900000 0.165365 0.010000 0.010000
0 0.874023 0.166992 0.010000 0.010000
0 0.900000 0.169922 0.011230 0.010000
0 0.100000 0.173177 0.010000 0.010000
0 0.580566 0.177083 0.010000 0.010000
0 0.262695 0.179688 0.010000 0.010000
0 0.124023 0.188151 0.020508 0.019531
0 0.131348 0.180664 0.010000 0.010000
0 0.202637 0.193685 0.017578 0.017578
0 0.112793 0.188477 0.010000 0.010000
0 0.674316 0.194336 0.010000 0.010000
0 0.677979 0.194010 0.010000 0.010000
0 0.129150 0.198242 0.010000 0.010000
0 0.551514 0.201172 0.010000 0.010000
0 0.551514 0.201172 0.010000 0.010000
0 0.228271 0.211914 0.010000 0.010000
0 0.278076 0.211589 0.010000 0.010000
0 0.871338 0.226237 0.010000 0.010000
0 0.845947 0.229818 0.010000 0.010000
0 0.420410 0.234701 0.010000 0.010000
0 0.900000 0.233724 0.010000 0.010000
0 0.900000 0.234049 0.010000 0.010000
0 0.309082 0.272135 0.010000 0.010000
0 0.527832 0.271484 0.010000 0.010000
0 0.714844 0.280599 0.010000 0.010000
0 0.100000 0.284831 0.010000 0.010000
0 0.100000 0.285807 0.010000 0.010000
0 0.900000 0.289388 0.010000 0.010000
0 0.656006 0.290690 0.010000 0.010000
0 0.755615 0.300456 0.011230 0.014974
0 0.100000 0.296224 0.010000 0.010000
0 0.896484 0.305339 0.012695 0.016927
0 0.644287 0.303385 0.010000 0.010000
0 0.839355 0.311523 0.010000 0.012370
0 0.840820 0.306641 0.010000 0.010000
0 0.745850 0.310547 0.010000 0.010000
0 0.794189 0.308919 0.010000 0.010000
0 0.749023 0.311198 0.010000 0.010000
0 0.710449 0.325846 0.021484 0.016276
0 0.171875 0.322917 0.010000 0.010000
0 0.890137 0.327148 0.010000 0.010000
0 0.175049 0.330078 0.010000 0.010000
0 0.893799 0.330078 0.010000 0.010000
0 0.145264 0.341146 0.010000 0.010000
0 0.330078 0.344401 0.010000 0.010000
0 0.125732 0.351888 0.010000 0.010000
0 0.546875 0.359049 0.010000 0.010000
0 0.452393 0.369141 0.010000 0.018229
0 0.760010 0.362630 0.010000 0.010000
0 0.492432 0.372396 0.010254 0.015625
0 0.487793 0.371745 0.010000 0.011719
0 0.806885 0.379883 0.010000 0.010000
0 0.361328 0.382812 0.010000 0.010000
0 0.545410 0.383789 0.010000 0.010000
0 0.799316 0.393229 0.011719 0.020833
0 0.411133 0.394531 0.024414 0.016927
0 0.429199 0.391602 0.010000 0.010000
0 0.900000 0.395833 0.010254 0.013021
0 0.100000 0.406901 0.010000 0.010000
0 0.100000 0.407552 0.010000 0.010000
0 0.635010 0.405599 0.010000 0.010000
0 0.673828 0.406901 0.010000 0.010000
0 0.313965 0.413411 0.010000 0.010000
0 0.149170 0.440755 0.046387 0.058594
0 0.900000 0.430664 0.024414 0.033203
0 0.737061 0.432617 0.014160 0.031901
0 0.777100 0.418620 0.010000 0.010000
0 0.777344 0.420573 0.010000 0.010000
0 0.780029 0.423177 0.010000 0.010000
0 0.580078 0.447591 0.014648 0.012370
0 0.729980 0.443685 0.010000 0.010000
0 0.423096 0.448893 0.010000 0.010000
0 0.900000 0.448242 0.010000 0.010000
0 0.900000 0.453451 0.014160 0.014974
0 0.900000 0.449544 0.010000 0.010000
0 0.900000 0.450521 0.010000 0.010000
0 0.261475 0.451497 0.010000 0.010000
0 0.129150 0.454753 0.010000 0.010000
0 0.651855 0.454102 0.010000 0.010000
0 0.416992 0.462565 0.010742 0.010000
0 0.147461 0.465169 0.010000 0.012370
0 0.145020 0.463542 0.010000 0.010000
0 0.637207 0.474284 0.016602 0.013672
0 0.622314 0.487305 0.028809 0.030599
0 0.149170 0.481771 0.010000 0.010000
0 0.100000 0.483073 0.010000 0.010000
0 0.151611 0.484049 0.010000 0.010000
0 0.591309 0.490885 0.013672 0.016927
0 0.139404 0.490560 0.010000 0.010000
0 0.577637 0.501302 0.014648 0.020833
0 0.635010 0.494466 0.010000 0.010000
0 0.592773 0.501953 0.010000 0.010000
0 0.593018 0.504232 0.010000 0.010000
0 0.572021 0.507161 0.010000 0.010000
0 0.592041 0.506836 0.010000 0.010000
0 0.100000 0.509440 0.010000 0.010000
0 0.100000 0.513021 0.010000 0.010000
0 0.687500 0.517578 0.010000 0.013021
0 0.393066 0.524414 0.010000 0.010000
0 0.100000 0.527018 0.010000 0.010000
0 0.100000 0.530599 0.010000 0.010000
0 0.456787 0.537109 0.010000 0.010000
0 0.900000 0.552409 0.010000 0.010000
0 0.900000 0.555339 0.010000 0.010000
0 0.108643 0.560547 0.010000 0.010000
0 0.900000 0.569987 0.010000 0.010000
0 0.341553 0.572591 0.010000 0.010000
0 0.209229 0.576823 0.010000 0.010417
0 0.205078 0.578125 0.010000 0.010417
0 0.204346 0.579427 0.010000 0.010000
0 0.267090 0.578776 0.010000 0.010000
0 0.135498 0.591146 0.011230 0.015625
0 0.710938 0.588867 0.010000 0.010000
0 0.671631 0.598958 0.010000 0.010000
0 0.477539 0.612956 0.020508 0.020182
0 0.861816 0.608724 0.010000 0.010000
0 0.100000 0.608724 0.010000 0.010000
0 0.851318 0.614583 0.010000 0.010417
0 0.748291 0.612956 0.010000 0.010000
0 0.310303 0.612630 0.010000 0.010000
0 0.311523 0.614583 0.010000 0.010000
0 0.499268 0.614909 0.010000 0.010000
0 0.469971 0.622721 0.010000 0.010000
0 0.100000 0.631510 0.010254 0.016927
0 0.246582 0.623047 0.010000 0.010000
0 0.489502 0.627279 0.010000 0.010000
0 0.490723 0.627604 0.010000 0.010000
0 0.479004 0.627604 0.010000 0.010000
0 0.803467 0.639323 0.010000 0.010000
0 0.809814 0.640625 0.010000 0.010000
0 0.305420 0.640951 0.010000 0.010000
0 0.373535 0.641602 0.010000 0.010000
0 0.495361 0.643880 0.010000 0.010000
0 0.892090 0.649089 0.010000 0.010000
0 0.874023 0.653971 0.010000 0.010000
0 0.831543 0.657878 0.010000 0.010000
0 0.646484 0.658203 0.010000 0.010000
0 0.786133 0.659505 0.010000 0.010000
0 0.831299 0.660482 0.010000 0.010000
0 0.636475 0.663737 0.010000 0.010000
0 0.366943 0.666016 0.010000 0.010000
0 0.851074 0.678060 0.010000 0.010000
0 0.855957 0.677409 0.010000 0.010000
0 0.557861 0.685872 0.010000 0.010000
0 0.900000 0.693034 0.018555 0.016276
0 0.900000 0.690104 0.010000 0.010000
0 0.268311 0.694661 0.010000 0.010000
0 0.156250 0.696289 0.010000 0.010000
0 0.345947 0.699870 0.010000 0.010000
0 0.385986 0.701823 0.010000 0.010000
0 0.518311 0.719076 0.010000 0.010000
0 0.217285 0.729818 0.010000 0.010000
0 0.100000 0.736654 0.010000 0.010000
0 0.100000 0.738932 0.010000 0.010000
0 0.242188 0.741536 0.010000 0.010000
0 0.100000 0.747721 0.010000 0.010000
0 0.380371 0.754232 0.022461 0.016276
0 0.399658 0.748698 0.010000 0.010000
0 0.403320 0.749349 0.010000 0.010000
0 0.190918 0.748047 0.010000 0.010000
0 0.364014 0.752930 0.010000 0.010000
0 0.341064 0.763997 0.025879 0.021484
0 0.319824 0.755534 0.010000 0.010000
0 0.355713 0.760742 0.010000 0.010000
0 0.900000 0.763672 0.010000 0.010000
0 0.344727 0.767904 0.010000 0.010000
0 0.519531 0.774089 0.010000 0.010000
0 0.349365 0.777995 0.010000 0.010000
0 0.344482 0.778971 0.010000 0.010000
0 0.735840 0.783854 0.010000 0.010000
0 0.635742 0.789388 0.010000 0.010000
0 0.704346 0.791341 0.010000 0.010000
0 0.752197 0.790365 0.010000 0.010000
0 0.739258 0.791667 0.010000 0.010000
0 0.740479 0.792643 0.010000 0.010000
0 0.637695 0.796875 0.010000 0.010000
0 0.250488 0.799154 0.010000 0.010000
0 0.641846 0.798828 0.010000 0.010000
0 0.655273 0.803385 0.010742 0.013021
0 0.885498 0.798177 0.010000 0.010000
0 0.681396 0.800130 0.010000 0.010000
0 0.683350 0.799479 0.010000 0.010000
0 0.900000 0.804362 0.010000 0.010000
0 0.686279 0.802734 0.010000 0.010000
0 0.645752 0.807617 0.010000 0.010000
0 0.641357 0.811198 0.010000 0.010000
0 0.569824 0.821615 0.010000 0.010000
0 0.900000 0.821615 0.010000 0.010000
0 0.527344 0.832031 0.010000 0.010000
0 0.230469 0.833333 0.010000 0.010000
0 0.367432 0.835286 0.010000 0.010000
0 0.100000 0.840495 0.010000 0.010000
0 0.565186 0.843424 0.010000 0.010000
0 0.100000 0.844727 0.010000 0.010000
0 0.299072 0.844401 0.010000 0.010000
0 0.314453 0.849284 0.010000 0.010000
0 0.519287 0.852539 0.010000 0.010000
0 0.617920 0.852539 0.010000 0.010000
0 0.635254 0.859049 0.017578 0.017578
0 0.100000 0.854492 0.010000 0.010000
0 0.246338 0.856120 0.010000 0.010000
0 0.250488 0.855794 0.010000 0.010000
0 0.270508 0.861654 0.010000 0.010000
0 0.900000 0.869141 0.015137 0.023438
0 0.274902 0.861979 0.010000 0.010000
0 0.394531 0.859375 0.010000 0.010000
0 0.900000 0.861003 0.010000 0.010000
0 0.271973 0.861654 0.010000 0.010000
0 0.900000 0.863281 0.010000 0.010000
0 0.141357 0.863281 0.010000 0.010000
0 0.560547 0.864258 0.010000 0.010000
0 0.608643 0.866211 0.010000 0.010000
0 0.825439 0.888997 0.036621 0.033203
0 0.830078 0.873372 0.010000 0.010000
0 0.900000 0.874023 0.010000 0.010000
0 0.501221 0.876302 0.010000 0.010000
0 0.835938 0.879232 0.010000 0.010000
0 0.900000 0.879557 0.010000 0.010000
0 0.900000 0.884115 0.010000 0.010000
0 0.327881 0.890299 0.015137 0.012370
0 0.807617 0.885417 0.010000 0.010000
0 0.334961 0.896484 0.015625 0.020833
0 0.151367 0.893880 0.010000 0.010000
0 0.325684 0.895182 0.010000 0.010000
0 0.759766 0.900000 0.034180 0.017578
0 0.100000 0.898438 0.010000 0.010000
0 0.439209 0.900000 0.010000 0.011719
0 0.342529 0.900000 0.010000 0.010000
0 0.100000 0.900000 0.010000 0.010000
0 0.170898 0.900000 0.010000 0.010000
0 0.174561 0.900000 0.010000 0.010000
0 0.263428 0.900000 0.010000 0.010000
0 0.499268 0.900000 0.010000 0.010000
0 0.100000 0.900000 0.010000 0.010000
0 0.105225 0.900000 0.010000 0.010000
0 0.128662 0.900000 0.010000 0.010000
0 0.100000 0.900000 0.010000 0.013021
0 0.261719 0.900000 0.010000 0.010000
0 0.100000 0.900000 0.010000 0.010000
0 0.431641 0.900000 0.010000 0.010000
0 0.462158 0.900000 0.010000 0.010000
0 0.828613 0.900000 0.010000 0.010000
