1 0.500000 0.500000 0.500000 0.500000
0 0.669678 0.100000 0.010000 0.010000
0 0.797119 0.100000 0.010000 0.010000
0 0.812988 0.100000 0.010000 0.010000
0 0.882568 0.100000 0.022949 0.020833
0 0.900000 0.100000 0.010000 0.010000
0 0.900000 0.100000 0.024414 0.013021
0 0.360596 0.100000 0.010000 0.010000
0 0.100000 0.100000 0.010000 0.010000
0 0.274658 0.100000 0.010000 0.010000
0 0.100000 0.100000 0.010000 0.010000
0 0.377686 0.100000 0.010000 0.010000
0 0.100000 0.100000 0.010000 0.010000
0 0.841553 0.100000 0.010000 0.010000
0 0.100000 0.100000 0.010000 0.010000
0 0.896973 0.100000 0.010000 0.010000
0 0.900000 0.100000 0.010000 0.010000
0 0.100000 0.100000 0.010000 0.010000
0 0.443115 0.100000 0.010000 0.010000
0 0.125977 0.106120 0.010000 0.010000
0 0.454834 0.120117 0.010000 0.010000
0 0.100000 0.128255 0.010000 0.010000
0 0.103516 0.129557 0.010000 0.010000
0 0.825928 0.126953 0.010000 0.010000
0 0.552979 0.131185 0.010000 0.010000
0 0.437256 0.132161 0.010000 0.010000
0 0.769287 0.140299 0.010000 0.010000
0 0.878906 0.145182 0.010000 0.010000
0 0.665771 0.146484 0.010000 0.010000
0 0.900000 0.151367 0.010000 0.010000
0 0.652588 0.154622 0.010000 0.010000
0 0.727539 0.155924 0.010000 0.010000
0 0.634766 0.159180 0.010000 0.010000
0 0.627686 0.161133 0.010000 0.010000
0 0.619873 0.163737 0.010000 0.010000
0 0.900000 0.173828 0.010000 0.010000
0 0.176758 0.171224 0.010000 0.010000
0 0.900000 0.173503 0.010000 0.010000
0 0.851562 0.176107 0.010000 0.010000
0 0.546387 0.178385 0.010000 0.010000
0 0.827881 0.186198 0.010000 0.010000
0 0.325684 0.202474 0.023438 0.031250
0 0.313477 0.189453 0.010000 0.010000
0 0.100000 0.191406 0.010000 0.010000
0 0.315186 0.192057 0.010000 0.010000
0 0.755615 0.196289 0.010000 0.010000
0 0.624512 0.198893 0.010000 0.010000
0 0.101562 0.206706 0.010000 0.010000
0 0.900000 0.212565 0.010000 0.010000
0 0.100000 0.217448 0.010000 0.010000
0 0.298584 0.216471 0.010000 0.010000
0 0.100000 0.220703 0.010000 0.010000
0 0.536621 0.226562 0.010000 0.010000
0 0.223389 0.229492 0.010000 0.010000
0 0.100000 0.234375 0.010000 0.010000
0 0.685547 0.232422 0.010000 0.010000
0 0.900000 0.241862 0.010742 0.010000
0 0.666504 0.258789 0.022461 0.016276
0 0.300049 0.253581 0.010000 0.010000
0 0.299561 0.256510 0.010000 0.010000
0 0.653076 0.271159 0.023926 0.027995
0 0.130859 0.265951 0.010000 0.010000
0 0.276855 0.265951 0.010000 0.010000
0 0.549072 0.268555 0.010000 0.010000
0 0.740234 0.268880 0.010000 0.010000
0 0.257080 0.274089 0.010000 0.010000
0 0.111816 0.276693 0.010000 0.010000
0 0.220459 0.277018 0.010000 0.010000
0 0.779785 0.277018 0.010000 0.010000
0 0.451660 0.282878 0.010000 0.010000
0 0.900000 0.289714 0.010000 0.010000
0 0.730957 0.291016 0.010000 0.010000
0 0.900000 0.288737 0.010000 0.010000
0 0.727539 0.292318 0.010000 0.010000
0 0.100000 0.291341 0.010000 0.010000
0 0.399658 0.291667 0.010000 0.010000
0 0.196533 0.294596 0.010000 0.010000
0 0.188232 0.299805 0.010000 0.010000
0 0.510010 0.302083 0.010000 0.010000
0 0.802979 0.324219 0.010000 0.010000
0 0.121338 0.333008 0.010000 0.010000
0 0.900000 0.338216 0.010000 0.010000
0 0.100000 0.343099 0.010000 0.010000
0 0.900000 0.343424 0.010000 0.010000
0 0.100000 0.343099 0.010000 0.010000
0 0.100000 0.351888 0.010000 0.010000
0 0.421387 0.359375 0.010000 0.010000
0 0.856689 0.360677 0.010000 0.010000
0 0.403564 0.368164 0.015137 0.014974
0 0.100000 0.364909 0.010000 0.010000
0 0.402832 0.363932 0.010000 0.010000
0 0.248047 0.366211 0.010000 0.010000
0 0.870605 0.364909 0.010000 0.010000
0 0.394531 0.371419 0.010000 0.010000
0 0.100000 0.375326 0.010000 0.010000
0 0.589355 0.376628 0.010000 0.010000
0 0.146973 0.378581 0.010000 0.010000
0 0.390625 0.384115 0.010000 0.010000
0 0.100000 0.403646 0.010000 0.010000
0 0.395264 0.403646 0.010000 0.010000
0 0.351562 0.405924 0.010000 0.010000
0 0.411621 0.415039 0.010000 0.010000
0 0.408936 0.415039 0.010000 0.010000
0 0.100000 0.432617 0.010000 0.010000
0 0.900000 0.434896 0.010000 0.010000
0 0.230225 0.442057 0.010000 0.010000
0 0.900000 0.458659 0.010000 0.010000
0 0.200928 0.461589 0.010000 0.010000
0 0.900000 0.464193 0.010000 0.010000
0 0.401611 0.468750 0.010000 0.010000
0 0.464844 0.475260 0.010000 0.010000
0 0.198730 0.478190 0.010000 0.010000
0 0.181885 0.481120 0.010000 0.010000
0 0.863037 0.504883 0.041504 0.051432
0 0.865723 0.480794 0.010000 0.010000
0 0.452881 0.491211 0.021973 0.016276
0 0.592285 0.488932 0.010000 0.010000
0 0.100000 0.491211 0.010000 0.010000
0 0.100000 0.491211 0.010000 0.010000
0 0.878662 0.490560 0.010000 0.010000
0 0.133057 0.502279 0.010000 0.018880
0 0.185059 0.499674 0.010000 0.010000
0 0.186279 0.502604 0.010000 0.010000
0 0.585449 0.503255 0.010000 0.010000
0 0.145508 0.504883 0.010000 0.010000
0 0.900000 0.505859 0.010000 0.010000
0 0.235352 0.512370 0.015625 0.013021
0 0.900000 0.506185 0.010000 0.010000
0 0.314941 0.514323 0.010000 0.014323
0 0.422119 0.508464 0.010000 0.010000
0 0.871826 0.508789 0.010000 0.010000
0 0.767822 0.514974 0.014160 0.010000
0 0.881348 0.512695 0.010000 0.010000
0 0.851562 0.513346 0.010000 0.010000
0 0.759521 0.517253 0.010000 0.010000
0 0.771973 0.520833 0.010000 0.010000
0 0.149170 0.527344 0.010000 0.010000
0 0.341797 0.525391 0.010000 0.010000
0 0.384277 0.530273 0.010000 0.010000
0 0.554443 0.530599 0.010000 0.010000
0 0.382080 0.531901 0.010000 0.010000
0 0.261475 0.537760 0.010000 0.010000
0 0.828857 0.536133 0.010000 0.010000
0 0.639893 0.537760 0.010000 0.010000
0 0.140137 0.549479 0.010000 0.011719
0 0.143799 0.544922 0.010000 0.010000
0 0.811035 0.549479 0.010000 0.010000
0 0.645752 0.550130 0.010000 0.010000
0 0.417480 0.563151 0.010000 0.014323
0 0.430420 0.562500 0.010000 0.010000
0 0.430908 0.564779 0.010000 0.010000
0 0.429932 0.568034 0.016113 0.010000
0 0.779297 0.569987 0.010000 0.010000
0 0.100000 0.575195 0.010000 0.010000
0 0.157715 0.580729 0.010000 0.010000
0 0.559326 0.585286 0.010000 0.010000
0 0.494629 0.583984 0.010000 0.010000
0 0.561279 0.588542 0.010000 0.010000
0 0.802734 0.591146 0.010000 0.010000
0 0.245361 0.592773 0.010000 0.010000
0 0.447266 0.618490 0.019531 0.031250
0 0.532715 0.605469 0.010000 0.010000
0 0.185791 0.614258 0.010000 0.010000
0 0.651855 0.621094 0.010000 0.010000
0 0.597656 0.622721 0.010000 0.010000
0 0.697754 0.628581 0.010000 0.010000
0 0.246338 0.627279 0.010000 0.010000
0 0.545410 0.629557 0.010000 0.010000
0 0.697998 0.629557 0.010000 0.010000
0 0.545898 0.629232 0.010000 0.010000
0 0.406494 0.634440 0.010000 0.010000
0 0.543701 0.634766 0.010000 0.010000
0 0.100000 0.636393 0.010000 0.010000
0 0.364258 0.638021 0.010000 0.010000
0 0.543213 0.636719 0.010000 0.010000
0 0.100000 0.639974 0.010000 0.010000
0 0.433838 0.642578 0.010000 0.010000
0 0.100000 0.649089 0.010000 0.010000
0 0.370605 0.654622 0.010000 0.012370
0 0.452881 0.662760 0.010000 0.010000
0 0.100000 0.677083 0.010000 0.010000
0 0.286133 0.677409 0.010000 0.010000
0 0.100000 0.681966 0.010000 0.010000
0 0.100000 0.693359 0.010000 0.010000
0 0.124023 0.694987 0.010000 0.010000
0 0.900000 0.696940 0.010000 0.010000
0 0.900000 0.697591 0.010000 0.010000
0 0.885010 0.702474 0.010000 0.010000
0 0.301514 0.722331 0.018066 0.034505
0 0.767822 0.710286 0.010000 0.010000
0 0.749023 0.718750 0.010000 0.010000
0 0.900000 0.721029 0.010000 0.010000
0 0.355713 0.724935 0.010000 0.010000
0 0.100000 0.732747 0.010000 0.010000
0 0.100000 0.743490 0.010000 0.010000
0 0.100000 0.745443 0.010000 0.010000
0 0.621338 0.744792 0.010000 0.010000
0 0.886230 0.748372 0.010000 0.010000
0 0.644775 0.754557 0.010000 0.010000
0 0.900000 0.755534 0.010000 0.010000
0 0.900000 0.762695 0.010000 0.010000
0 0.464111 0.782878 0.014160 0.017578
0 0.100000 0.779622 0.010000 0.010000
0 0.853516 0.785156 0.010000 0.010000
0 0.900000 0.800130 0.010000 0.010000
0 0.401855 0.801432 0.010000 0.010000
0 0.855469 0.801758 0.010000 0.010000
0 0.900000 0.807943 0.010000 0.010000
0 0.900000 0.812826 0.010000 0.010000
0 0.500488 0.815104 0.010000 0.010000
0 0.220459 0.815430 0.010000 0.010000
0 0.685547 0.837565 0.041016 0.039714
0 0.494629 0.825521 0.010000 0.010417
0 0.774902 0.821615 0.010000 0.010000
0 0.759033 0.824219 0.010254 0.010000
0 0.472656 0.830078 0.010000 0.010000
0 0.259277 0.840169 0.010000 0.010000
0 0.536621 0.844076 0.010000 0.010000
0 0.580078 0.848958 0.012695 0.013021
0 0.669189 0.844076 0.010000 0.010000
0 0.312012 0.846680 0.010000 0.010000
0 0.430176 0.846354 0.010000 0.010000
0 0.573242 0.849609 0.010000 0.010000
0 0.659668 0.885091 0.010000 0.010000
0 0.661133 0.885742 0.010000 0.010000
0 0.663086 0.883464 0.010000 0.010000
0 0.286133 0.888346 0.010000 0.010000
0 0.900000 0.888997 0.010000 0.010000
0 0.648193 0.895833 0.010000 0.010000
0 0.100000 0.900000 0.010000 0.010000
0 0.195801 0.900000 0.010000 0.010000
0 0.147217 0.900000 0.010000 0.010000
0 0.900000 0.900000 0.010000 0.010000
0 0.455566 0.900000 0.010000 0.010000
0 0.386230 0.900000 0.010000 0.010000
0 0.380859 0.900000 0.010000 0.010000
0 0.741943 0.900000 0.010000 0.010000
0 0.900000 0.900000 0.010000 0.010000
0 0.100000 0.900000 0.010000 0.010000
0 0.138672 0.900000 0.010000 0.010000
0 0.445312 0.900000 0.010000 0.010000
0 0.100000 0.900000 0.010000 0.010000
0 0.900000 0.900000 0.010000 0.010000
0 0.900000 0.900000 0.010000 0.010000
0 0.585693 0.900000 0.015137 0.018880
0 0.685791 0.900000 0.010000 0.010000
0 0.496094 0.900000 0.010000 0.010000
0 0.564453 0.900000 0.010000 0.010000
0 0.580811 0.900000 0.010000 0.010000
0 0.268066 0.900000 0.010000 0.010000
0 0.565186 0.900000 0.010000 0.010000
0 0.379150 0.900000 0.010000 0.010000
0 0.308594 0.900000 0.010000 0.010000
0 0.294678 0.900000 0.010000 0.010000
0 0.313232 0.900000 0.010000 0.010000
0 0.156494 0.900000 0.010000 0.010000
0 0.209473 0.900000 0.010000 0.010000
0 0.485596 0.900000 0.010000 0.010000
0 0.194824 0.900000 0.010000 0.010000
0 0.485596 0.900000 0.010000 0.010000
0 0.900000 0.900000 0.010000 0.010000
0 0.645752 0.900000 0.010000 0.010000
0 0.419922 0.900000 0.023438 0.010000
0 0.232666 0.900000 0.010000 0.010000
0 0.407227 0.900000 0.010000 0.010000
0 0.231445 0.900000 0.010000 0.010000
0 0.269775 0.900000 0.010000 0.010000
0 0.437012 0.900000 0.010000 0.010000
0 0.713867 0.900000 0.010000 0.010000
0 0.900000 0.900000 0.010000 0.010000
0 0.280518 0.900000 0.010000 0.010000
0 0.645508 0.900000 0.010000 0.010000
