1 0.500000 0.500000 0.500000 0.500000
0 0.900000 0.100000 0.010000 0.010000
0 0.870605 0.100000 0.010000 0.010000
0 0.269775 0.100000 0.010254 0.010000
0 0.303711 0.100000 0.010000 0.010000
0 0.589355 0.100000 0.010000 0.010000
0 0.490479 0.100000 0.010000 0.010000
0 0.802734 0.100000 0.010000 0.010000
0 0.100000 0.100000 0.010000 0.010000
0 0.125977 0.100000 0.010000 0.010000
0 0.141846 0.107747 0.010000 0.010000
0 0.592773 0.125000 0.010000 0.010000
0 0.900000 0.123698 0.010000 0.010000
0 0.134277 0.128581 0.010000 0.010000
0 0.484863 0.129557 0.010000 0.010000
0 0.527588 0.132161 0.010000 0.010000
0 0.400879 0.134115 0.010000 0.010000
0 0.739746 0.138997 0.010000 0.010000
0 0.660645 0.144206 0.010000 0.010000
0 0.812256 0.147461 0.010000 0.010000
0 0.130371 0.146810 0.010000 0.010000
0 0.521484 0.175456 0.010000 0.010000
0 0.223877 0.181966 0.010000 0.010000
0 0.100000 0.182943 0.010000 0.010000
0 0.756348 0.186198 0.010000 0.010000
0 0.846191 0.192383 0.010000 0.010000
0 0.318604 0.194010 0.010000 0.010000
0 0.900000 0.224284 0.010000 0.010000
0 0.798096 0.230794 0.010000 0.010000
0 0.900000 0.237305 0.010000 0.010000
0 0.441650 0.262370 0.010000 0.010000
0 0.585938 0.277018 0.010000 0.010000
0 0.900000 0.292643 0.010000 0.010000
0 0.230225 0.305990 0.010000 0.010000
0 0.360596 0.305990 0.010000 0.010000
0 0.489746 0.307943 0.010000 0.010000
0 0.869141 0.307943 0.010000 0.010000
0 0.567139 0.323568 0.010000 0.010000
0 0.679443 0.323242 0.010000 0.010000
0 0.463623 0.337240 0.010000 0.010000
0 0.659424 0.346354 0.010000 0.010000
0 0.900000 0.357096 0.010000 0.010000
0 0.875000 0.366536 0.010000 0.010000
0 0.900000 0.382487 0.010000 0.010000
0 0.385498 0.383789 0.010000 0.010000
0 0.812500 0.387044 0.010000 0.010000
0 0.900000 0.389648 0.010000 0.010000
0 0.900000 0.390299 0.010000 0.010000
0 0.339355 0.396810 0.010000 0.010000
0 0.480469 0.402344 0.010000 0.010000
0 0.537109 0.412109 0.010000 0.010000
0 0.686035 0.411784 0.010000 0.010000
0 0.538574 0.411784 0.010000 0.010000
0 0.656982 0.411458 0.010000 0.010000
0 0.686523 0.419596 0.010742 0.017578
0 0.100000 0.415039 0.010000 0.010000
0 0.679932 0.419596 0.010000 0.010000
0 0.345215 0.419922 0.010000 0.010000
0 0.681152 0.421224 0.010000 0.010000
0 0.687988 0.423177 0.010000 0.010000
0 0.699463 0.423828 0.010000 0.010000
0 0.900000 0.430339 0.014648 0.016927
0 0.680664 0.433919 0.021484 0.017578
0 0.684814 0.430664 0.010000 0.010000
0 0.662842 0.432943 0.010000 0.010000
0 0.808105 0.440104 0.010000 0.010000
0 0.628418 0.451823 0.010742 0.015625
0 0.292969 0.460286 0.010742 0.015625
0 0.824219 0.461589 0.010000 0.010000
0 0.295410 0.475260 0.011719 0.010417
0 0.440674 0.479492 0.010000 0.010000
0 0.812500 0.486003 0.010000 0.010000
0 0.336670 0.496094 0.024902 0.026042
0 0.349854 0.486654 0.010000 0.010000
0 0.100000 0.486979 0.010000 0.010000
0 0.210693 0.486328 0.010000 0.010000
0 0.838623 0.488281 0.010000 0.010000
0 0.100000 0.490560 0.010000 0.010000
0 0.454834 0.490885 0.010000 0.010000
0 0.287598 0.495768 0.010000 0.010000
0 0.830322 0.516927 0.010000 0.010000
0 0.817383 0.529622 0.010000 0.010000
0 0.188965 0.537109 0.010000 0.010000
0 0.427002 0.548503 0.010000 0.010000
0 0.461426 0.549805 0.010000 0.010000
0 0.260742 0.550130 0.010000 0.010000
0 0.252930 0.564128 0.015625 0.025391
0 0.348145 0.553711 0.010000 0.010000
0 0.864502 0.557943 0.010000 0.010000
0 0.541992 0.557617 0.010000 0.010000
0 0.839111 0.559245 0.010000 0.010000
0 0.444336 0.561849 0.010000 0.010000
0 0.900000 0.566406 0.010000 0.010000
0 0.261230 0.567383 0.010000 0.010000
0 0.250244 0.569987 0.010000 0.011068
0 0.250000 0.569987 0.010000 0.010000
0 0.402832 0.571940 0.010000 0.010000
0 0.247803 0.572917 0.010000 0.010000
0 0.824707 0.580078 0.010000 0.010000
0 0.783691 0.580404 0.010000 0.010000
0 0.443115 0.580729 0.010000 0.010000
0 0.371094 0.584961 0.010000 0.010000
0 0.583252 0.587891 0.010000 0.010000
0 0.100000 0.589518 0.010000 0.010000
0 0.228760 0.602539 0.010000 0.010000
0 0.350586 0.604492 0.010000 0.010000
0 0.107422 0.607747 0.010000 0.010000
0 0.100000 0.611979 0.010000 0.010000
0 0.379883 0.623698 0.014648 0.016927
0 0.264893 0.624023 0.010000 0.010000
0 0.555420 0.623698 0.010000 0.010000
0 0.308350 0.630208 0.010000 0.011719
0 0.100000 0.636068 0.010000 0.010000
0 0.854980 0.639974 0.010000 0.010000
0 0.242920 0.656576 0.010000 0.010000
0 0.100000 0.671875 0.010000 0.015625
0 0.900000 0.667643 0.010000 0.010000
0 0.681152 0.672852 0.010000 0.010000
0 0.302979 0.692383 0.010000 0.010000
0 0.274414 0.700846 0.010000 0.010000
0 0.430176 0.721680 0.010000 0.010000
0 0.750000 0.742513 0.010000 0.010000
0 0.138916 0.756510 0.010000 0.010000
0 0.599121 0.756510 0.010000 0.010000
0 0.100000 0.774089 0.010000 0.010000
0 0.100000 0.775391 0.010000 0.010000
0 0.900000 0.779948 0.010000 0.010000
0 0.618896 0.784180 0.010000 0.010000
0 0.589600 0.796875 0.010000 0.010000
0 0.791992 0.797201 0.010000 0.010000
0 0.100000 0.806315 0.010000 0.010000
0 0.893066 0.814128 0.010000 0.010000
0 0.474365 0.813802 0.010000 0.010000
0 0.755127 0.817708 0.010000 0.010000
0 0.448486 0.821615 0.010000 0.010000
0 0.543945 0.820638 0.010000 0.010000
0 0.424561 0.824544 0.010000 0.010000
0 0.100000 0.825195 0.010000 0.010000
0 0.399414 0.832031 0.010000 0.010000
0 0.355225 0.844401 0.010000 0.010000
0 0.482910 0.844727 0.010000 0.010000
0 0.745850 0.857096 0.010000 0.010000
0 0.276611 0.865234 0.010000 0.010000
0 0.100000 0.874349 0.010000 0.010000
0 0.783691 0.877930 0.010000 0.010000
0 0.581055 0.900000 0.010000 0.010000
0 0.126953 0.900000 0.010000 0.010000
0 0.788330 0.900000 0.010000 0.010000
0 0.900000 0.900000 0.010000 0.010000
0 0.211670 0.900000 0.010000 0.010000
0 0.557373 0.900000 0.010000 0.010000
0 0.619629 0.900000 0.010000 0.010000
0 0.209473 0.900000 0.010000 0.010000
0 0.507812 0.900000 0.010000 0.010000
0 0.900000 0.900000 0.010000 0.010000
0 0.100000 0.900000 0.010000 0.010000
