1 0.500000 0.500000 0.500000 0.500000
0 0.145996 0.100000 0.010000 0.010000
0 0.260986 0.100000 0.010000 0.010000
0 0.900000 0.100000 0.010000 0.010000
0 0.465332 0.100000 0.010000 0.010000
0 0.875977 0.100000 0.010000 0.010000
0 0.518799 0.100000 0.010000 0.010000
0 0.573242 0.100000 0.010000 0.010000
0 0.217529 0.100000 0.012207 0.013021
0 0.100000 0.100000 0.010000 0.010000
0 0.649902 0.100000 0.010000 0.010000
0 0.100000 0.100000 0.010000 0.010000
0 0.100000 0.100000 0.010000 0.010000
0 0.100000 0.100000 0.010000 0.010000
0 0.508057 0.100000 0.010000 0.010000
0 0.100000 0.100000 0.010000 0.010000
0 0.723633 0.100000 0.010000 0.010000
0 0.341553 0.100000 0.010000 0.010000
0 0.567139 0.100000 0.010000 0.010000
0 0.554443 0.100260 0.010000 0.010000
0 0.564697 0.100260 0.010000 0.010000
0 0.849121 0.100000 0.010000 0.010000
0 0.827393 0.110026 0.010000 0.010000
0 0.850098 0.109049 0.010000 0.010000
0 0.824219 0.114909 0.010000 0.010000
0 0.842041 0.113607 0.010000 0.010000
0 0.833984 0.114583 0.010000 0.010000
0 0.886963 0.121094 0.010000 0.010000
0 0.100000 0.121094 0.010000 0.010000
0 0.655029 0.124349 0.010000 0.010000
0 0.269043 0.133464 0.010000 0.010000
0 0.459717 0.138997 0.010000 0.011068
0 0.266602 0.139648 0.010000 0.010000
0 0.457520 0.139974 0.010000 0.011719
0 0.100000 0.136393 0.010000 0.010000
0 0.712402 0.138346 0.010000 0.010000
0 0.342529 0.140951 0.010000 0.010000
0 0.418945 0.139648 0.010000 0.010000
0 0.763184 0.143880 0.010000 0.010000
0 0.900000 0.148112 0.010000 0.010000
0 0.900000 0.149089 0.010000 0.010000
0 0.775879 0.154622 0.010000 0.010000
0 0.208984 0.154622 0.010000 0.010000
0 0.477051 0.156576 0.010000 0.010000
0 0.899170 0.161784 0.010000 0.010000
0 0.898682 0.164388 0.010000 0.010000
0 0.625244 0.166341 0.010000 0.010000
0 0.294434 0.171875 0.010000 0.010000
0 0.183838 0.170247 0.010000 0.010000
0 0.799805 0.174805 0.010000 0.010000
0 0.145508 0.187174 0.010000 0.010000
0 0.100000 0.212565 0.010000 0.010000
0 0.385986 0.216797 0.010000 0.010000
0 0.900000 0.214518 0.010000 0.010000
0 0.900000 0.227539 0.010000 0.022786
0 0.384033 0.221029 0.010000 0.010000
0 0.900000 0.228190 0.010000 0.010000
0 0.100000 0.226888 0.010000 0.010000
0 0.100000 0.227539 0.010000 0.010000
0 0.358398 0.237305 0.010000 0.010000
0 0.563965 0.238281 0.010000 0.010000
0 0.401611 0.246094 0.010000 0.010000
0 0.100000 0.250000 0.010000 0.010000
0 0.456299 0.264974 0.010000 0.013021
0 0.186035 0.261393 0.010000 0.010000
0 0.100000 0.265951 0.010000 0.010000
0 0.121582 0.275716 0.010000 0.010000
0 0.796143 0.278320 0.010000 0.010000
0 0.650879 0.279622 0.010000 0.010000
0 0.630615 0.283854 0.010000 0.010000
0 0.100000 0.282878 0.010000 0.010000
0 0.513916 0.288086 0.010000 0.010000
0 0.900000 0.292969 0.010000 0.010000
0 0.695312 0.306315 0.010000 0.010000
0 0.700684 0.307943 0.010000 0.010000
0 0.478760 0.318685 0.010000 0.010000
0 0.229980 0.319336 0.010000 0.010000
0 0.324219 0.318685 0.010000 0.010000
0 0.717529 0.321940 0.010000 0.010000
0 0.819824 0.322917 0.010000 0.010000
0 0.824219 0.323242 0.010000 0.010000
0 0.814941 0.326172 0.010000 0.010000
0 0.697998 0.329753 0.010000 0.010000
0 0.326416 0.335286 0.010000 0.010000
0 0.142822 0.337565 0.010000 0.010000
0 0.507080 0.345378 0.010000 0.010000
0 0.900000 0.348633 0.010000 0.010000
0 0.320312 0.354818 0.010000 0.010000
0 0.312256 0.359049 0.010000 0.010000
0 0.156738 0.358398 0.010000 0.010000
0 0.518555 0.357747 0.010000 0.010000
0 0.100000 0.361979 0.010000 0.010000
0 0.586670 0.363607 0.010000 0.010000
0 0.160400 0.372396 0.010000 0.010000
0 0.900000 0.370768 0.010000 0.010000
0 0.900000 0.374023 0.010000 0.010000
0 0.298828 0.385742 0.017578 0.025391
0 0.528320 0.373698 0.010000 0.010000
0 0.304199 0.379883 0.010000 0.010000
0 0.801514 0.378581 0.010000 0.010000
0 0.900000 0.376302 0.010000 0.010000
0 0.270264 0.378581 0.010000 0.010000
0 0.793701 0.381836 0.010000 0.010000
0 0.798584 0.380208 0.010000 0.010000
0 0.821045 0.382161 0.010000 0.010000
0 0.820068 0.381836 0.010000 0.010000
0 0.796387 0.383464 0.010000 0.010000
0 0.310303 0.388021 0.010000 0.010000
0 0.888916 0.385417 0.010000 0.010000
0 0.797119 0.388997 0.010254 0.010000
0 0.868164 0.386719 0.010000 0.010000
0 0.282715 0.389648 0.010000 0.010000
0 0.281250 0.395182 0.010000 0.010000
0 0.440430 0.395508 0.010000 0.010000
0 0.284668 0.396810 0.010000 0.010000
0 0.449951 0.399414 0.010000 0.010000
0 0.100000 0.401693 0.010000 0.010000
0 0.503906 0.402018 0.010000 0.010000
0 0.519531 0.406901 0.010000 0.010000
0 0.711426 0.410156 0.010000 0.010000
0 0.130615 0.423177 0.010000 0.010000
0 0.100000 0.437826 0.010000 0.010000
0 0.900000 0.438477 0.010000 0.010000
0 0.200439 0.440755 0.010000 0.010000
0 0.200684 0.439779 0.010000 0.010000
0 0.900000 0.441081 0.010000 0.010000
0 0.221191 0.449544 0.010000 0.010000
0 0.900000 0.447266 0.010000 0.010000
0 0.260498 0.451172 0.010000 0.010000
0 0.900000 0.458659 0.010000 0.010000
0 0.900000 0.458008 0.010000 0.010000
0 0.119385 0.461263 0.010000 0.010000
0 0.297607 0.460286 0.010000 0.010000
0 0.900000 0.467122 0.012695 0.010000
0 0.862061 0.473633 0.010000 0.010000
0 0.900000 0.488607 0.010000 0.010000
0 0.312012 0.495117 0.010000 0.010000
0 0.690186 0.493490 0.010000 0.010000
0 0.572266 0.497070 0.010000 0.010000
0 0.301270 0.497070 0.011719 0.010000
0 0.505859 0.500977 0.010000 0.010000
0 0.383301 0.499023 0.010000 0.010000
0 0.657227 0.500326 0.010000 0.010000
0 0.480225 0.500977 0.010000 0.010000
0 0.774414 0.500326 0.010000 0.010000
0 0.100000 0.510091 0.010000 0.010000
0 0.513184 0.506185 0.010000 0.010000
0 0.654053 0.509115 0.010000 0.010000
0 0.122803 0.515299 0.010000 0.010000
0 0.900000 0.521810 0.010000 0.012370
0 0.484131 0.519531 0.010000 0.010000
0 0.125488 0.525065 0.010000 0.010000
0 0.112793 0.542318 0.010000 0.010000
0 0.540039 0.544922 0.010000 0.010000
0 0.104980 0.547852 0.010000 0.010000
0 0.100000 0.551432 0.010000 0.010000
0 0.100000 0.553060 0.010000 0.010000
0 0.106689 0.555990 0.010000 0.010000
0 0.100000 0.561198 0.010000 0.010000
0 0.114746 0.561849 0.010000 0.010000
0 0.100000 0.564128 0.010000 0.010000
0 0.106934 0.566732 0.010000 0.010000
0 0.900000 0.565430 0.010000 0.010000
0 0.900000 0.570964 0.010000 0.010000
0 0.900000 0.569010 0.010000 0.010000
0 0.112793 0.571940 0.010000 0.010000
0 0.100000 0.571615 0.010000 0.010000
0 0.900000 0.574544 0.010000 0.010000
0 0.900000 0.576497 0.010000 0.010000
0 0.310791 0.583333 0.010000 0.010000
0 0.900000 0.587891 0.010000 0.011719
0 0.114990 0.592773 0.010000 0.010000
0 0.900000 0.600911 0.010000 0.010000
0 0.900000 0.607747 0.010000 0.010000
0 0.900000 0.608724 0.010000 0.010000
0 0.365967 0.611328 0.010000 0.010000
0 0.100000 0.611979 0.010000 0.010000
0 0.365479 0.626628 0.010000 0.010000
0 0.198730 0.641602 0.010000 0.010000
0 0.871338 0.659180 0.010000 0.010000
0 0.900000 0.674805 0.010000 0.010000
0 0.378418 0.691732 0.010000 0.010000
0 0.540039 0.702474 0.010000 0.010000
0 0.737061 0.714193 0.010000 0.010000
0 0.900000 0.721029 0.010000 0.010000
0 0.380127 0.794922 0.010000 0.010000
0 0.320557 0.812500 0.010000 0.010000
0 0.900000 0.815755 0.010000 0.010000
0 0.274414 0.834310 0.010000 0.010000
0 0.175049 0.838542 0.010000 0.010000
0 0.683350 0.844727 0.010000 0.010000
0 0.100000 0.868815 0.010000 0.010000
0 0.900000 0.873047 0.010000 0.010000
0 0.625488 0.889323 0.010000 0.010000
0 0.161865 0.897786 0.010000 0.010000
0 0.267578 0.900000 0.010000 0.010000
0 0.188721 0.900000 0.010000 0.010417
0 0.858887 0.900000 0.010000 0.010000
0 0.900000 0.900000 0.010000 0.010000
0 0.100000 0.900000 0.010000 0.010000
0 0.583252 0.900000 0.010000 0.010417
0 0.454834 0.900000 0.010000 0.010000
0 0.100000 0.900000 0.010000 0.010000
0 0.695068 0.900000 0.010000 0.010000
