1 0.500000 0.500000 0.500000 0.500000
0 0.145264 0.100000 0.010000 0.010000
0 0.732910 0.100000 0.010000 0.010000
0 0.900000 0.100000 0.010000 0.010000
0 0.260498 0.100000 0.010000 0.010000
0 0.387451 0.100000 0.010000 0.010000
0 0.719238 0.100000 0.010000 0.010000
0 0.898438 0.100000 0.010000 0.010000
0 0.244141 0.100000 0.010000 0.010000
0 0.900000 0.100000 0.010000 0.010000
0 0.825439 0.100000 0.010000 0.010000
0 0.568359 0.100000 0.010000 0.010000
0 0.762451 0.100000 0.010000 0.010000
0 0.226562 0.100000 0.010000 0.010000
0 0.737061 0.100000 0.010000 0.010000
0 0.100000 0.100000 0.010000 0.010000
0 0.100000 0.100000 0.010000 0.010000
0 0.242432 0.100000 0.010000 0.010000
0 0.900000 0.100000 0.010000 0.010000
0 0.696777 0.100000 0.010000 0.010000
0 0.490967 0.100000 0.010000 0.010000
0 0.647461 0.100000 0.010000 0.010000
0 0.396484 0.100000 0.010000 0.010000
0 0.900000 0.100000 0.010000 0.010000
0 0.833740 0.100000 0.010000 0.010000
0 0.292236 0.100000 0.010000 0.010000
0 0.100000 0.100000 0.010000 0.010000
0 0.263428 0.100000 0.010000 0.010000
0 0.100000 0.100000 0.010000 0.010000
0 0.380859 0.100000 0.010000 0.010000
0 0.684326 0.100000 0.010000 0.010000
0 0.133789 0.100000 0.010000 0.010000
0 0.900000 0.100000 0.010000 0.010000
0 0.900000 0.100000 0.010000 0.010000
0 0.481201 0.100000 0.010000 0.010000
0 0.138184 0.100000 0.010000 0.010000
0 0.693604 0.102214 0.010000 0.010000
0 0.100000 0.118490 0.010000 0.010000
0 0.100342 0.120443 0.010000 0.010000
0 0.890625 0.127604 0.010000 0.010000
0 0.273438 0.129883 0.010000 0.010000
0 0.900000 0.139323 0.010000 0.010000
0 0.900000 0.138346 0.010000 0.010000
0 0.832520 0.140951 0.010000 0.010000
0 0.294922 0.142253 0.010000 0.010000
0 0.722900 0.144206 0.010000 0.010000
0 0.428223 0.143880 0.010000 0.010000
0 0.252441 0.145508 0.010000 0.010000
0 0.709229 0.148763 0.010000 0.010000
0 0.868408 0.154297 0.010000 0.010417
0 0.715820 0.152344 0.010000 0.010000
0 0.866455 0.154297 0.010000 0.010000
0 0.900000 0.155924 0.010000 0.010000
0 0.891113 0.161133 0.010000 0.013672
0 0.900000 0.156576 0.010000 0.010000
0 0.100000 0.158854 0.010000 0.010000
0 0.891113 0.160807 0.010000 0.010000
0 0.900000 0.159505 0.010000 0.010000
0 0.430908 0.161458 0.010000 0.010000
0 0.522461 0.161133 0.010000 0.010000
0 0.886230 0.160807 0.010000 0.010000
0 0.788330 0.167969 0.010000 0.010000
0 0.900000 0.172852 0.014160 0.010000
0 0.562256 0.176758 0.010000 0.010000
0 0.900000 0.177409 0.010000 0.010000
0 0.412598 0.179036 0.010000 0.010000
0 0.255615 0.186198 0.010000 0.010000
0 0.633789 0.185872 0.010000 0.010000
0 0.206787 0.193685 0.010000 0.010000
0 0.472168 0.192708 0.010000 0.010000
0 0.722168 0.193359 0.010000 0.010000
0 0.744385 0.194987 0.010000 0.010000
0 0.472168 0.200521 0.010000 0.010000
0 0.506104 0.212240 0.010000 0.010000
0 0.470703 0.223958 0.010000 0.010000
0 0.525879 0.225586 0.010000 0.010000
0 0.566895 0.231771 0.011719 0.018229
0 0.600342 0.227865 0.010000 0.010000
0 0.611572 0.228190 0.010000 0.010000
0 0.378906 0.229492 0.010000 0.010000
0 0.801025 0.230469 0.010000 0.010000
0 0.499512 0.234375 0.010000 0.010000
0 0.100000 0.237305 0.010000 0.010000
0 0.499268 0.236654 0.010000 0.010000
0 0.599854 0.237305 0.010000 0.010000
0 0.100000 0.252604 0.010000 0.010417
0 0.900000 0.278971 0.044434 0.051432
0 0.545654 0.259440 0.010000 0.010000
0 0.657471 0.265299 0.010000 0.010000
0 0.610596 0.264648 0.010000 0.010000
0 0.900000 0.268229 0.010000 0.010000
0 0.552490 0.268229 0.010000 0.010000
0 0.602295 0.272135 0.016113 0.010417
0 0.649170 0.270182 0.010000 0.010000
0 0.700684 0.272461 0.010000 0.010000
0 0.604248 0.275065 0.010000 0.010000
0 0.596680 0.276693 0.010000 0.010000
0 0.183594 0.281576 0.010000 0.010000
0 0.900000 0.282878 0.010000 0.010000
0 0.399170 0.283529 0.010000 0.010000
0 0.403809 0.283203 0.010000 0.010000
0 0.420410 0.282878 0.010000 0.010000
0 0.900000 0.291341 0.019043 0.020182
0 0.900000 0.283529 0.010000 0.010000
0 0.388428 0.285156 0.010000 0.010000
0 0.120361 0.286784 0.010000 0.010000
0 0.900000 0.286784 0.010000 0.010000
0 0.900000 0.286784 0.010000 0.010000
0 0.177246 0.289714 0.010000 0.010000
0 0.380859 0.290365 0.010000 0.010000
0 0.213135 0.295898 0.010000 0.010000
0 0.239746 0.294922 0.010000 0.010000
0 0.684082 0.299154 0.010000 0.010000
0 0.900000 0.299154 0.010000 0.010000
0 0.207764 0.309570 0.010000 0.010000
0 0.532471 0.313477 0.010000 0.011068
0 0.227295 0.310221 0.010000 0.010000
0 0.506104 0.312826 0.010000 0.010000
0 0.759277 0.314128 0.010000 0.010000
0 0.245361 0.316732 0.010000 0.010000
0 0.749512 0.321615 0.010000 0.013021
0 0.210693 0.318685 0.010000 0.010000
0 0.701172 0.319987 0.010000 0.010000
0 0.749756 0.321615 0.010000 0.010000
0 0.210205 0.321615 0.010000 0.010000
0 0.210205 0.325195 0.010000 0.010000
0 0.311035 0.326823 0.010000 0.010000
0 0.116211 0.337891 0.010000 0.011719
0 0.116943 0.336263 0.010000 0.010000
0 0.446533 0.335286 0.010000 0.010000
0 0.460449 0.341797 0.010000 0.010000
0 0.900000 0.345052 0.010000 0.010000
0 0.237061 0.342773 0.010000 0.010000
0 0.471436 0.342448 0.010000 0.010000
0 0.447998 0.350260 0.013184 0.015625
0 0.239014 0.347982 0.010000 0.010000
0 0.238770 0.354818 0.010742 0.010417
0 0.397949 0.349935 0.010000 0.010000
0 0.440430 0.351562 0.010000 0.010000
0 0.401855 0.356771 0.010000 0.013021
0 0.298828 0.352865 0.010000 0.010000
0 0.752441 0.355143 0.010000 0.010000
0 0.403076 0.354167 0.010000 0.010000
0 0.390381 0.356445 0.010000 0.010000
0 0.401611 0.359701 0.010000 0.011068
0 0.688477 0.357096 0.010000 0.010000
0 0.690674 0.358073 0.010000 0.010000
0 0.804688 0.362305 0.010000 0.010000
0 0.536865 0.362630 0.010000 0.010000
0 0.404541 0.365234 0.010000 0.010000
0 0.127930 0.369466 0.010000 0.010000
0 0.811035 0.370443 0.010000 0.010000
0 0.128906 0.375651 0.015625 0.011719
0 0.782227 0.371094 0.010000 0.010000
0 0.145752 0.377279 0.010000 0.010000
0 0.342285 0.376302 0.010000 0.010000
0 0.130127 0.380534 0.010000 0.010000
0 0.341309 0.378255 0.010000 0.010000
0 0.792725 0.380534 0.010000 0.010000
0 0.339355 0.381185 0.010000 0.010000
0 0.788574 0.381510 0.010000 0.010000
0 0.339844 0.383138 0.010000 0.010000
0 0.229004 0.385091 0.010000 0.010000
0 0.216797 0.385417 0.010000 0.010000
0 0.506592 0.389323 0.010000 0.010000
0 0.900000 0.385742 0.010000 0.010000
0 0.666016 0.386719 0.010000 0.010000
0 0.663330 0.388672 0.010000 0.010000
0 0.746338 0.399740 0.010000 0.011719
0 0.750000 0.401042 0.010000 0.010000
0 0.725586 0.429036 0.010742 0.019531
0 0.279785 0.430013 0.010000 0.010000
0 0.416504 0.430013 0.010000 0.010000
0 0.416504 0.430990 0.010000 0.010000
0 0.429443 0.435221 0.010000 0.010000
0 0.431152 0.435547 0.010000 0.010000
0 0.433350 0.436523 0.010000 0.010000
0 0.440918 0.441406 0.010000 0.011719
0 0.900000 0.438477 0.010000 0.010000
0 0.900000 0.441732 0.010000 0.010000
0 0.453857 0.452799 0.010000 0.010000
0 0.601562 0.449544 0.010000 0.010000
0 0.678467 0.463216 0.010000 0.010000
0 0.900000 0.466146 0.010000 0.010000
0 0.678467 0.464518 0.010000 0.010000
0 0.900000 0.465495 0.010000 0.010000
0 0.900000 0.469076 0.010000 0.010000
0 0.223145 0.469076 0.010000 0.010000
0 0.900000 0.469727 0.010000 0.010000
0 0.173340 0.471354 0.010000 0.010000
0 0.218750 0.471680 0.010000 0.010000
0 0.836426 0.478841 0.010000 0.010000
0 0.251221 0.482096 0.010000 0.010000
0 0.833496 0.479818 0.010000 0.010000
0 0.357910 0.499349 0.011719 0.016927
0 0.100000 0.497070 0.010000 0.010000
0 0.100000 0.503581 0.010000 0.012370
0 0.100000 0.500651 0.010000 0.010000
0 0.340820 0.499349 0.010000 0.010000
0 0.343994 0.500651 0.010000 0.010000
0 0.346680 0.503255 0.010000 0.010000
0 0.100000 0.522461 0.023438 0.033203
0 0.344238 0.505859 0.010000 0.010000
0 0.100000 0.511719 0.010000 0.010000
0 0.322021 0.518555 0.010000 0.010000
0 0.328369 0.519857 0.010000 0.010000
0 0.896729 0.520508 0.010000 0.010000
0 0.432617 0.527995 0.010000 0.010000
0 0.516846 0.529948 0.010000 0.010000
0 0.592773 0.530599 0.010000 0.010000
0 0.561279 0.534180 0.010000 0.010000
0 0.634521 0.536458 0.010000 0.010000
0 0.634033 0.539062 0.010000 0.010000
0 0.633301 0.539714 0.010000 0.010000
0 0.885010 0.541341 0.010000 0.010000
0 0.179932 0.555990 0.010000 0.010000
0 0.769531 0.558594 0.010000 0.010000
0 0.309082 0.560221 0.010000 0.010000
0 0.647705 0.584635 0.010000 0.010000
0 0.750977 0.590495 0.010000 0.010000
0 0.900000 0.588542 0.010000 0.010000
0 0.455811 0.591146 0.010000 0.010000
0 0.900000 0.594076 0.010000 0.010000
0 0.218262 0.603516 0.010000 0.010000
0 0.851318 0.604492 0.010000 0.010000
0 0.700684 0.607422 0.010000 0.010000
0 0.665771 0.609375 0.010000 0.010000
0 0.140137 0.619792 0.010000 0.010000
0 0.100000 0.622070 0.010000 0.010000
0 0.100000 0.622070 0.010000 0.010000
0 0.900000 0.653320 0.010000 0.010000
0 0.900000 0.652995 0.010000 0.010000
0 0.900000 0.655924 0.010000 0.010000
0 0.220215 0.658854 0.010000 0.010000
0 0.900000 0.659505 0.010000 0.010000
0 0.900000 0.663086 0.010000 0.010000
0 0.867432 0.679036 0.010000 0.010000
0 0.376953 0.690430 0.010000 0.010000
0 0.442627 0.701172 0.010000 0.010000
0 0.129883 0.718099 0.010000 0.010000
0 0.529541 0.723633 0.010000 0.010000
0 0.900000 0.726237 0.010000 0.010000
0 0.900000 0.733724 0.010000 0.010000
0 0.197998 0.739258 0.010000 0.010000
0 0.680176 0.740234 0.010000 0.010000
0 0.593994 0.745443 0.010000 0.010000
0 0.884277 0.751302 0.010000 0.010000
0 0.411133 0.756185 0.010000 0.010000
0 0.612305 0.761393 0.010000 0.010000
0 0.896484 0.767253 0.010000 0.010000
0 0.369873 0.770182 0.010000 0.010000
0 0.388184 0.774740 0.010000 0.010000
0 0.427979 0.785482 0.010000 0.010000
0 0.664795 0.789388 0.010000 0.010000
0 0.900000 0.792318 0.010000 0.010000
0 0.224365 0.794596 0.010000 0.010000
0 0.398682 0.798503 0.010000 0.010000
0 0.900000 0.794922 0.010000 0.010000
0 0.149658 0.799154 0.010000 0.010000
0 0.206055 0.800130 0.010000 0.010000
0 0.281494 0.803060 0.010000 0.010000
0 0.875732 0.813477 0.010000 0.010000
0 0.100000 0.818685 0.010000 0.010000
0 0.103760 0.819661 0.010000 0.010000
0 0.201172 0.823893 0.010000 0.010000
0 0.147949 0.830404 0.010000 0.010000
0 0.275391 0.830078 0.010000 0.010000
0 0.399658 0.836589 0.010000 0.010000
0 0.600342 0.847005 0.010000 0.010000
0 0.618164 0.849284 0.010000 0.010000
0 0.244385 0.852865 0.010000 0.010000
0 0.631104 0.854167 0.010000 0.010000
0 0.777344 0.864909 0.010000 0.010000
0 0.164062 0.882812 0.010000 0.010000
0 0.250000 0.882812 0.010000 0.010000
0 0.112061 0.887370 0.010000 0.010000
0 0.100000 0.900000 0.010000 0.010000
0 0.506592 0.900000 0.010000 0.010000
0 0.135010 0.900000 0.010000 0.010000
0 0.807373 0.900000 0.010000 0.010000
0 0.299805 0.900000 0.010000 0.010000
0 0.596191 0.900000 0.010000 0.010000
0 0.419434 0.900000 0.010000 0.010000
0 0.442627 0.900000 0.010000 0.010000
0 0.688232 0.900000 0.010000 0.010000
0 0.900000 0.900000 0.010000 0.010000
0 0.487061 0.900000 0.010000 0.010000
0 0.649658 0.900000 0.010000 0.010000
0 0.802979 0.900000 0.010000 0.010000
0 0.229492 0.900000 0.010000 0.010000
0 0.474121 0.900000 0.010000 0.010000
0 0.787598 0.900000 0.010000 0.010000
0 0.370361 0.900000 0.010000 0.010000
0 0.900000 0.900000 0.010000 0.010000
0 0.303955 0.900000 0.010000 0.010000
0 0.265137 0.900000 0.010000 0.010000
0 0.410645 0.900000 0.010000 0.010000
0 0.900000 0.900000 0.010000 0.010000
0 0.558838 0.900000 0.010000 0.010000
0 0.605713 0.900000 0.010000 0.010000
0 0.900000 0.900000 0.010000 0.010000
0 0.485840 0.900000 0.010000 0.010000
0 0.314453 0.900000 0.010000 0.010000
