1 0.500000 0.500000 0.500000 0.500000
0 0.100000 0.100000 0.041992 0.061849
0 0.121826 0.100000 0.013184 0.012370
0 0.244873 0.100000 0.010000 0.010000
0 0.542480 0.100000 0.010000 0.010000
0 0.890625 0.100000 0.010000 0.010000
0 0.900000 0.100000 0.010000 0.010000
0 0.127441 0.100000 0.010000 0.010000
0 0.100000 0.100000 0.010000 0.010000
0 0.121582 0.100000 0.010000 0.014974
0 0.707031 0.100000 0.010000 0.010000
0 0.239746 0.100000 0.010000 0.010000
0 0.117188 0.100000 0.010000 0.010000
0 0.900000 0.100000 0.010000 0.010000
0 0.100000 0.100000 0.010000 0.010000
0 0.779541 0.100000 0.010000 0.010000
0 0.640625 0.100000 0.010000 0.010000
0 0.900000 0.100000 0.010000 0.010000
0 0.100000 0.100000 0.010000 0.010000
0 0.641846 0.100000 0.013184 0.028646
0 0.100000 0.100000 0.010000 0.010000
0 0.274414 0.100000 0.010000 0.010000
0 0.100000 0.100000 0.010000 0.010000
0 0.100000 0.100000 0.010000 0.010000
0 0.569580 0.100000 0.010000 0.010417
0 0.897705 0.100000 0.010000 0.010000
0 0.100000 0.100000 0.011230 0.011719
0 0.576904 0.100000 0.010000 0.010000
0 0.397461 0.100000 0.010000 0.010000
0 0.100000 0.100000 0.010000 0.010000
0 0.123779 0.100000 0.010000 0.010000
0 0.255127 0.100000 0.010000 0.010000
0 0.900000 0.100000 0.010000 0.010000
0 0.129395 0.100000 0.010000 0.010000
0 0.100000 0.100000 0.010742 0.010000
0 0.100000 0.100000 0.010000 0.010000
0 0.338379 0.100000 0.010000 0.010000
0 0.455566 0.100000 0.010000 0.010000
0 0.338867 0.100000 0.011719 0.010417
0 0.100000 0.100000 0.010000 0.010417
0 0.100342 0.100000 0.018066 0.026693
0 0.341064 0.100000 0.010000 0.010000
0 0.900000 0.100000 0.010000 0.010000
0 0.267822 0.100000 0.010000 0.017578
0 0.329590 0.100000 0.010000 0.010000
0 0.629883 0.100000 0.010000 0.010000
0 0.255615 0.100000 0.010000 0.010000
0 0.539795 0.100000 0.010000 0.010000
0 0.551025 0.100000 0.010000 0.010000
0 0.261230 0.100000 0.010000 0.010000
0 0.537598 0.100000 0.010000 0.010000
0 0.268066 0.100000 0.010000 0.010000
0 0.541992 0.100000 0.010000 0.010000
0 0.743896 0.100000 0.010000 0.010000
0 0.438477 0.100000 0.011719 0.023438
0 0.244385 0.100000 0.010000 0.010000
0 0.585449 0.100000 0.010000 0.010000
0 0.616699 0.100000 0.010000 0.010000
0 0.622559 0.100000 0.010000 0.010000
0 0.250732 0.105794 0.010000 0.010000
0 0.629883 0.104492 0.010000 0.010000
0 0.440186 0.105794 0.010000 0.010000
0 0.487793 0.106771 0.010000 0.010000
0 0.628174 0.110026 0.010000 0.010000
0 0.828857 0.118815 0.010000 0.014974
0 0.433350 0.113932 0.010000 0.010000
0 0.832275 0.113281 0.010000 0.010000
0 0.425049 0.121094 0.010000 0.015625
0 0.831299 0.115560 0.010000 0.010000
0 0.337646 0.118490 0.010000 0.010000
0 0.433105 0.118490 0.010000 0.010000
0 0.321533 0.123047 0.010000 0.010000
0 0.900000 0.125977 0.010000 0.010000
0 0.276611 0.126953 0.010000 0.010000
0 0.771240 0.125326 0.010000 0.010000
0 0.125244 0.125977 0.010000 0.010000
0 0.285645 0.133789 0.010000 0.010000
0 0.528076 0.138021 0.010000 0.010417
0 0.561768 0.135417 0.010000 0.010000
0 0.900000 0.135417 0.010000 0.010000
0 0.526123 0.139323 0.010000 0.010000
0 0.603271 0.149740 0.018066 0.029948
0 0.900000 0.137044 0.010000 0.010000
0 0.436768 0.138997 0.010000 0.010000
0 0.880615 0.142904 0.010000 0.010000
0 0.900000 0.144206 0.010000 0.010000
0 0.100000 0.147786 0.010000 0.010000
0 0.532227 0.153646 0.010000 0.014323
0 0.799072 0.157227 0.011230 0.016276
0 0.370605 0.151367 0.010000 0.010000
0 0.540771 0.160156 0.010000 0.010000
0 0.606934 0.158529 0.010000 0.010000
0 0.611328 0.162435 0.010000 0.010000
0 0.900000 0.164062 0.010000 0.010000
0 0.366943 0.164062 0.010000 0.010000
0 0.667480 0.164714 0.010000 0.010000
0 0.109375 0.169596 0.010000 0.010000
0 0.107666 0.170898 0.010000 0.010000
0 0.177734 0.175130 0.010000 0.010417
0 0.564941 0.170898 0.010000 0.010000
0 0.100000 0.173177 0.010000 0.010000
0 0.666748 0.180990 0.013184 0.020833
0 0.178467 0.174805 0.010000 0.010000
0 0.262451 0.177734 0.010000 0.010000
0 0.402344 0.176432 0.010000 0.010000
0 0.427734 0.181641 0.010000 0.011719
0 0.824951 0.180013 0.010000 0.010000
0 0.177002 0.180990 0.010000 0.010000
0 0.427734 0.182292 0.010000 0.010000
0 0.110107 0.180990 0.010000 0.010000
0 0.718018 0.180990 0.010000 0.010000
0 0.317871 0.182617 0.010000 0.010000
0 0.626709 0.181966 0.010000 0.010000
0 0.176514 0.183919 0.010000 0.010000
0 0.176514 0.186198 0.010000 0.010000
0 0.100000 0.188802 0.010000 0.010000
0 0.176514 0.188477 0.010000 0.010000
0 0.101318 0.190104 0.010000 0.010000
0 0.654785 0.192057 0.010000 0.010000
0 0.863037 0.190755 0.010000 0.010000
0 0.656738 0.197917 0.010000 0.010000
0 0.100342 0.198568 0.010000 0.010000
0 0.100342 0.200846 0.010000 0.010000
0 0.343018 0.201823 0.010000 0.010000
0 0.531006 0.201497 0.010000 0.010000
0 0.208496 0.205404 0.010000 0.010000
0 0.397949 0.213542 0.010000 0.010000
0 0.100000 0.215169 0.010000 0.010000
0 0.481689 0.216146 0.010000 0.010000
0 0.100000 0.221029 0.010000 0.010000
0 0.100000 0.227539 0.010000 0.010000
0 0.491699 0.230143 0.010000 0.010000
0 0.872314 0.235352 0.010000 0.010000
0 0.737305 0.238932 0.010000 0.010000
0 0.413330 0.241211 0.010000 0.010000
0 0.100000 0.243490 0.010000 0.010000
0 0.293457 0.243815 0.010000 0.010000
0 0.900000 0.246745 0.010000 0.010000
0 0.286377 0.251953 0.010000 0.010417
0 0.431396 0.249674 0.010000 0.010000
0 0.439697 0.253906 0.010000 0.010000
0 0.810791 0.253255 0.010000 0.010000
0 0.590088 0.255534 0.010000 0.010000
0 0.588379 0.260091 0.010742 0.010000
0 0.560303 0.257812 0.010000 0.010000
0 0.582275 0.260091 0.010000 0.010000
0 0.581055 0.262370 0.010000 0.010000
0 0.653320 0.265951 0.010000 0.010000
0 0.625244 0.267253 0.010000 0.010000
0 0.436523 0.268555 0.010000 0.010000
0 0.666992 0.269857 0.010000 0.010000
0 0.414795 0.272461 0.010000 0.010000
0 0.491699 0.273763 0.010000 0.010000
0 0.222168 0.276693 0.010000 0.010000
0 0.498047 0.281250 0.010000 0.010000
0 0.261963 0.286784 0.010000 0.012370
0 0.373047 0.285807 0.010000 0.011719
0 0.656738 0.284831 0.010000 0.010000
0 0.372559 0.285482 0.010000 0.010000
0 0.411133 0.285482 0.010000 0.010000
0 0.531250 0.287435 0.010000 0.010000
0 0.414307 0.287435 0.010000 0.010000
0 0.104736 0.288411 0.010000 0.010000
0 0.197021 0.292318 0.010000 0.010000
0 0.255615 0.292643 0.010000 0.010000
0 0.106201 0.293294 0.010000 0.010000
0 0.189697 0.293945 0.010000 0.010000
0 0.217041 0.293945 0.010000 0.010000
0 0.385010 0.295573 0.010000 0.010000
0 0.571289 0.293945 0.010000 0.010000
0 0.109863 0.295898 0.010000 0.010000
0 0.707764 0.299479 0.010254 0.010000
0 0.254883 0.298503 0.010000 0.010000
0 0.714111 0.301758 0.010000 0.010000
0 0.552979 0.300781 0.010000 0.010000
0 0.256348 0.304362 0.010000 0.010000
0 0.426514 0.308919 0.010000 0.010000
0 0.750244 0.307943 0.010000 0.010000
0 0.258789 0.311198 0.010000 0.010000
0 0.437500 0.311198 0.010000 0.010000
0 0.819580 0.312500 0.010000 0.010000
0 0.229004 0.319661 0.010000 0.011719
0 0.230713 0.319661 0.010000 0.010000
0 0.530518 0.326172 0.010000 0.011719
0 0.581787 0.328776 0.010000 0.013021
0 0.449951 0.332031 0.010000 0.015625
0 0.582275 0.328125 0.010000 0.010000
0 0.219238 0.329753 0.010000 0.010000
0 0.646973 0.329427 0.010000 0.010000
0 0.369385 0.333333 0.011230 0.010000
0 0.646729 0.332682 0.010000 0.010000
0 0.545898 0.334635 0.010000 0.010000
0 0.644287 0.334310 0.010000 0.010000
0 0.643799 0.336589 0.010000 0.010000
0 0.486816 0.335612 0.010000 0.010000
0 0.641846 0.337565 0.010000 0.010000
0 0.452148 0.340495 0.010000 0.010000
0 0.846191 0.347656 0.010000 0.010000
0 0.705566 0.362630 0.015625 0.031250
0 0.159668 0.348633 0.010000 0.010000
0 0.703613 0.361979 0.010000 0.013021
0 0.100000 0.358398 0.010000 0.010000
0 0.364746 0.361654 0.010000 0.010000
0 0.797119 0.363281 0.010000 0.010000
0 0.100000 0.367513 0.010000 0.010000
0 0.525879 0.368164 0.010000 0.010000
0 0.756592 0.369141 0.010000 0.010000
0 0.100000 0.370443 0.010000 0.010000
0 0.100000 0.370768 0.010000 0.010000
0 0.648438 0.383464 0.010000 0.015625
0 0.652344 0.382487 0.010000 0.013672
0 0.655273 0.384440 0.010000 0.012370
0 0.100000 0.380208 0.010000 0.010000
0 0.660400 0.380208 0.010000 0.010000
0 0.118652 0.381836 0.010000 0.010000
0 0.642578 0.385417 0.010000 0.010000
0 0.121582 0.385742 0.010000 0.010000
0 0.117676 0.387695 0.010000 0.010000
0 0.173096 0.386719 0.010000 0.010000
0 0.120361 0.389323 0.010000 0.010000
0 0.346680 0.389648 0.010000 0.010000
0 0.117188 0.391927 0.010000 0.010000
0 0.309570 0.394531 0.010000 0.010000
0 0.875732 0.397135 0.010000 0.010000
0 0.727051 0.396159 0.010000 0.010000
0 0.306152 0.398112 0.010000 0.010000
0 0.454590 0.399089 0.010000 0.010000
0 0.301025 0.404297 0.010000 0.010000
0 0.352539 0.404297 0.010000 0.010000
0 0.454590 0.405924 0.010000 0.012370
0 0.100000 0.402344 0.010000 0.010000
0 0.100000 0.403646 0.010000 0.010000
0 0.301025 0.404297 0.010000 0.010000
0 0.395996 0.404622 0.010000 0.010000
0 0.900000 0.407227 0.010000 0.010000
0 0.444092 0.407227 0.010000 0.010000
0 0.746338 0.414062 0.010000 0.011719
0 0.445557 0.412109 0.010000 0.010000
0 0.747803 0.414062 0.010000 0.010000
0 0.487305 0.412109 0.010000 0.010000
0 0.450684 0.420573 0.010000 0.010000
0 0.547363 0.419271 0.010000 0.010000
0 0.100000 0.424805 0.010000 0.010000
0 0.643066 0.424154 0.010000 0.010000
0 0.657471 0.426758 0.010000 0.010000
0 0.743164 0.428711 0.010742 0.012370
0 0.657715 0.426432 0.010000 0.010000
0 0.739502 0.426758 0.010000 0.010000
0 0.489258 0.435872 0.016602 0.018880
0 0.483643 0.437826 0.020020 0.021484
0 0.271240 0.435221 0.017090 0.010000
0 0.864258 0.432943 0.010000 0.010000
0 0.261719 0.435872 0.010000 0.010000
0 0.269287 0.435221 0.010000 0.010000
0 0.259033 0.436849 0.010000 0.010000
0 0.411133 0.438477 0.010000 0.010000
0 0.472656 0.439128 0.010000 0.010000
0 0.689453 0.445312 0.010000 0.010000
0 0.479248 0.443359 0.010000 0.010000
0 0.247070 0.445312 0.010000 0.010000
0 0.140137 0.448242 0.010000 0.010000
0 0.614014 0.449544 0.010000 0.010000
0 0.365723 0.452148 0.010000 0.010000
0 0.640381 0.452148 0.010000 0.010000
0 0.602051 0.453451 0.010000 0.010000
0 0.845947 0.454102 0.010000 0.010000
0 0.339600 0.457682 0.010000 0.010000
0 0.645264 0.458659 0.010000 0.010000
0 0.666016 0.464518 0.010000 0.011068
0 0.407227 0.461914 0.010000 0.010000
0 0.666504 0.464844 0.010000 0.010000
0 0.705078 0.472005 0.014648 0.011719
0 0.182617 0.474609 0.010000 0.010000
0 0.900000 0.486328 0.010000 0.010000
0 0.900000 0.489583 0.010000 0.010000
0 0.900000 0.491536 0.010000 0.010000
0 0.677734 0.491536 0.010000 0.010000
0 0.139404 0.493815 0.010000 0.010000
0 0.100000 0.495117 0.010000 0.010000
0 0.838867 0.498047 0.010000 0.010000
0 0.135742 0.499023 0.010000 0.010000
0 0.670410 0.503255 0.010000 0.010000
0 0.718994 0.506510 0.010000 0.010000
0 0.900000 0.505208 0.010000 0.010000
0 0.900000 0.509115 0.010000 0.010000
0 0.663330 0.512370 0.010000 0.010000
0 0.900000 0.513672 0.010000 0.010000
0 0.421143 0.518229 0.010000 0.010000
0 0.567627 0.527018 0.015137 0.022786
0 0.100000 0.522135 0.010000 0.010000
0 0.900000 0.521810 0.010000 0.010000
0 0.641357 0.527018 0.010000 0.010000
0 0.571533 0.531576 0.010000 0.011068
0 0.900000 0.528320 0.010000 0.010000
0 0.621582 0.531576 0.010000 0.010000
0 0.808594 0.532878 0.010000 0.010000
0 0.900000 0.533854 0.010000 0.010000
0 0.900000 0.532227 0.010000 0.010000
0 0.100000 0.533203 0.010000 0.010000
0 0.900000 0.533203 0.010000 0.010000
0 0.100000 0.533854 0.010000 0.010000
0 0.100000 0.537109 0.010000 0.010000
0 0.899658 0.544271 0.010000 0.010417
0 0.147705 0.546224 0.010000 0.010000
0 0.900000 0.550130 0.010000 0.010000
0 0.291992 0.551107 0.010000 0.010000
0 0.401123 0.553060 0.010000 0.010000
0 0.693848 0.552734 0.010000 0.010000
0 0.611084 0.558268 0.010000 0.010000
0 0.900000 0.560872 0.010000 0.010000
0 0.900000 0.561198 0.010000 0.010000
0 0.578613 0.562826 0.010000 0.010000
0 0.113037 0.565104 0.010000 0.010000
0 0.900000 0.565430 0.010000 0.010000
0 0.587891 0.565755 0.010000 0.010000
0 0.148193 0.569987 0.010000 0.010000
0 0.900000 0.568685 0.010000 0.010000
0 0.632080 0.568359 0.010000 0.010000
0 0.182129 0.573568 0.010000 0.010000
0 0.852051 0.573242 0.010000 0.010000
0 0.116699 0.576823 0.010000 0.010000
0 0.130615 0.579427 0.010000 0.010000
0 0.214355 0.577799 0.010000 0.010000
0 0.506836 0.576823 0.010000 0.010000
0 0.444336 0.586589 0.010000 0.010000
0 0.852295 0.585612 0.010000 0.010000
0 0.271729 0.588216 0.010000 0.010000
0 0.897949 0.598633 0.010000 0.010000
0 0.900000 0.603190 0.010000 0.010000
0 0.733154 0.606445 0.011230 0.011068
0 0.309814 0.602865 0.010000 0.010000
0 0.900000 0.604492 0.010000 0.010000
0 0.900000 0.606445 0.010000 0.010000
0 0.251221 0.607096 0.010000 0.010000
0 0.100000 0.611979 0.010000 0.010000
0 0.529297 0.616536 0.010000 0.010000
0 0.719238 0.618164 0.010000 0.010000
0 0.823486 0.617188 0.010000 0.010000
0 0.822266 0.623372 0.010000 0.010000
0 0.732910 0.628581 0.010000 0.012370
0 0.849365 0.626953 0.010000 0.010000
0 0.823242 0.627604 0.010000 0.010000
0 0.841553 0.630208 0.010000 0.010000
0 0.531006 0.632161 0.010000 0.010417
0 0.898682 0.628581 0.010000 0.010000
0 0.227051 0.630859 0.010000 0.010000
0 0.311523 0.629232 0.010000 0.010000
0 0.691162 0.628255 0.010000 0.010000
0 0.278076 0.633464 0.010000 0.010000
0 0.532715 0.632161 0.010000 0.010000
0 0.695068 0.631185 0.010000 0.010000
0 0.890625 0.633138 0.010000 0.010000
0 0.729004 0.632487 0.010000 0.010000
0 0.811279 0.634440 0.010000 0.010000
0 0.822266 0.635742 0.010000 0.010000
0 0.822998 0.641276 0.010000 0.010000
0 0.848145 0.640625 0.010000 0.010000
0 0.840088 0.642904 0.010000 0.010000
0 0.335449 0.644206 0.010000 0.010000
0 0.872070 0.653320 0.010000 0.010000
0 0.447510 0.656901 0.010000 0.010000
0 0.827881 0.662109 0.010000 0.010000
0 0.135498 0.667318 0.010000 0.010000
0 0.420898 0.673828 0.010000 0.010000
0 0.419434 0.675130 0.010000 0.010000
0 0.418945 0.676107 0.010000 0.010000
0 0.586426 0.679362 0.010000 0.010000
0 0.100000 0.679688 0.010000 0.010000
0 0.269775 0.681315 0.010000 0.010000
0 0.516357 0.682943 0.010000 0.010000
0 0.900000 0.683594 0.010000 0.010000
0 0.804443 0.682943 0.010000 0.010000
0 0.813721 0.681641 0.010000 0.010000
0 0.851074 0.684570 0.010000 0.010000
0 0.135498 0.689128 0.010000 0.010000
0 0.855469 0.688802 0.010000 0.010000
0 0.852295 0.694987 0.010000 0.010000
0 0.539795 0.695312 0.010000 0.010000
0 0.849365 0.697266 0.010000 0.010417
0 0.372803 0.696289 0.010000 0.010000
0 0.848633 0.698242 0.010000 0.010000
0 0.164062 0.701172 0.010000 0.010000
0 0.121338 0.705729 0.010000 0.010000
0 0.314697 0.709961 0.010000 0.010000
0 0.481201 0.707357 0.010000 0.010000
0 0.473877 0.710938 0.010000 0.010000
0 0.839600 0.711263 0.010000 0.010000
0 0.477783 0.715169 0.010000 0.010000
0 0.483154 0.715169 0.010000 0.010000
0 0.104248 0.716471 0.010000 0.010000
0 0.483643 0.714844 0.010000 0.010000
0 0.487305 0.717773 0.010000 0.010000
0 0.100000 0.719401 0.010000 0.010000
0 0.100000 0.720052 0.010000 0.010000
0 0.434814 0.722005 0.010000 0.010000
0 0.809570 0.723633 0.010000 0.010000
0 0.633301 0.727539 0.010000 0.010000
0 0.191650 0.729818 0.010000 0.010000
0 0.160400 0.730794 0.010000 0.010000
0 0.161133 0.733073 0.010000 0.010000
0 0.813721 0.732422 0.010000 0.010000
0 0.822510 0.736328 0.010254 0.011719
0 0.800781 0.734049 0.010000 0.010000
0 0.671631 0.737305 0.010000 0.010000
0 0.819092 0.737305 0.010000 0.010000
0 0.154297 0.738281 0.010000 0.010000
0 0.417725 0.740560 0.010000 0.010000
0 0.424072 0.739258 0.010000 0.010000
0 0.840332 0.740885 0.010000 0.010000
0 0.628906 0.740885 0.010000 0.010000
0 0.760010 0.743490 0.010000 0.010000
0 0.762207 0.742188 0.010000 0.010000
0 0.763916 0.746419 0.010000 0.010000
0 0.100000 0.744141 0.010000 0.010000
0 0.624512 0.746094 0.010000 0.010000
0 0.319580 0.749674 0.010000 0.010000
0 0.623291 0.748047 0.010000 0.010000
0 0.760498 0.747396 0.010000 0.010000
0 0.788818 0.747721 0.010000 0.010000
0 0.330078 0.750977 0.010000 0.010000
0 0.787598 0.749349 0.010000 0.010000
0 0.319580 0.750326 0.010000 0.010000
0 0.410400 0.750000 0.010000 0.010000
0 0.731201 0.754557 0.010000 0.010000
0 0.794922 0.755859 0.010000 0.010000
0 0.784424 0.762044 0.010254 0.012370
0 0.207031 0.758789 0.010000 0.010000
0 0.734131 0.761719 0.012207 0.010000
0 0.802734 0.758464 0.010000 0.010000
0 0.634766 0.761393 0.010000 0.010000
0 0.784912 0.762370 0.010000 0.010000
0 0.876709 0.761719 0.010000 0.010000
0 0.900000 0.764648 0.010000 0.010000
0 0.129395 0.767253 0.010742 0.010000
0 0.606689 0.767578 0.010000 0.010000
0 0.128418 0.767253 0.010000 0.010000
0 0.606689 0.769857 0.010000 0.010000
0 0.167480 0.770833 0.010000 0.010000
0 0.287354 0.771159 0.010000 0.010000
0 0.628906 0.771810 0.010000 0.010000
0 0.238525 0.774740 0.010000 0.010000
0 0.129150 0.776693 0.010000 0.010000
0 0.195557 0.775391 0.010000 0.010000
0 0.135742 0.779948 0.010000 0.010000
0 0.137207 0.778971 0.010000 0.010000
0 0.100000 0.783529 0.010000 0.010000
0 0.821533 0.783529 0.010000 0.010000
0 0.100000 0.780599 0.010000 0.010000
0 0.190918 0.781250 0.010000 0.010000
0 0.473633 0.783203 0.010000 0.010000
0 0.155273 0.785156 0.010000 0.010000
0 0.566895 0.791667 0.010000 0.010000
0 0.538330 0.793945 0.010000 0.010000
0 0.543213 0.799154 0.010000 0.010000
0 0.571045 0.799805 0.010000 0.010000
0 0.473145 0.803711 0.010000 0.010000
0 0.538574 0.805664 0.010000 0.010000
0 0.548096 0.802734 0.010000 0.010000
0 0.352295 0.809570 0.010000 0.010000
0 0.457031 0.815104 0.010000 0.010000
0 0.100000 0.823242 0.010000 0.010000
0 0.862549 0.832357 0.010000 0.010000
0 0.900000 0.840495 0.010000 0.011719
0 0.100000 0.843424 0.010000 0.010000
0 0.682373 0.845052 0.010000 0.010000
0 0.175781 0.857422 0.010000 0.010000
0 0.181152 0.860026 0.010000 0.010000
0 0.184570 0.862305 0.010000 0.010000
0 0.177246 0.865885 0.010000 0.010000
0 0.179443 0.869466 0.010000 0.013672
0 0.199219 0.864258 0.010000 0.010000
0 0.175049 0.866536 0.010000 0.010000
0 0.900000 0.869141 0.010000 0.010000
0 0.170898 0.878255 0.019531 0.016927
0 0.173828 0.875000 0.010000 0.010000
0 0.158203 0.878255 0.010000 0.010000
0 0.712646 0.880534 0.010000 0.010000
0 0.271484 0.881510 0.010000 0.010000
0 0.100000 0.881510 0.010000 0.010000
0 0.263672 0.884766 0.010000 0.010000
0 0.166992 0.885742 0.010000 0.010000
0 0.736084 0.886068 0.010000 0.010000
0 0.270020 0.888997 0.010000 0.010000
0 0.274170 0.889323 0.010000 0.010000
0 0.345703 0.887044 0.010000 0.010000
0 0.233398 0.890299 0.010000 0.010000
0 0.275635 0.889323 0.010000 0.010000
0 0.688965 0.889648 0.010000 0.010000
0 0.723145 0.890299 0.010000 0.010000
0 0.263916 0.893229 0.010000 0.010000
0 0.182861 0.896484 0.010000 0.010000
0 0.271484 0.898112 0.010000 0.010000
0 0.727539 0.898438 0.010000 0.010417
0 0.100000 0.897461 0.010000 0.010000
0 0.274658 0.897461 0.010000 0.010000
0 0.899170 0.897786 0.010000 0.010000
0 0.100000 0.900000 0.010000 0.010000
0 0.292969 0.900000 0.010000 0.010000
0 0.294922 0.900000 0.010000 0.010000
0 0.289551 0.900000 0.010000 0.010000
0 0.275146 0.900000 0.010000 0.010000
0 0.270508 0.900000 0.010000 0.010000
0 0.545410 0.900000 0.010000 0.010000
0 0.543457 0.900000 0.010000 0.010000
0 0.552246 0.900000 0.010000 0.010000
0 0.880859 0.900000 0.010000 0.010000
0 0.725098 0.900000 0.010000 0.010000
0 0.249268 0.900000 0.010000 0.010000
0 0.239990 0.900000 0.010000 0.010000
0 0.719482 0.900000 0.010000 0.010000
0 0.432617 0.900000 0.010000 0.010000
0 0.604980 0.900000 0.010000 0.010000
0 0.100000 0.900000 0.010000 0.010000
0 0.228027 0.900000 0.010000 0.010000
0 0.732910 0.900000 0.010000 0.010000
0 0.797607 0.900000 0.010000 0.010000
0 0.224365 0.900000 0.010000 0.010000
0 0.187256 0.900000 0.010000 0.010000
0 0.185547 0.900000 0.010000 0.010000
0 0.439209 0.900000 0.010000 0.010000
0 0.205078 0.900000 0.010000 0.010000
0 0.471680 0.900000 0.010742 0.010000
0 0.567383 0.900000 0.010000 0.010000
0 0.441650 0.900000 0.010254 0.010000
0 0.453613 0.900000 0.010000 0.010000
0 0.460693 0.900000 0.015137 0.010000
0 0.567139 0.900000 0.010000 0.010000
0 0.438477 0.900000 0.019531 0.010000
0 0.170898 0.900000 0.010000 0.010000
0 0.447510 0.900000 0.010000 0.010000
0 0.452881 0.900000 0.010000 0.010000
0 0.170410 0.900000 0.010000 0.010000
0 0.180664 0.900000 0.010000 0.010000
0 0.397461 0.900000 0.010000 0.010000
0 0.740234 0.900000 0.010000 0.010000
