1 0.500000 0.500000 0.500000 0.500000
0 0.609131 0.100000 0.010000 0.010000
0 0.807129 0.100000 0.010000 0.010000
0 0.808594 0.100000 0.010000 0.010000
0 0.610107 0.100000 0.010000 0.010000
0 0.610352 0.100000 0.010000 0.010000
0 0.375244 0.100000 0.010000 0.010000
0 0.200439 0.100000 0.010000 0.010000
0 0.670654 0.100000 0.010000 0.010000
0 0.384521 0.100000 0.010000 0.010000
0 0.626709 0.100000 0.010000 0.010000
0 0.900000 0.100000 0.010000 0.010000
0 0.100000 0.100000 0.010000 0.010000
0 0.631836 0.100000 0.010000 0.010000
0 0.440186 0.100000 0.021973 0.019531
0 0.900000 0.100000 0.028320 0.032552
0 0.449219 0.100000 0.010000 0.010000
0 0.788330 0.100000 0.017090 0.013021
0 0.765625 0.100000 0.010000 0.010000
0 0.779541 0.100000 0.010000 0.010000
0 0.100000 0.100000 0.010000 0.010000
0 0.450195 0.100000 0.012695 0.015625
0 0.783691 0.100000 0.010000 0.010000
0 0.796875 0.100000 0.010000 0.010000
0 0.100342 0.100000 0.010000 0.010000
0 0.650146 0.100000 0.010000 0.010000
0 0.900000 0.104818 0.030762 0.028646
0 0.116455 0.100000 0.010000 0.010000
0 0.588135 0.100000 0.010000 0.010000
0 0.100000 0.100000 0.010000 0.010000
0 0.768066 0.102865 0.010000 0.010000
0 0.794678 0.105143 0.010000 0.010000
0 0.796387 0.104818 0.010000 0.010000
0 0.802734 0.106120 0.010742 0.010000
0 0.453369 0.116536 0.014160 0.020833
0 0.154785 0.114909 0.010000 0.010000
0 0.156494 0.113281 0.010000 0.010000
0 0.401855 0.113607 0.010000 0.010000
0 0.656250 0.114909 0.010000 0.010000
0 0.847900 0.115234 0.010000 0.010000
0 0.659180 0.119792 0.010000 0.010000
0 0.659668 0.116211 0.010000 0.010000
0 0.157227 0.117188 0.010000 0.010000
0 0.132324 0.127930 0.010000 0.010000
0 0.135742 0.135091 0.012695 0.013672
0 0.139893 0.132161 0.010000 0.010000
0 0.145020 0.144206 0.014648 0.030599
0 0.759033 0.135742 0.010000 0.013672
0 0.539062 0.150391 0.019531 0.027344
0 0.100000 0.141276 0.010000 0.010000
0 0.585693 0.146810 0.013184 0.012370
0 0.234131 0.150716 0.010000 0.010000
0 0.100000 0.160482 0.010000 0.010000
0 0.551270 0.164714 0.010742 0.013021
0 0.900000 0.178060 0.010000 0.010000
0 0.353760 0.176432 0.010000 0.010000
0 0.547852 0.176107 0.010000 0.010000
0 0.642334 0.181315 0.010000 0.012370
0 0.900000 0.184570 0.010000 0.010000
0 0.220947 0.185872 0.010000 0.010000
0 0.581787 0.194661 0.010000 0.010000
0 0.284668 0.201823 0.010000 0.010000
0 0.286377 0.205729 0.010000 0.010000
0 0.617188 0.207357 0.010000 0.010000
0 0.281494 0.208333 0.010000 0.010000
0 0.666016 0.208984 0.010000 0.010000
0 0.900000 0.215820 0.013184 0.013672
0 0.387695 0.211589 0.010000 0.010000
0 0.434814 0.212565 0.010000 0.010000
0 0.672363 0.216471 0.011719 0.013672
0 0.408203 0.224609 0.010000 0.010000
0 0.900000 0.229818 0.010000 0.010000
0 0.254150 0.239909 0.011230 0.017578
0 0.316406 0.234701 0.010000 0.010000
0 0.534912 0.233724 0.010000 0.010000
0 0.588623 0.237630 0.010000 0.010000
0 0.826660 0.237630 0.010000 0.010000
0 0.850342 0.253581 0.010000 0.010000
0 0.720215 0.254557 0.010000 0.010000
0 0.704590 0.260417 0.010000 0.010000
0 0.604736 0.258789 0.010000 0.010000
0 0.842041 0.259440 0.010000 0.010000
0 0.670410 0.268555 0.010000 0.013672
0 0.415527 0.274089 0.010000 0.010000
0 0.510986 0.277669 0.010000 0.010000
0 0.594238 0.281576 0.010000 0.010000
0 0.105957 0.289062 0.010000 0.010000
0 0.707031 0.288737 0.010000 0.010000
0 0.341309 0.292643 0.010000 0.010000
0 0.108643 0.291016 0.010000 0.010000
0 0.315186 0.292643 0.010000 0.010000
0 0.610840 0.298177 0.010000 0.010000
0 0.100000 0.301107 0.010000 0.010000
0 0.319336 0.301432 0.010000 0.010000
0 0.304932 0.310221 0.010000 0.010000
0 0.735107 0.311198 0.010000 0.010000
0 0.346436 0.313477 0.010000 0.010000
0 0.733887 0.312500 0.010000 0.010000
0 0.900000 0.313477 0.010000 0.010000
0 0.484619 0.314779 0.010000 0.010000
0 0.618652 0.313477 0.010000 0.010000
0 0.661621 0.318034 0.010000 0.010000
0 0.350586 0.324544 0.010742 0.014974
0 0.622559 0.319661 0.010000 0.010000
0 0.629639 0.332682 0.010000 0.010000
0 0.251953 0.337240 0.010000 0.010000
0 0.239258 0.340820 0.010000 0.010000
0 0.255859 0.341146 0.010000 0.010000
0 0.594482 0.357096 0.010000 0.010000
0 0.365723 0.363932 0.010000 0.010000
0 0.100000 0.364909 0.010000 0.010000
0 0.787842 0.368164 0.010000 0.010000
0 0.745850 0.379883 0.010000 0.010000
0 0.190430 0.386068 0.010000 0.010000
0 0.593506 0.383138 0.010000 0.010000
0 0.900000 0.383138 0.010000 0.010000
0 0.760498 0.396810 0.010000 0.010000
0 0.772705 0.399089 0.010000 0.010000
0 0.587891 0.418945 0.010000 0.010000
0 0.653564 0.428711 0.010000 0.010000
0 0.716309 0.435872 0.010000 0.011068
0 0.780029 0.442057 0.021973 0.022135
0 0.718750 0.436198 0.010000 0.010000
0 0.573975 0.446615 0.010000 0.010000
0 0.900000 0.448893 0.010000 0.010000
0 0.334961 0.451497 0.010000 0.010000
0 0.350342 0.454102 0.010000 0.010000
0 0.900000 0.458333 0.010000 0.010000
0 0.724121 0.464844 0.010000 0.010000
0 0.630859 0.467448 0.010000 0.010000
0 0.235840 0.474935 0.010000 0.010000
0 0.479248 0.480143 0.010000 0.012370
0 0.140381 0.484701 0.012207 0.014974
0 0.100000 0.479818 0.010000 0.010000
0 0.483398 0.482096 0.010000 0.010000
0 0.900000 0.491862 0.017090 0.022786
0 0.624756 0.484049 0.010000 0.010000
0 0.726318 0.483724 0.010000 0.010000
0 0.478027 0.486328 0.010000 0.010000
0 0.795898 0.488607 0.010000 0.010000
0 0.478760 0.492513 0.010000 0.010000
0 0.480469 0.507812 0.019531 0.027344
0 0.637695 0.500651 0.010000 0.010417
0 0.637451 0.500977 0.010000 0.010000
0 0.100000 0.502604 0.010000 0.010000
0 0.670898 0.503581 0.010000 0.010000
0 0.836426 0.504557 0.010000 0.010000
0 0.547119 0.509115 0.010000 0.010000
0 0.100000 0.510091 0.010000 0.010000
0 0.416504 0.514648 0.010000 0.010000
0 0.667236 0.516602 0.010000 0.010000
0 0.100000 0.532552 0.010742 0.031250
0 0.559082 0.517578 0.010000 0.010000
0 0.176270 0.518229 0.010000 0.010000
0 0.521729 0.534505 0.010000 0.018229
0 0.650635 0.536133 0.010000 0.010000
0 0.665527 0.538737 0.010000 0.010000
0 0.759521 0.536784 0.010000 0.010000
0 0.518555 0.538411 0.010000 0.010000
0 0.737549 0.539388 0.010000 0.010000
0 0.711426 0.541341 0.010000 0.010000
0 0.160156 0.542318 0.010000 0.010000
0 0.660400 0.543945 0.010000 0.010000
0 0.525391 0.545898 0.010000 0.010000
0 0.211426 0.546224 0.010000 0.010000
0 0.528809 0.548828 0.010000 0.010000
0 0.531494 0.550456 0.010000 0.010000
0 0.458984 0.551758 0.010000 0.010000
0 0.802002 0.553385 0.010000 0.010000
0 0.676758 0.559896 0.010000 0.010000
0 0.100000 0.570638 0.010000 0.010000
0 0.411133 0.582682 0.010000 0.010000
0 0.406982 0.583333 0.010000 0.010000
0 0.412598 0.585612 0.010000 0.010000
0 0.100000 0.588542 0.010000 0.010000
0 0.732910 0.588867 0.010000 0.010000
0 0.223145 0.598633 0.011719 0.016276
0 0.100000 0.594401 0.010000 0.010000
0 0.217285 0.595378 0.010000 0.010000
0 0.729980 0.599935 0.010000 0.010000
0 0.886230 0.602214 0.010000 0.010000
0 0.739746 0.605143 0.010000 0.010000
0 0.228760 0.607747 0.010000 0.010000
0 0.227051 0.610026 0.010000 0.010000
0 0.586426 0.610352 0.010000 0.010000
0 0.100000 0.619141 0.010000 0.010000
0 0.850830 0.625000 0.010000 0.010000
0 0.240967 0.637370 0.010000 0.010000
0 0.643311 0.640299 0.010000 0.010000
0 0.824951 0.645508 0.010000 0.010000
0 0.900000 0.646159 0.010000 0.010000
0 0.900000 0.645182 0.010000 0.010000
0 0.564453 0.646484 0.010000 0.010000
0 0.823486 0.653971 0.010000 0.013672
0 0.734131 0.655273 0.010000 0.010000
0 0.900000 0.654948 0.010000 0.010000
0 0.900000 0.652995 0.010000 0.010000
0 0.900000 0.655599 0.010000 0.010000
0 0.107910 0.660156 0.010000 0.010000
0 0.900000 0.671875 0.010000 0.010000
0 0.787109 0.682292 0.011719 0.018229
0 0.180420 0.691406 0.010000 0.010000
0 0.182373 0.694010 0.010000 0.010000
0 0.178223 0.692708 0.010000 0.010000
0 0.184082 0.695312 0.010000 0.010000
0 0.900000 0.711263 0.011230 0.017578
0 0.183350 0.707031 0.010000 0.010000
0 0.186768 0.708333 0.010000 0.010000
0 0.812500 0.709635 0.010000 0.010000
0 0.387939 0.716471 0.010000 0.010000
0 0.900000 0.720703 0.010000 0.010000
0 0.387939 0.728516 0.017090 0.019531
0 0.898193 0.722005 0.010000 0.010000
0 0.248291 0.722656 0.010000 0.010000
0 0.396973 0.722982 0.010000 0.010000
0 0.116455 0.723958 0.010000 0.010000
0 0.297363 0.747396 0.050781 0.040365
0 0.306885 0.727865 0.010000 0.010000
0 0.900000 0.734701 0.010742 0.014974
0 0.100000 0.738932 0.010000 0.010000
0 0.100000 0.740234 0.010000 0.010000
0 0.100000 0.744141 0.010000 0.010000
0 0.412354 0.744141 0.010000 0.010000
0 0.416504 0.745443 0.010000 0.010000
0 0.900000 0.749023 0.010000 0.013672
0 0.243408 0.745443 0.010000 0.010000
0 0.156738 0.751628 0.010000 0.010000
0 0.311768 0.756510 0.010000 0.010417
0 0.381348 0.753255 0.010000 0.010000
0 0.100000 0.755208 0.010000 0.010000
0 0.302734 0.757812 0.010000 0.010000
0 0.573242 0.754557 0.010000 0.010000
0 0.900000 0.757487 0.010000 0.010000
0 0.322510 0.763346 0.010000 0.010000
0 0.754395 0.762370 0.010000 0.010000
0 0.900000 0.761068 0.010000 0.010000
0 0.305176 0.761393 0.010000 0.010000
0 0.324463 0.764648 0.010000 0.010000
0 0.566406 0.764648 0.010000 0.010000
0 0.325928 0.765299 0.010000 0.010000
0 0.326416 0.766276 0.010000 0.010000
0 0.752441 0.765951 0.010000 0.010000
0 0.750000 0.768555 0.010000 0.010000
0 0.709473 0.772786 0.010000 0.010000
0 0.100000 0.773438 0.010000 0.010000
0 0.665039 0.770833 0.010000 0.010000
0 0.747314 0.774089 0.010000 0.010000
0 0.100000 0.774414 0.010000 0.010000
0 0.114746 0.776693 0.010000 0.010000
0 0.100000 0.777344 0.010742 0.010000
0 0.570801 0.777669 0.010000 0.010000
0 0.100000 0.783203 0.010000 0.010000
0 0.100000 0.783529 0.010000 0.010000
0 0.865967 0.796224 0.018066 0.026042
0 0.116455 0.788737 0.010000 0.010000
0 0.868408 0.791016 0.010000 0.010000
0 0.355957 0.803060 0.010000 0.010000
0 0.100000 0.802409 0.010000 0.010000
0 0.107422 0.807943 0.010000 0.010000
0 0.667725 0.810872 0.010000 0.010000
0 0.675293 0.811849 0.010000 0.010000
0 0.699707 0.807943 0.010000 0.010000
0 0.109619 0.811849 0.010000 0.010000
0 0.758789 0.820312 0.010000 0.010000
0 0.764648 0.819987 0.010000 0.010000
0 0.766602 0.819987 0.010000 0.010000
0 0.710205 0.821615 0.010000 0.010000
0 0.100000 0.823568 0.010000 0.010000
0 0.900000 0.831055 0.012695 0.017578
0 0.261230 0.838867 0.010000 0.010000
0 0.298584 0.843750 0.010000 0.010000
0 0.256348 0.845378 0.010000 0.010000
0 0.847412 0.848307 0.010000 0.010000
0 0.417725 0.848307 0.010000 0.010000
0 0.408447 0.849284 0.010000 0.010000
0 0.419189 0.849284 0.010000 0.010000
0 0.419922 0.855143 0.010000 0.010000
0 0.708496 0.864583 0.010000 0.010000
0 0.873779 0.867513 0.010000 0.010000
0 0.900000 0.868164 0.010000 0.010000
0 0.370605 0.868164 0.010000 0.010000
0 0.386963 0.872070 0.010000 0.010000
0 0.872559 0.870768 0.010000 0.010000
0 0.869873 0.871745 0.010000 0.010000
0 0.900000 0.876302 0.010000 0.010000
0 0.900000 0.878581 0.010000 0.010000
0 0.900000 0.882161 0.010000 0.010000
0 0.200684 0.888021 0.010000 0.010000
0 0.202637 0.892904 0.011719 0.012370
0 0.471680 0.896484 0.011719 0.019531
0 0.873779 0.888672 0.010000 0.010000
0 0.402344 0.892578 0.010000 0.010000
0 0.884277 0.899740 0.017578 0.018229
0 0.100000 0.900000 0.010000 0.010000
0 0.246582 0.900000 0.010000 0.010000
0 0.100000 0.900000 0.010000 0.010000
0 0.898682 0.900000 0.010000 0.010000
0 0.100000 0.900000 0.010000 0.010000
0 0.850098 0.900000 0.038086 0.050781
0 0.900000 0.900000 0.010000 0.010000
0 0.100000 0.900000 0.010000 0.010000
0 0.897461 0.900000 0.010000 0.010000
0 0.100000 0.900000 0.010000 0.010000
0 0.895020 0.900000 0.010000 0.010000
0 0.100000 0.900000 0.010000 0.010000
0 0.701416 0.900000 0.010000 0.010000
0 0.100000 0.900000 0.010000 0.010000
0 0.244385 0.900000 0.010000 0.010000
0 0.717285 0.900000 0.010742 0.010000
0 0.100000 0.900000 0.010000 0.010000
0 0.736084 0.900000 0.010000 0.010000
0 0.900000 0.900000 0.010000 0.010000
0 0.100000 0.900000 0.010000 0.010000
0 0.571289 0.900000 0.010000 0.010000
0 0.101562 0.900000 0.010000 0.010000
0 0.566895 0.900000 0.106445 0.054688
0 0.433350 0.900000 0.015137 0.016927
0 0.507324 0.900000 0.018555 0.024089
0 0.576904 0.900000 0.010000 0.010000
0 0.222168 0.900000 0.047852 0.037760
0 0.238770 0.900000 0.010000 0.010000
0 0.576416 0.900000 0.010000 0.010000
0 0.589600 0.900000 0.010000 0.010000
0 0.237549 0.900000 0.010000 0.010000
0 0.900000 0.900000 0.010000 0.010000
0 0.100000 0.900000 0.010000 0.010000
0 0.900000 0.900000 0.010000 0.010000
0 0.100000 0.900000 0.010000 0.010000
0 0.111328 0.900000 0.010000 0.010000
0 0.161865 0.900000 0.010000 0.010000
0 0.216064 0.900000 0.010000 0.010000
0 0.311768 0.900000 0.010000 0.010000
0 0.197021 0.900000 0.010000 0.010000
0 0.627930 0.900000 0.010000 0.013021
0 0.125000 0.900000 0.010000 0.010000
0 0.210449 0.900000 0.010000 0.010000
0 0.155518 0.900000 0.010000 0.010000
0 0.210205 0.900000 0.010000 0.010000
