0 0.706055 0.106445 0.041016 0.044922
0 0.245117 0.144531 0.080078 0.074219
0 0.116211 0.258789 0.044922 0.044922
0 0.432617 0.261719 0.044922 0.042969
0 0.852539 0.272461 0.037109 0.037109
0 0.670898 0.321289 0.037109 0.037109
0 0.143555 0.403320 0.060547 0.072266
0 0.289062 0.389648 0.042969 0.044922
0 0.405273 0.415039 0.072266 0.072266
0 0.749023 0.503906 0.037109 0.039062
0 0.194336 0.581055 0.041016 0.041016
0 0.657227 0.688477 0.041016 0.041016
0 0.231445 0.842773 0.048828 0.041016
0 0.147461 0.861328 0.041016 0.042969
