0 0.135742 0.100000 0.044922 0.048828
0 0.661133 0.100000 0.041016 0.042969
0 0.295898 0.108398 0.044922 0.044922
0 0.418945 0.133789 0.041016 0.041016
0 0.786133 0.217773 0.041016 0.041016
0 0.108398 0.249023 0.044922 0.044922
0 0.516602 0.256836 0.044922 0.044922
0 0.611328 0.397461 0.039062 0.037109
0 0.159180 0.433594 0.044922 0.042969
0 0.385742 0.473633 0.041016 0.044922
0 0.680664 0.509766 0.083984 0.078125
0 0.137695 0.503906 0.044922 0.042969
0 0.774414 0.571289 0.044922 0.044922
0 0.282227 0.643555 0.076172 0.072266
0 0.436523 0.687500 0.072266 0.070312
0 0.636719 0.709961 0.074219 0.087891
0 0.573242 0.843750 0.048828 0.042969
0 0.210938 0.900000 0.042969 0.042969
