1 0.500000 0.500000 0.500000 0.500000
0 0.612793 0.100000 0.010000 0.010000
0 0.614014 0.100000 0.010000 0.010000
0 0.856934 0.100000 0.010000 0.010000
0 0.687012 0.100000 0.010000 0.010000
0 0.770020 0.100000 0.010000 0.010000
0 0.613281 0.100000 0.010000 0.010000
0 0.900000 0.100000 0.010000 0.010000
0 0.100000 0.100000 0.010000 0.010000
0 0.684570 0.100000 0.010000 0.010000
0 0.899170 0.100000 0.010000 0.010000
0 0.609619 0.100000 0.010000 0.010000
0 0.900000 0.100000 0.010000 0.010000
0 0.798096 0.111328 0.010000 0.010000
0 0.159668 0.112630 0.010000 0.010000
0 0.695557 0.114258 0.010000 0.010000
0 0.461914 0.125326 0.010000 0.010000
0 0.100000 0.136393 0.010000 0.012370
0 0.100000 0.142253 0.010000 0.010000
0 0.184326 0.142904 0.010000 0.010000
0 0.751465 0.147786 0.010000 0.010000
0 0.547119 0.149089 0.010000 0.010000
0 0.900000 0.151042 0.010000 0.010000
0 0.900000 0.156576 0.010000 0.010000
0 0.667969 0.180339 0.010000 0.010000
0 0.900000 0.180664 0.010000 0.010000
0 0.392090 0.244141 0.010000 0.010000
0 0.374268 0.245768 0.010000 0.010000
0 0.400635 0.250000 0.010000 0.010000
0 0.100000 0.258789 0.010000 0.010000
0 0.314209 0.258789 0.010000 0.010000
0 0.355225 0.257812 0.010000 0.010000
0 0.900000 0.259766 0.010000 0.010000
0 0.273438 0.270182 0.010000 0.010000
0 0.100000 0.274414 0.010000 0.010000
0 0.900000 0.282552 0.010000 0.010000
0 0.789795 0.304362 0.010000 0.010000
0 0.100000 0.306641 0.010000 0.010000
0 0.100000 0.308919 0.010000 0.010000
0 0.415527 0.315755 0.010000 0.010000
0 0.417480 0.319661 0.010000 0.010000
0 0.594238 0.329102 0.010000 0.010000
0 0.603027 0.332357 0.010000 0.010000
0 0.574463 0.340169 0.010000 0.018880
0 0.603271 0.334310 0.010000 0.010000
0 0.690918 0.338542 0.010000 0.010000
0 0.900000 0.338867 0.010000 0.010000
0 0.604736 0.340820 0.010000 0.010000
0 0.890869 0.347005 0.010000 0.010000
0 0.324707 0.347982 0.010000 0.010000
0 0.200684 0.351237 0.010000 0.010000
0 0.136475 0.353516 0.010000 0.010000
0 0.201660 0.354818 0.010000 0.010000
0 0.504639 0.354167 0.010000 0.010000
0 0.706055 0.358398 0.010000 0.010000
0 0.753174 0.361003 0.010000 0.010000
0 0.134521 0.360352 0.010000 0.010000
0 0.755371 0.363932 0.010000 0.010417
0 0.760010 0.366211 0.010000 0.010000
0 0.762695 0.369141 0.010000 0.010000
0 0.773438 0.373698 0.010000 0.010000
0 0.756104 0.376302 0.010000 0.010000
0 0.762695 0.376953 0.010000 0.010000
0 0.761719 0.378581 0.010000 0.010000
0 0.897461 0.380208 0.010000 0.010000
0 0.893066 0.383464 0.010000 0.010000
0 0.117188 0.384440 0.010000 0.010000
0 0.891846 0.384766 0.010000 0.010000
0 0.900000 0.400065 0.028320 0.027995
0 0.858643 0.389974 0.010000 0.010000
0 0.680176 0.390625 0.010000 0.010000
0 0.144287 0.393880 0.010000 0.010000
0 0.681396 0.391602 0.010000 0.010000
0 0.728271 0.393880 0.010000 0.010000
0 0.900000 0.394531 0.010000 0.010000
0 0.687256 0.397461 0.010000 0.010000
0 0.900000 0.397135 0.010000 0.010000
0 0.900000 0.399740 0.010000 0.010000
0 0.900000 0.399740 0.010000 0.010000
0 0.701172 0.401367 0.010000 0.010000
0 0.889893 0.403971 0.010000 0.010000
0 0.100000 0.409831 0.010000 0.010000
0 0.809326 0.408854 0.010000 0.010000
0 0.843018 0.410482 0.010000 0.010000
0 0.459473 0.413086 0.010000 0.010000
0 0.469727 0.417318 0.010000 0.010000
0 0.628174 0.418294 0.010000 0.010000
0 0.100000 0.419922 0.010000 0.010000
0 0.743408 0.419596 0.010000 0.010000
0 0.900000 0.418945 0.010000 0.010000
0 0.327637 0.420573 0.010000 0.010000
0 0.630615 0.422201 0.010000 0.010000
0 0.900000 0.423828 0.010000 0.010000
0 0.452637 0.424479 0.010000 0.010000
0 0.714600 0.428711 0.010000 0.010000
0 0.900000 0.429362 0.010000 0.010000
0 0.446777 0.432943 0.010000 0.010000
0 0.800293 0.443034 0.010742 0.018880
0 0.732422 0.438802 0.010000 0.010000
0 0.500000 0.443359 0.010000 0.010000
0 0.655518 0.448242 0.010000 0.010000
0 0.301025 0.451172 0.010000 0.010000
0 0.653564 0.451497 0.010000 0.010000
0 0.302979 0.455729 0.010000 0.010000
0 0.303711 0.456706 0.010000 0.010000
0 0.758057 0.459310 0.010000 0.010000
0 0.694092 0.462240 0.010000 0.010000
0 0.148682 0.469401 0.010000 0.010000
0 0.548584 0.468099 0.010000 0.010000
0 0.500977 0.483724 0.010000 0.010000
0 0.274902 0.482422 0.010000 0.010000
0 0.280518 0.493164 0.010000 0.010000
0 0.292969 0.494141 0.010000 0.010000
0 0.294189 0.496094 0.010000 0.010000
0 0.294922 0.498047 0.010000 0.010000
0 0.465820 0.498372 0.010000 0.010000
0 0.295166 0.499674 0.010000 0.010000
0 0.187744 0.507487 0.010000 0.010000
0 0.109863 0.508464 0.010000 0.010000
0 0.265625 0.515951 0.010000 0.010000
0 0.538574 0.519857 0.013672 0.014974
0 0.266113 0.518229 0.010000 0.010000
0 0.100000 0.521484 0.010000 0.010000
0 0.354980 0.521484 0.010000 0.010000
0 0.602539 0.533854 0.010000 0.010000
0 0.289307 0.540039 0.010000 0.010000
0 0.562256 0.550130 0.010000 0.010000
0 0.267822 0.551758 0.010000 0.010000
0 0.297852 0.559570 0.010000 0.010000
0 0.900000 0.570312 0.010000 0.010000
0 0.287598 0.570312 0.010000 0.010000
0 0.292725 0.570312 0.010000 0.010000
0 0.803955 0.571289 0.010000 0.010000
0 0.755859 0.575195 0.010000 0.010000
0 0.596436 0.582682 0.010000 0.010000
0 0.598145 0.583984 0.010000 0.010000
0 0.900000 0.586914 0.010000 0.010000
0 0.593506 0.588867 0.010000 0.010000
0 0.817139 0.589518 0.010000 0.010000
0 0.850830 0.603190 0.010000 0.010000
0 0.822998 0.609375 0.010000 0.010000
0 0.348633 0.609049 0.010000 0.010000
0 0.845459 0.630859 0.010000 0.010000
0 0.781738 0.636719 0.010000 0.010000
0 0.900000 0.639974 0.010000 0.010000
0 0.350098 0.647461 0.010000 0.011068
0 0.305908 0.673828 0.010000 0.010000
0 0.400635 0.689779 0.010000 0.010000
0 0.829102 0.694010 0.010000 0.010000
0 0.288818 0.697266 0.010000 0.010000
0 0.782715 0.705404 0.010000 0.010000
0 0.429932 0.720052 0.010000 0.010000
0 0.589111 0.725586 0.010000 0.010000
0 0.775146 0.727865 0.010000 0.010000
0 0.840820 0.730794 0.010000 0.010000
0 0.667236 0.738932 0.010000 0.010000
0 0.732910 0.737630 0.010000 0.010000
0 0.100000 0.749023 0.010000 0.010000
0 0.515381 0.748698 0.010000 0.010000
0 0.900000 0.765951 0.010000 0.010000
0 0.845459 0.768555 0.010000 0.010000
0 0.748779 0.773112 0.010000 0.010000
0 0.573730 0.777669 0.010000 0.010000
0 0.238525 0.779622 0.010000 0.010000
0 0.734863 0.790365 0.010000 0.010000
0 0.776855 0.801107 0.010000 0.010000
0 0.100000 0.802083 0.010000 0.010000
0 0.285400 0.803711 0.010000 0.010000
0 0.385986 0.807943 0.010000 0.010000
0 0.100000 0.817057 0.010000 0.010000
0 0.302246 0.816406 0.010000 0.010000
0 0.481445 0.818359 0.010000 0.010000
0 0.778809 0.829753 0.010000 0.010000
0 0.378418 0.831706 0.010000 0.010000
0 0.641602 0.849284 0.010000 0.010000
0 0.900000 0.848958 0.010000 0.010000
0 0.100000 0.866536 0.010000 0.010000
0 0.164795 0.865885 0.010000 0.010000
0 0.352783 0.877930 0.010000 0.010000
0 0.463867 0.878255 0.010000 0.010000
0 0.585205 0.880208 0.010000 0.010000
0 0.558105 0.883789 0.010000 0.010000
0 0.805908 0.885742 0.010000 0.010000
0 0.235352 0.890951 0.010000 0.010000
0 0.292480 0.890625 0.010000 0.010000
0 0.900000 0.892904 0.010000 0.010000
0 0.771973 0.900000 0.010000 0.010000
0 0.145508 0.900000 0.010000 0.010000
0 0.733643 0.900000 0.010000 0.010000
0 0.185791 0.900000 0.010000 0.010000
0 0.900000 0.900000 0.010000 0.010000
0 0.900000 0.900000 0.010000 0.010000
0 0.272705 0.900000 0.010000 0.010000
0 0.506592 0.900000 0.010000 0.010000
0 0.551758 0.900000 0.010000 0.010000
0 0.878906 0.900000 0.010000 0.010000
0 0.900000 0.900000 0.010000 0.010000
0 0.312256 0.900000 0.010000 0.010000
0 0.100000 0.900000 0.010000 0.010000
0 0.641602 0.900000 0.010000 0.010000
0 0.508545 0.900000 0.010000 0.010000
0 0.789551 0.900000 0.010000 0.010000
0 0.352783 0.900000 0.010000 0.010000
0 0.900000 0.900000 0.010000 0.010000
