1 0.500000 0.500000 0.500000 0.500000
0 0.165039 0.100000 0.010000 0.010000
0 0.315186 0.100000 0.010000 0.010000
1 0.815430 0.201497 0.368164 0.401693
0 0.665527 0.100000 0.010000 0.010000
0 0.881348 0.100000 0.010000 0.010000
0 0.882080 0.100000 0.010000 0.010000
0 0.891846 0.100000 0.010000 0.010000
0 0.900000 0.100000 0.010000 0.010000
0 0.543701 0.100000 0.010000 0.010000
0 0.875732 0.100000 0.010000 0.010000
0 0.879395 0.100000 0.010000 0.010000
0 0.421875 0.100000 0.010000 0.010000
0 0.828369 0.100000 0.010000 0.010000
0 0.892334 0.100000 0.010000 0.010000
0 0.900000 0.100000 0.010000 0.010000
0 0.900000 0.100000 0.010000 0.010000
0 0.419678 0.100000 0.010000 0.010000
0 0.817383 0.100000 0.010000 0.010000
0 0.756104 0.100000 0.010000 0.010000
0 0.766846 0.100000 0.010000 0.010000
0 0.419678 0.100000 0.010000 0.010000
0 0.766602 0.100000 0.010000 0.011068
0 0.217529 0.100000 0.010000 0.010000
0 0.766357 0.100000 0.010000 0.010000
0 0.751465 0.100000 0.010000 0.010000
0 0.822754 0.100000 0.010000 0.010000
0 0.367676 0.100000 0.010000 0.010000
0 0.751953 0.100000 0.010000 0.010000
0 0.759277 0.100000 0.010000 0.010000
0 0.820312 0.100000 0.010000 0.010000
0 0.401611 0.100000 0.010000 0.010000
0 0.595947 0.100000 0.010000 0.010000
0 0.818115 0.100000 0.010000 0.010000
0 0.769775 0.100000 0.010000 0.010000
0 0.449219 0.100000 0.010000 0.010000
0 0.754395 0.100000 0.010000 0.010000
0 0.557373 0.100000 0.010000 0.010000
0 0.571289 0.100000 0.010000 0.010000
0 0.170654 0.100000 0.010000 0.010000
0 0.450439 0.100000 0.010000 0.010000
0 0.458252 0.100000 0.010000 0.010000
0 0.763428 0.100000 0.010000 0.010000
0 0.413818 0.100000 0.010000 0.010000
0 0.769043 0.100000 0.010000 0.010000
0 0.213379 0.100000 0.010000 0.010000
0 0.100000 0.100000 0.010000 0.010000
0 0.413818 0.100000 0.010000 0.010000
0 0.531250 0.100000 0.010000 0.010000
0 0.173584 0.100000 0.010000 0.010000
0 0.451660 0.100000 0.010000 0.010000
0 0.450928 0.100000 0.010000 0.010000
0 0.492188 0.100000 0.010000 0.011068
0 0.540283 0.100000 0.010000 0.010000
0 0.100000 0.100000 0.010000 0.010000
0 0.100000 0.100000 0.010000 0.010000
0 0.121582 0.100000 0.010000 0.010000
0 0.812744 0.100000 0.010000 0.010000
0 0.100000 0.100000 0.010000 0.010000
0 0.100000 0.100000 0.010000 0.010000
0 0.184814 0.100000 0.010000 0.010000
0 0.608154 0.100000 0.010000 0.010000
0 0.100000 0.100000 0.010000 0.010000
0 0.860596 0.100000 0.010000 0.010000
0 0.408203 0.100000 0.010000 0.010000
0 0.415527 0.100000 0.010000 0.010000
0 0.900000 0.100000 0.010000 0.010000
0 0.412354 0.100000 0.010000 0.010000
0 0.100000 0.100000 0.010000 0.010000
0 0.900000 0.100000 0.010000 0.010000
0 0.574463 0.100000 0.010000 0.010000
0 0.880127 0.100000 0.010000 0.010000
0 0.596191 0.100000 0.010000 0.010000
0 0.900000 0.100000 0.010000 0.010000
0 0.510986 0.101237 0.010000 0.010000
0 0.900000 0.100000 0.010000 0.010000
0 0.100000 0.100586 0.010000 0.010000
0 0.428711 0.100911 0.010000 0.010000
0 0.109131 0.102214 0.010000 0.010000
0 0.480957 0.104818 0.010000 0.010000
0 0.900000 0.106120 0.010000 0.010000
0 0.100000 0.105469 0.010000 0.010000
0 0.900000 0.111003 0.010000 0.010000
0 0.100000 0.111979 0.010000 0.010000
0 0.100000 0.114583 0.010000 0.010000
0 0.310059 0.114583 0.010000 0.010000
0 0.506104 0.125326 0.010000 0.010000
0 0.444580 0.128581 0.010000 0.010000
0 0.856201 0.129883 0.010000 0.010000
0 0.100000 0.134115 0.010000 0.010000
0 0.521729 0.131836 0.010000 0.010000
0 0.579102 0.136719 0.010000 0.010000
0 0.900000 0.138672 0.010000 0.010000
0 0.846924 0.139323 0.010000 0.010000
0 0.847412 0.138346 0.010000 0.010000
0 0.853027 0.138997 0.010000 0.010000
0 0.860107 0.141276 0.010000 0.010000
0 0.572510 0.142578 0.010000 0.010000
0 0.671875 0.141276 0.010000 0.010000
0 0.576172 0.145833 0.010000 0.010000
0 0.644531 0.145182 0.010000 0.010000
0 0.808350 0.146810 0.010000 0.010000
0 0.900000 0.145508 0.010000 0.010000
0 0.100000 0.148112 0.010000 0.010000
0 0.349121 0.154948 0.010000 0.010000
0 0.900000 0.152669 0.010000 0.010000
0 0.900000 0.152669 0.010000 0.010000
0 0.100000 0.157878 0.010000 0.011068
0 0.710693 0.153971 0.010000 0.010000
0 0.100000 0.159180 0.010000 0.010000
0 0.417480 0.156250 0.010000 0.010000
0 0.712646 0.158529 0.010000 0.010000
0 0.117920 0.159180 0.010000 0.010000
0 0.100000 0.163086 0.010000 0.010000
0 0.100000 0.167643 0.010000 0.010000
0 0.100000 0.170898 0.010000 0.010000
0 0.583252 0.168294 0.010000 0.010000
0 0.900000 0.166992 0.010000 0.010000
0 0.100000 0.169922 0.010000 0.010000
0 0.900000 0.171549 0.010000 0.010000
0 0.112549 0.173503 0.010000 0.010000
0 0.900000 0.177734 0.010000 0.010000
0 0.100000 0.181966 0.010000 0.010000
0 0.900000 0.184896 0.010000 0.010000
0 0.633545 0.185221 0.010000 0.010000
0 0.900000 0.186523 0.010000 0.010000
0 0.100000 0.194661 0.010000 0.010000
0 0.319580 0.197266 0.010000 0.010000
0 0.600586 0.198893 0.010000 0.010000
0 0.606689 0.197591 0.010000 0.010000
0 0.732422 0.212565 0.028320 0.034505
0 0.184082 0.202474 0.010000 0.010000
0 0.900000 0.201497 0.010000 0.010000
0 0.693604 0.204102 0.010000 0.010000
0 0.722168 0.210612 0.010000 0.010000
0 0.100000 0.211589 0.010000 0.010000
0 0.747314 0.213542 0.010000 0.010000
0 0.748535 0.214844 0.010000 0.010000
0 0.344238 0.216797 0.010000 0.010000
0 0.802002 0.214844 0.010000 0.010000
0 0.611572 0.217122 0.010000 0.010000
0 0.900000 0.223633 0.010000 0.010000
0 0.900000 0.224935 0.010000 0.010000
0 0.108398 0.229818 0.010000 0.010000
0 0.729248 0.231771 0.010000 0.010000
0 0.121582 0.236328 0.010000 0.010417
0 0.712646 0.232747 0.010000 0.010000
0 0.115967 0.236979 0.010000 0.010000
0 0.123535 0.239583 0.010000 0.011719
0 0.900000 0.235352 0.010000 0.010000
0 0.100000 0.235352 0.010000 0.010000
0 0.104980 0.239258 0.010000 0.010000
0 0.515381 0.241536 0.010000 0.010000
0 0.239502 0.244792 0.010000 0.010000
0 0.661621 0.243815 0.010000 0.010000
0 0.106445 0.254232 0.010000 0.010000
0 0.130615 0.252279 0.010000 0.010000
0 0.310059 0.255534 0.010000 0.010000
0 0.518066 0.254557 0.010000 0.010000
0 0.814453 0.256510 0.010000 0.010000
0 0.287109 0.257487 0.010000 0.010000
0 0.104736 0.259115 0.010000 0.010000
0 0.494141 0.260742 0.010000 0.010000
0 0.900000 0.261719 0.010000 0.010000
0 0.103271 0.266276 0.010000 0.010000
0 0.630615 0.264974 0.010000 0.010000
0 0.900000 0.267904 0.010000 0.010000
0 0.218018 0.270508 0.010000 0.010000
0 0.390625 0.272786 0.010000 0.010000
0 0.569336 0.274740 0.010000 0.010000
0 0.100000 0.277669 0.010000 0.010000
0 0.100000 0.279297 0.010000 0.010000
0 0.668701 0.278646 0.010000 0.010000
0 0.691650 0.282878 0.010000 0.010000
0 0.524414 0.286133 0.010000 0.010000
0 0.145508 0.291341 0.010000 0.010000
0 0.157715 0.292318 0.010000 0.010000
0 0.153564 0.293620 0.010000 0.010000
0 0.758301 0.305339 0.010000 0.010417
0 0.100000 0.305990 0.010000 0.010000
0 0.100000 0.311849 0.010000 0.010000
0 0.355713 0.315104 0.010000 0.010000
0 0.335693 0.319661 0.010000 0.010000
0 0.900000 0.319987 0.010000 0.010000
0 0.622070 0.324544 0.010000 0.010000
0 0.900000 0.324219 0.010000 0.010000
0 0.100000 0.325195 0.010000 0.010000
0 0.261475 0.329102 0.010000 0.010000
0 0.555908 0.329102 0.010000 0.010000
0 0.100000 0.334961 0.010000 0.010000
0 0.900000 0.336914 0.010000 0.010000
0 0.100000 0.343750 0.010000 0.010417
0 0.100000 0.342773 0.010000 0.010000
0 0.814941 0.344076 0.010000 0.010000
0 0.141602 0.345052 0.010000 0.010000
0 0.100000 0.351237 0.010000 0.010000
0 0.498047 0.354492 0.010000 0.010000
0 0.148193 0.358398 0.010000 0.010000
0 0.202637 0.358724 0.010000 0.010000
0 0.854248 0.359049 0.010000 0.010000
0 0.609619 0.362956 0.010000 0.010000
0 0.854980 0.362305 0.010000 0.010000
0 0.289795 0.363281 0.010000 0.010000
0 0.309326 0.363607 0.010000 0.010000
0 0.303467 0.366211 0.010000 0.010000
0 0.100000 0.367839 0.010000 0.010000
0 0.167480 0.369141 0.010000 0.010000
0 0.143311 0.370117 0.010000 0.010000
0 0.833252 0.376628 0.010254 0.011068
0 0.900000 0.371745 0.010000 0.010000
0 0.775879 0.376953 0.010000 0.010000
0 0.900000 0.381836 0.010000 0.010000
0 0.100000 0.385742 0.010000 0.010000
0 0.100000 0.385742 0.010000 0.010000
0 0.286377 0.385091 0.010000 0.010000
0 0.100000 0.387695 0.010000 0.010000
0 0.100000 0.388021 0.010000 0.010000
0 0.716553 0.394206 0.010000 0.010000
0 0.719971 0.397461 0.010000 0.010000
0 0.130615 0.400391 0.010000 0.010000
0 0.720703 0.401042 0.010000 0.010000
0 0.440186 0.407878 0.010000 0.010000
0 0.302490 0.409180 0.010000 0.010000
0 0.722168 0.410807 0.010000 0.010000
0 0.535156 0.414388 0.010000 0.010000
0 0.100000 0.416992 0.010000 0.011068
0 0.537354 0.416016 0.010000 0.010000
0 0.241455 0.420573 0.010000 0.010417
0 0.534912 0.419271 0.010000 0.010000
0 0.535156 0.421549 0.010000 0.010000
0 0.750000 0.427409 0.010000 0.010000
0 0.895508 0.429036 0.010000 0.010000
0 0.100000 0.431966 0.010000 0.010000
0 0.536621 0.431641 0.010000 0.010000
0 0.889160 0.431315 0.010000 0.010000
0 0.100000 0.435221 0.010000 0.010000
0 0.100000 0.435221 0.010000 0.010000
0 0.744141 0.439779 0.010000 0.010000
0 0.100000 0.444987 0.010000 0.010000
0 0.900000 0.445312 0.010000 0.010000
0 0.497070 0.446940 0.010000 0.010000
0 0.900000 0.454753 0.010000 0.016276
0 0.100000 0.463216 0.010000 0.010000
0 0.900000 0.464193 0.010000 0.010000
0 0.100000 0.468099 0.010000 0.010000
0 0.742920 0.467448 0.010000 0.010000
0 0.900000 0.471029 0.010000 0.010000
0 0.206543 0.478841 0.010000 0.010000
0 0.100000 0.479492 0.010000 0.010000
0 0.714355 0.482422 0.010000 0.010000
0 0.743652 0.481445 0.010000 0.010000
0 0.753418 0.485677 0.010000 0.010000
0 0.100000 0.485352 0.010000 0.010000
0 0.303955 0.486654 0.010000 0.010000
0 0.866455 0.490885 0.010000 0.010000
0 0.865234 0.490885 0.010000 0.010000
0 0.881104 0.490234 0.010000 0.010000
0 0.100000 0.494466 0.010000 0.010000
0 0.100000 0.492188 0.010000 0.010000
0 0.564209 0.492188 0.010000 0.010000
0 0.889893 0.492188 0.010000 0.010000
0 0.368652 0.494466 0.010000 0.010000
0 0.878662 0.496094 0.010000 0.010000
0 0.100000 0.501302 0.010000 0.010000
0 0.500244 0.500000 0.010000 0.010000
0 0.100000 0.503581 0.010000 0.010000
0 0.745605 0.505859 0.010000 0.010000
0 0.110596 0.506836 0.010000 0.010000
0 0.768066 0.515299 0.010000 0.010000
0 0.100000 0.524740 0.010000 0.010000
0 0.900000 0.532552 0.010000 0.010000
0 0.100000 0.533203 0.010000 0.010000
0 0.329102 0.536458 0.010000 0.010000
0 0.379150 0.538737 0.010000 0.010000
0 0.437256 0.539388 0.010000 0.010000
0 0.100000 0.544271 0.010000 0.010000
0 0.900000 0.549805 0.010000 0.012370
0 0.100000 0.547526 0.010000 0.010000
0 0.806885 0.546549 0.010000 0.010000
0 0.820801 0.547201 0.010000 0.010000
0 0.118896 0.551432 0.010000 0.010000
0 0.900000 0.551107 0.010000 0.010000
0 0.730469 0.555013 0.010000 0.010000
0 0.824219 0.555339 0.010000 0.010000
0 0.888184 0.554688 0.010000 0.010000
0 0.122559 0.559896 0.010000 0.010417
0 0.823242 0.557617 0.010000 0.010000
0 0.122314 0.560221 0.010000 0.010000
0 0.253174 0.564779 0.010000 0.011068
0 0.496582 0.560547 0.010000 0.010000
0 0.826904 0.562174 0.010000 0.010000
0 0.132568 0.566406 0.010000 0.010000
0 0.497559 0.570638 0.010000 0.010000
0 0.394043 0.582682 0.013672 0.027344
0 0.819336 0.571289 0.010000 0.010000
0 0.116211 0.581380 0.010000 0.011719
0 0.125000 0.582357 0.010000 0.012370
0 0.772705 0.580078 0.010000 0.010000
0 0.135010 0.583008 0.010000 0.010000
0 0.125000 0.582031 0.010000 0.010000
0 0.389404 0.585286 0.010000 0.010000
0 0.447510 0.585938 0.010000 0.010000
0 0.100000 0.590820 0.010000 0.010000
0 0.889648 0.592773 0.010000 0.010000
0 0.139160 0.592773 0.010000 0.010000
0 0.100000 0.592448 0.010000 0.010000
0 0.130859 0.592448 0.010000 0.010000
0 0.268799 0.598633 0.010000 0.011068
0 0.133057 0.598958 0.010000 0.010000
0 0.136963 0.597005 0.010000 0.010000
0 0.268799 0.600586 0.010000 0.010000
0 0.622803 0.597005 0.010000 0.010000
0 0.135254 0.599609 0.010000 0.010000
0 0.277588 0.601237 0.010000 0.010000
0 0.187012 0.601237 0.010000 0.010000
0 0.465820 0.600586 0.010000 0.010000
0 0.269043 0.602214 0.010000 0.010000
0 0.277588 0.601888 0.010000 0.010000
0 0.119873 0.603841 0.010000 0.010000
0 0.513672 0.604167 0.010000 0.010000
0 0.100000 0.607422 0.010000 0.010000
0 0.281738 0.607422 0.010000 0.010000
0 0.513916 0.606445 0.010000 0.010000
0 0.900000 0.607096 0.010000 0.010000
0 0.317871 0.609049 0.010000 0.010000
0 0.335693 0.625000 0.010000 0.010000
0 0.398682 0.627279 0.010000 0.010000
0 0.143066 0.626953 0.010000 0.010000
0 0.549316 0.648438 0.010000 0.010000
0 0.798340 0.647786 0.010000 0.010000
0 0.547852 0.650065 0.010000 0.010000
0 0.692139 0.650716 0.010000 0.010000
0 0.495850 0.649089 0.010000 0.010000
0 0.288086 0.652995 0.010000 0.010000
0 0.100000 0.659180 0.010000 0.010000
0 0.100000 0.659831 0.010000 0.010000
0 0.741699 0.666667 0.010000 0.010000
0 0.100000 0.669596 0.010000 0.010000
0 0.900000 0.671549 0.010000 0.010000
0 0.654541 0.673828 0.010000 0.010000
0 0.100000 0.681315 0.010000 0.010000
0 0.149170 0.685547 0.010000 0.010000
0 0.789795 0.685872 0.010000 0.010000
0 0.157959 0.688477 0.010000 0.010000
0 0.550781 0.691081 0.010000 0.010000
0 0.100000 0.692383 0.010000 0.010000
0 0.100000 0.696940 0.010000 0.010000
0 0.172363 0.700195 0.010000 0.010000
0 0.642578 0.697917 0.010000 0.010000
0 0.535400 0.709635 0.010000 0.010000
0 0.435059 0.707682 0.010000 0.010000
0 0.350830 0.716797 0.010000 0.010000
0 0.650879 0.728516 0.010000 0.010000
0 0.562988 0.729818 0.010000 0.010000
0 0.781982 0.732096 0.010000 0.010000
0 0.100000 0.732747 0.010000 0.010000
0 0.179688 0.730794 0.010000 0.010000
0 0.211914 0.729818 0.010000 0.010000
0 0.100000 0.737956 0.010000 0.010000
0 0.213379 0.738607 0.010000 0.010000
0 0.900000 0.737956 0.010000 0.010000
0 0.900000 0.737305 0.010000 0.010000
0 0.215576 0.743490 0.010000 0.010000
0 0.693848 0.742188 0.010000 0.010000
0 0.131836 0.751302 0.010000 0.015625
0 0.530518 0.746094 0.010000 0.010000
0 0.793701 0.749674 0.010000 0.010000
0 0.232178 0.750326 0.010000 0.010000
0 0.230469 0.753581 0.010000 0.010000
0 0.227295 0.755534 0.010000 0.010000
0 0.445312 0.756510 0.010000 0.010000
0 0.241699 0.760091 0.010000 0.010000
0 0.244385 0.766276 0.010000 0.010000
0 0.200684 0.766927 0.010000 0.010000
0 0.900000 0.767578 0.010000 0.010000
0 0.100000 0.769206 0.010000 0.010000
0 0.147461 0.770833 0.010000 0.010000
0 0.418945 0.771159 0.010000 0.010000
0 0.100000 0.775716 0.010000 0.010000
0 0.197266 0.777344 0.010000 0.010000
0 0.497070 0.776042 0.010000 0.010000
0 0.100000 0.779622 0.010000 0.010000
0 0.100000 0.784180 0.010000 0.010000
0 0.100000 0.785807 0.010000 0.010000
0 0.420166 0.782878 0.010000 0.010000
0 0.100000 0.788086 0.010000 0.010000
0 0.871338 0.785807 0.010000 0.010000
0 0.666016 0.790365 0.010000 0.010000
0 0.718018 0.791341 0.010000 0.010000
0 0.401855 0.794271 0.010000 0.010000
0 0.895996 0.797526 0.010000 0.010000
0 0.100000 0.802409 0.010000 0.010000
0 0.234375 0.802083 0.010000 0.010000
0 0.262939 0.803711 0.010000 0.010000
0 0.457520 0.803711 0.010000 0.010000
0 0.231689 0.804362 0.010000 0.010000
0 0.263916 0.805664 0.010000 0.010000
0 0.446533 0.807943 0.010000 0.010000
0 0.239502 0.807292 0.010000 0.010000
0 0.109375 0.809896 0.010000 0.010000
0 0.268555 0.810547 0.010000 0.010000
0 0.440674 0.808268 0.010000 0.010000
0 0.679443 0.811523 0.010000 0.010000
0 0.651855 0.814128 0.010000 0.010000
0 0.664551 0.822266 0.010000 0.010000
0 0.654541 0.823893 0.010000 0.010000
0 0.123291 0.824219 0.010000 0.010000
0 0.290771 0.826823 0.010000 0.010000
0 0.287354 0.828451 0.010000 0.010000
0 0.283691 0.831706 0.010000 0.010000
0 0.391846 0.831055 0.010000 0.010000
0 0.286865 0.830404 0.010000 0.010000
0 0.293945 0.829427 0.010000 0.010000
0 0.437500 0.829427 0.010000 0.010000
0 0.749756 0.837565 0.013184 0.018880
0 0.294434 0.831055 0.010000 0.010000
0 0.429443 0.831706 0.010000 0.010000
0 0.748779 0.838216 0.010000 0.013672
0 0.288818 0.835938 0.010000 0.010000
0 0.290771 0.838542 0.010000 0.010000
0 0.283936 0.844727 0.010000 0.010000
0 0.286377 0.845703 0.010000 0.010000
0 0.100000 0.858724 0.010000 0.010000
0 0.794189 0.882487 0.010000 0.011068
0 0.738525 0.881836 0.010000 0.010000
0 0.485107 0.882487 0.010000 0.010000
0 0.275146 0.885091 0.010000 0.010000
0 0.729980 0.885417 0.010000 0.010000
0 0.900000 0.887370 0.010000 0.010000
0 0.413818 0.889974 0.010000 0.010000
0 0.381836 0.891276 0.010000 0.010000
0 0.355225 0.898763 0.010000 0.010000
0 0.565430 0.898763 0.010000 0.010000
0 0.504639 0.900000 0.010000 0.010000
0 0.649658 0.900000 0.010000 0.010000
0 0.775879 0.900000 0.010000 0.010000
0 0.788086 0.900000 0.010000 0.010000
0 0.313232 0.900000 0.010000 0.010000
0 0.314209 0.900000 0.010000 0.010000
0 0.100000 0.900000 0.010000 0.010000
0 0.100000 0.900000 0.010000 0.010000
0 0.100000 0.900000 0.010000 0.010000
0 0.100000 0.900000 0.010000 0.010000
0 0.753174 0.900000 0.010000 0.010000
0 0.100000 0.900000 0.010000 0.010000
0 0.761719 0.900000 0.010000 0.010000
0 0.747559 0.900000 0.010000 0.010000
0 0.757812 0.900000 0.010000 0.010000
0 0.216553 0.900000 0.010000 0.010000
0 0.770264 0.900000 0.010000 0.010000
0 0.100000 0.900000 0.010000 0.010000
0 0.497559 0.900000 0.010000 0.010000
0 0.520508 0.900000 0.010000 0.010000
0 0.151367 0.900000 0.010000 0.010000
0 0.461182 0.900000 0.010000 0.010000
0 0.461182 0.900000 0.016113 0.012370
0 0.370117 0.900000 0.010000 0.010000
0 0.894531 0.900000 0.010000 0.010000
0 0.562256 0.900000 0.010000 0.010000
0 0.456787 0.900000 0.010000 0.010000
0 0.894287 0.900000 0.010000 0.010000
