1 0.500000 0.500000 0.500000 0.500000
0 0.223877 0.100000 0.010000 0.010000
0 0.337158 0.100000 0.010000 0.010000
0 0.641113 0.100000 0.010000 0.010000
0 0.900000 0.100000 0.010000 0.010000
0 0.598877 0.100000 0.010000 0.010000
0 0.598877 0.100000 0.010000 0.010000
0 0.322998 0.100000 0.010000 0.010000
0 0.598145 0.100000 0.010000 0.010000
0 0.900000 0.100000 0.010000 0.010000
0 0.329834 0.100000 0.010000 0.010000
0 0.655029 0.100000 0.010000 0.010000
0 0.832520 0.100000 0.010000 0.010000
0 0.654785 0.100000 0.010000 0.010000
0 0.825439 0.100000 0.010000 0.010000
0 0.497559 0.100000 0.011719 0.016276
0 0.647461 0.100000 0.010000 0.010000
0 0.531494 0.100000 0.010000 0.010000
0 0.705078 0.100000 0.010000 0.010000
0 0.676514 0.100000 0.010000 0.010000
0 0.682373 0.100000 0.015137 0.020182
0 0.615234 0.100000 0.010000 0.010000
0 0.678223 0.100000 0.010000 0.010000
0 0.851807 0.100000 0.010000 0.010000
0 0.327148 0.100000 0.010000 0.010000
0 0.819336 0.100000 0.010000 0.010000
0 0.166016 0.100000 0.010000 0.010000
0 0.667725 0.100000 0.010000 0.011068
0 0.900000 0.100000 0.011719 0.010000
0 0.900000 0.100000 0.010000 0.010000
0 0.622070 0.100000 0.010000 0.010000
0 0.377441 0.100000 0.010000 0.010000
0 0.380127 0.100000 0.010000 0.010000
0 0.417480 0.100000 0.010000 0.010000
0 0.816406 0.100000 0.010000 0.010000
0 0.827393 0.103841 0.010000 0.017578
0 0.636475 0.100000 0.010000 0.010000
0 0.834229 0.105794 0.010000 0.010000
0 0.900000 0.105794 0.010000 0.011068
0 0.900000 0.101562 0.010000 0.010000
0 0.827393 0.105469 0.010000 0.010000
0 0.509521 0.105794 0.010000 0.010000
0 0.900000 0.106120 0.010000 0.010000
0 0.833740 0.107422 0.010000 0.010000
0 0.900000 0.106771 0.010000 0.010000
0 0.100000 0.112630 0.010000 0.010417
0 0.900000 0.109701 0.010000 0.010000
0 0.900000 0.111979 0.010254 0.010000
0 0.900000 0.114909 0.010000 0.010000
0 0.900000 0.117188 0.010000 0.010000
0 0.898438 0.118164 0.010000 0.010000
0 0.900000 0.124023 0.010254 0.010000
0 0.856445 0.124023 0.010000 0.010000
0 0.900000 0.124349 0.010000 0.010000
0 0.401611 0.129232 0.013184 0.012370
0 0.746094 0.123698 0.010000 0.010000
0 0.900000 0.126628 0.010000 0.010000
0 0.603516 0.130208 0.010000 0.010000
0 0.727783 0.128581 0.010000 0.010000
0 0.900000 0.126953 0.010000 0.010000
0 0.407227 0.130534 0.010000 0.010000
0 0.900000 0.136068 0.010000 0.010000
0 0.396484 0.135742 0.010000 0.010000
0 0.100000 0.136719 0.010000 0.010000
0 0.900000 0.137044 0.010000 0.010000
0 0.100000 0.138346 0.010000 0.010000
0 0.100000 0.140625 0.010000 0.010000
0 0.607422 0.148112 0.010000 0.010000
0 0.343506 0.147461 0.010000 0.010000
0 0.644287 0.152669 0.010000 0.010000
0 0.656250 0.164388 0.010000 0.010000
0 0.593018 0.165039 0.010000 0.010000
0 0.837646 0.168945 0.010000 0.010000
0 0.656006 0.173828 0.010000 0.010000
0 0.157715 0.175130 0.010000 0.010000
0 0.674072 0.177409 0.010000 0.010000
0 0.635742 0.183268 0.010000 0.010000
0 0.231201 0.186198 0.010000 0.010000
0 0.281250 0.187826 0.010000 0.011068
0 0.692383 0.187826 0.010000 0.010000
0 0.617920 0.188151 0.010000 0.010000
0 0.644775 0.188802 0.010000 0.010000
0 0.694824 0.189779 0.010000 0.010000
0 0.700439 0.192708 0.010000 0.011719
0 0.710938 0.189128 0.010000 0.010000
0 0.528564 0.188151 0.010000 0.010000
0 0.697754 0.192383 0.010000 0.010000
0 0.279785 0.190430 0.010000 0.010000
0 0.285400 0.194661 0.010000 0.010000
0 0.646729 0.195638 0.010000 0.010000
0 0.649414 0.194661 0.010000 0.010000
0 0.883789 0.193685 0.010000 0.010000
0 0.634521 0.197266 0.010000 0.010000
0 0.634277 0.197266 0.010000 0.010000
0 0.861328 0.200846 0.010000 0.010000
0 0.728516 0.208984 0.010000 0.010000
0 0.496826 0.211914 0.010000 0.010000
0 0.455322 0.216471 0.010000 0.010000
0 0.894043 0.221680 0.010000 0.010000
0 0.394531 0.220052 0.010000 0.010000
0 0.629883 0.220052 0.010000 0.010000
0 0.890869 0.227214 0.010000 0.010000
0 0.336914 0.228516 0.010000 0.010000
0 0.461914 0.227865 0.010000 0.010000
0 0.900000 0.230143 0.010000 0.010000
0 0.228760 0.232422 0.010000 0.010000
0 0.255615 0.236328 0.010000 0.010000
0 0.462158 0.236003 0.010000 0.010000
0 0.126953 0.238932 0.010000 0.010000
0 0.461182 0.242839 0.010000 0.015625
0 0.456299 0.249349 0.010000 0.026042
0 0.534668 0.250326 0.013672 0.025391
0 0.528076 0.242513 0.010000 0.010000
0 0.525879 0.242839 0.010000 0.010000
0 0.900000 0.240885 0.010000 0.010000
0 0.401123 0.243815 0.010000 0.010000
0 0.900000 0.243164 0.010000 0.010000
0 0.461426 0.245443 0.010000 0.010000
0 0.515137 0.262370 0.034180 0.040365
0 0.524902 0.244141 0.010000 0.010000
0 0.900000 0.243490 0.010000 0.010000
0 0.900000 0.243164 0.010000 0.010000
0 0.234131 0.245443 0.010000 0.010000
0 0.593262 0.244141 0.010000 0.010000
0 0.900000 0.246094 0.010000 0.010000
0 0.353516 0.250326 0.010000 0.010000
0 0.357422 0.248698 0.010000 0.010000
0 0.461182 0.249674 0.010000 0.010000
0 0.243164 0.253906 0.010000 0.010000
0 0.505127 0.254883 0.010000 0.011068
0 0.242920 0.253581 0.010000 0.010000
0 0.456543 0.256510 0.010000 0.010000
0 0.502197 0.256510 0.010000 0.010000
0 0.900000 0.255208 0.010000 0.010000
0 0.540283 0.259766 0.010000 0.010000
0 0.508057 0.264648 0.010000 0.010000
0 0.551025 0.264323 0.010000 0.010000
0 0.334717 0.273112 0.010000 0.010000
0 0.278809 0.276042 0.010000 0.010000
0 0.779297 0.276367 0.010000 0.010000
0 0.499512 0.278320 0.010000 0.010000
0 0.222412 0.280599 0.010000 0.010000
0 0.602783 0.286133 0.010000 0.013672
0 0.217529 0.285156 0.010000 0.010000
0 0.335693 0.286458 0.010000 0.010000
0 0.900000 0.284180 0.010000 0.010000
0 0.350098 0.291016 0.010000 0.010417
0 0.361084 0.295898 0.010000 0.010000
0 0.308350 0.301758 0.010000 0.010000
0 0.900000 0.305339 0.010000 0.010000
0 0.645996 0.313151 0.010742 0.013021
0 0.900000 0.313477 0.010000 0.010000
0 0.348633 0.312174 0.010000 0.010000
0 0.900000 0.313802 0.010000 0.010000
0 0.105713 0.314779 0.010000 0.010000
0 0.900000 0.313477 0.010000 0.010000
0 0.861572 0.316081 0.010000 0.010000
0 0.664062 0.328125 0.010000 0.010000
0 0.100000 0.338216 0.010000 0.018880
0 0.100000 0.332031 0.010000 0.010000
0 0.656738 0.340495 0.021484 0.020833
0 0.407227 0.333984 0.010000 0.010000
0 0.599365 0.333984 0.010000 0.010000
0 0.408936 0.337565 0.010000 0.010000
0 0.577393 0.339193 0.010000 0.010000
0 0.858154 0.341797 0.010000 0.010000
0 0.152100 0.342448 0.010000 0.010000
0 0.900000 0.349935 0.010000 0.010000
0 0.100000 0.350260 0.010000 0.010000
0 0.322021 0.350586 0.010000 0.010000
0 0.900000 0.357422 0.010000 0.013021
0 0.900000 0.353516 0.010000 0.010000
0 0.807861 0.354167 0.010000 0.010000
0 0.443848 0.355794 0.010000 0.010000
0 0.458740 0.360026 0.010000 0.010000
0 0.871826 0.358398 0.010000 0.010000
0 0.444092 0.359375 0.010000 0.010000
0 0.448486 0.359375 0.010000 0.010000
0 0.611572 0.362956 0.010000 0.010000
0 0.454834 0.361328 0.010000 0.010000
0 0.562012 0.361654 0.010000 0.010000
0 0.100000 0.369792 0.010000 0.010000
0 0.609375 0.369141 0.010000 0.010000
0 0.900000 0.372721 0.010000 0.010000
0 0.243652 0.381185 0.010000 0.010000
0 0.276855 0.383138 0.010000 0.010000
0 0.900000 0.381185 0.010000 0.010000
0 0.100000 0.386719 0.010000 0.010000
0 0.100000 0.389974 0.010000 0.010000
0 0.269043 0.398763 0.010000 0.010000
0 0.900000 0.412435 0.010254 0.010000
0 0.100000 0.412109 0.010000 0.010000
0 0.836670 0.411133 0.010000 0.010000
0 0.830566 0.415039 0.010000 0.010000
0 0.900000 0.424805 0.017578 0.014974
0 0.256836 0.422852 0.010000 0.010000
0 0.135742 0.429362 0.016602 0.011068
0 0.129150 0.428711 0.010000 0.010000
0 0.760010 0.429036 0.010000 0.010000
0 0.128174 0.430013 0.010000 0.010000
0 0.355957 0.429036 0.010000 0.010000
0 0.145996 0.431315 0.010000 0.010000
0 0.372070 0.430013 0.010000 0.010000
0 0.304688 0.431966 0.010000 0.010000
0 0.358887 0.435872 0.010000 0.010000
0 0.304932 0.433919 0.010000 0.010000
0 0.900000 0.438477 0.010000 0.011068
0 0.131104 0.435221 0.010000 0.010000
0 0.356445 0.438802 0.010000 0.010000
0 0.135742 0.439779 0.010000 0.010000
0 0.511963 0.446615 0.010254 0.010000
0 0.518311 0.444336 0.010000 0.010000
0 0.497070 0.449544 0.010000 0.010000
0 0.176025 0.453125 0.010000 0.010000
0 0.406982 0.452474 0.010000 0.010000
0 0.246582 0.466146 0.010000 0.010000
0 0.504883 0.466471 0.010000 0.010000
0 0.581787 0.470052 0.010000 0.010417
0 0.822754 0.472656 0.010000 0.010000
0 0.555664 0.476562 0.010000 0.010000
0 0.713867 0.478190 0.010000 0.010000
0 0.600342 0.488607 0.010000 0.010000
0 0.106934 0.508789 0.022461 0.034505
0 0.443848 0.496094 0.010000 0.010000
0 0.511230 0.499023 0.010000 0.010000
0 0.900000 0.498698 0.010000 0.010000
0 0.900000 0.501953 0.010000 0.010000
0 0.100000 0.506510 0.010000 0.010000
0 0.358398 0.510742 0.010000 0.010000
0 0.421143 0.519857 0.010000 0.010000
0 0.321777 0.520833 0.010000 0.010000
0 0.852783 0.526367 0.010000 0.010000
0 0.853027 0.530924 0.010000 0.010000
0 0.842529 0.532552 0.010000 0.010000
0 0.654541 0.537109 0.010000 0.010000
0 0.415283 0.538737 0.010000 0.010000
0 0.897949 0.541992 0.010000 0.011068
0 0.897461 0.540365 0.010000 0.010000
0 0.100000 0.552734 0.010000 0.010000
0 0.154541 0.555339 0.010000 0.010000
0 0.798340 0.555339 0.010000 0.010000
0 0.550049 0.553385 0.010000 0.010000
0 0.641113 0.559245 0.010000 0.014323
0 0.725098 0.562826 0.010000 0.010000
0 0.718994 0.572266 0.010254 0.013021
0 0.581299 0.570312 0.010000 0.010000
0 0.613525 0.572591 0.010000 0.010000
0 0.100000 0.575846 0.010000 0.010000
0 0.900000 0.576823 0.010000 0.010000
0 0.174072 0.581380 0.010000 0.010000
0 0.492920 0.581380 0.010000 0.010000
0 0.502686 0.582031 0.010000 0.010000
0 0.504395 0.582357 0.010000 0.010000
0 0.900000 0.586263 0.010000 0.010000
0 0.900000 0.589518 0.010000 0.010000
0 0.900000 0.597331 0.010000 0.014974
0 0.516113 0.593099 0.010000 0.010000
0 0.876953 0.595052 0.010000 0.010000
0 0.863281 0.598633 0.010000 0.010000
0 0.865967 0.594727 0.010000 0.010000
0 0.646973 0.604492 0.010000 0.010000
0 0.827393 0.601888 0.010000 0.010000
0 0.900000 0.604492 0.010000 0.010000
0 0.412842 0.607096 0.010000 0.010000
0 0.885498 0.606120 0.010000 0.010000
0 0.802002 0.615560 0.015137 0.013672
0 0.900000 0.612630 0.010000 0.010000
0 0.552246 0.611654 0.010000 0.010000
0 0.797363 0.616211 0.010742 0.010000
0 0.900000 0.617188 0.010000 0.011719
0 0.100000 0.615560 0.010000 0.010000
0 0.540771 0.621745 0.010000 0.019531
0 0.546875 0.615885 0.010000 0.010000
0 0.773438 0.614583 0.010000 0.010000
0 0.873535 0.615885 0.010000 0.010000
0 0.409912 0.614583 0.010000 0.010000
0 0.537354 0.621094 0.010000 0.011719
0 0.796875 0.616211 0.010000 0.010000
0 0.868652 0.621094 0.010000 0.010000
0 0.155273 0.624674 0.010000 0.010000
0 0.494141 0.625326 0.010000 0.010000
0 0.664795 0.629232 0.010000 0.012370
0 0.490479 0.624674 0.010000 0.010000
0 0.592529 0.628581 0.010000 0.010000
0 0.900000 0.628581 0.010000 0.010000
0 0.796631 0.628255 0.010000 0.010000
0 0.450195 0.628906 0.010000 0.010000
0 0.573975 0.630859 0.010000 0.010000
0 0.519043 0.631510 0.010000 0.010000
0 0.900000 0.631836 0.010000 0.010000
0 0.525146 0.636068 0.010000 0.010000
0 0.534424 0.633789 0.010000 0.010000
0 0.552490 0.638021 0.010000 0.010417
0 0.900000 0.634115 0.010000 0.010000
0 0.523682 0.637370 0.010000 0.010000
0 0.519043 0.637370 0.010000 0.010000
0 0.537842 0.643880 0.010000 0.010000
0 0.635498 0.642904 0.010000 0.010000
0 0.194824 0.644531 0.010000 0.010000
0 0.199219 0.645182 0.010000 0.010000
0 0.198486 0.646810 0.010000 0.010000
0 0.653809 0.646484 0.010000 0.010000
0 0.197754 0.648112 0.010000 0.010000
0 0.202881 0.660156 0.014160 0.019531
0 0.392822 0.653320 0.010000 0.010000
0 0.556641 0.652669 0.010000 0.010000
0 0.768555 0.653971 0.010000 0.010000
0 0.483887 0.659180 0.010000 0.010000
0 0.402588 0.658854 0.010000 0.010000
0 0.481445 0.660156 0.010000 0.010000
0 0.482422 0.660807 0.010000 0.010000
0 0.484863 0.659831 0.010000 0.010000
0 0.479980 0.662109 0.010000 0.010000
0 0.473389 0.662760 0.010000 0.010000
0 0.508789 0.661458 0.010000 0.010000
0 0.833008 0.664062 0.010000 0.010000
0 0.201904 0.666667 0.010000 0.010000
0 0.180176 0.671224 0.010000 0.011719
0 0.487305 0.666667 0.010742 0.010000
0 0.900000 0.673828 0.010000 0.010000
0 0.832275 0.676758 0.010000 0.010000
0 0.185059 0.679036 0.010000 0.010000
0 0.836914 0.676758 0.010000 0.010000
0 0.188232 0.678711 0.010000 0.010000
0 0.189209 0.677734 0.010000 0.010000
0 0.738037 0.677083 0.010000 0.010000
0 0.752197 0.680990 0.012207 0.010000
0 0.112305 0.688477 0.010000 0.010000
0 0.497314 0.692708 0.010000 0.010000
0 0.100000 0.692383 0.010000 0.010000
0 0.441162 0.704753 0.010000 0.010000
0 0.437500 0.707031 0.010000 0.010000
0 0.562012 0.712240 0.010000 0.010000
0 0.100000 0.712891 0.010000 0.010000
0 0.832275 0.720378 0.010000 0.010000
0 0.100000 0.722982 0.010000 0.010000
0 0.100000 0.726237 0.010000 0.010000
0 0.585693 0.725586 0.010000 0.010000
0 0.671631 0.728190 0.010254 0.010000
0 0.731934 0.728190 0.010000 0.010000
0 0.666748 0.729167 0.010000 0.010000
0 0.100000 0.731120 0.010000 0.010000
0 0.772461 0.735352 0.010000 0.010000
0 0.334717 0.735352 0.010000 0.010000
0 0.685303 0.738932 0.010000 0.010417
0 0.679443 0.739583 0.010000 0.010000
0 0.773926 0.739909 0.010000 0.010000
0 0.174316 0.742839 0.010000 0.010000
0 0.779297 0.741862 0.010000 0.010000
0 0.100000 0.743164 0.010000 0.010000
0 0.100000 0.743490 0.010000 0.010000
0 0.663818 0.744141 0.010000 0.010000
0 0.260498 0.745443 0.010000 0.010000
0 0.100000 0.745443 0.010000 0.010000
0 0.672119 0.757161 0.010000 0.010000
0 0.443359 0.760091 0.010000 0.010000
0 0.100000 0.762044 0.010000 0.010000
0 0.398438 0.762695 0.010000 0.010000
0 0.619385 0.766602 0.010000 0.010000
0 0.300049 0.771810 0.010000 0.010000
0 0.497314 0.784831 0.010000 0.010000
0 0.845215 0.787760 0.010000 0.010000
0 0.661865 0.789062 0.010000 0.010000
0 0.777344 0.789714 0.010000 0.010000
0 0.408691 0.793294 0.010000 0.010000
0 0.854248 0.796875 0.010000 0.010000
0 0.100000 0.797201 0.010000 0.010000
0 0.617432 0.803060 0.010000 0.010000
0 0.900000 0.806966 0.010000 0.010000
0 0.164307 0.809570 0.010000 0.010000
0 0.508545 0.812500 0.010254 0.010000
0 0.165527 0.815104 0.010000 0.010000
0 0.164551 0.817383 0.010000 0.010000
0 0.162354 0.818034 0.010000 0.010000
0 0.567871 0.818359 0.010000 0.010000
0 0.160645 0.819661 0.010000 0.010000
0 0.186523 0.825521 0.010000 0.010000
0 0.420898 0.827148 0.010000 0.010000
0 0.421387 0.827474 0.010000 0.010000
0 0.343262 0.830729 0.010000 0.010000
0 0.900000 0.836914 0.010000 0.010000
0 0.900000 0.839844 0.010000 0.010000
0 0.900000 0.840820 0.010000 0.010000
0 0.100000 0.855469 0.010000 0.010000
0 0.288330 0.865560 0.010000 0.010000
0 0.900000 0.876628 0.010000 0.010000
0 0.264160 0.881510 0.010000 0.010000
0 0.406494 0.894857 0.010000 0.010000
0 0.639893 0.900000 0.010000 0.010000
0 0.333740 0.900000 0.010000 0.010000
0 0.192383 0.900000 0.010000 0.010000
0 0.621582 0.900000 0.010000 0.010000
0 0.900000 0.900000 0.035645 0.018229
0 0.637939 0.900000 0.010000 0.010000
0 0.629883 0.900000 0.010000 0.010000
0 0.109863 0.900000 0.010000 0.010000
0 0.900000 0.900000 0.010000 0.010000
0 0.900000 0.900000 0.010000 0.010000
0 0.900000 0.900000 0.010000 0.010000
0 0.100000 0.900000 0.010000 0.010000
0 0.348145 0.900000 0.010000 0.010000
0 0.347900 0.900000 0.010000 0.010000
0 0.765625 0.900000 0.010000 0.010000
0 0.353760 0.900000 0.010000 0.010000
0 0.769531 0.900000 0.010000 0.010000
0 0.100000 0.900000 0.010000 0.010000
0 0.137451 0.900000 0.010000 0.010000
0 0.148193 0.900000 0.010000 0.010000
0 0.350342 0.900000 0.010000 0.010000
0 0.364990 0.900000 0.010000 0.010000
0 0.100000 0.900000 0.010000 0.010000
0 0.350586 0.900000 0.010000 0.010000
0 0.352051 0.900000 0.010000 0.010000
0 0.879150 0.900000 0.010000 0.010000
0 0.900000 0.900000 0.010000 0.010000
0 0.284668 0.900000 0.010000 0.010000
0 0.675537 0.900000 0.010000 0.010000
0 0.121338 0.900000 0.010000 0.010000
0 0.900000 0.900000 0.010000 0.010000
0 0.339844 0.900000 0.010000 0.010000
0 0.361328 0.900000 0.010000 0.010000
0 0.900000 0.900000 0.010000 0.010000
0 0.150879 0.900000 0.010000 0.010000
0 0.299805 0.900000 0.010000 0.010000
0 0.900000 0.900000 0.010000 0.010000
0 0.100000 0.900000 0.010000 0.010000
0 0.900000 0.900000 0.010000 0.010000
0 0.223877 0.900000 0.010000 0.010000
0 0.124756 0.900000 0.010000 0.010000
0 0.559814 0.900000 0.010000 0.010000
0 0.701172 0.900000 0.010000 0.010000
0 0.705566 0.900000 0.010000 0.010000
0 0.221436 0.900000 0.010000 0.010000
0 0.500732 0.900000 0.012207 0.010000
