1 0.500000 0.500000 0.500000 0.500000
0 0.100000 0.100000 0.010000 0.010000
0 0.164062 0.100000 0.010000 0.010000
0 0.269043 0.100000 0.010000 0.010000
0 0.300537 0.100000 0.010000 0.010000
0 0.356689 0.100000 0.049316 0.020182
0 0.683350 0.100000 0.010000 0.010000
0 0.162842 0.100000 0.011230 0.013021
0 0.271484 0.100000 0.010000 0.010000
0 0.900000 0.100000 0.010254 0.011719
0 0.491943 0.100000 0.010000 0.010000
0 0.794434 0.100000 0.010000 0.010000
0 0.106445 0.100000 0.010000 0.010000
0 0.280518 0.100000 0.010000 0.010000
0 0.283936 0.100000 0.010000 0.010000
0 0.488281 0.100000 0.010000 0.010000
0 0.100000 0.100000 0.010000 0.010000
0 0.138672 0.100000 0.010000 0.010000
0 0.149902 0.100000 0.010000 0.010000
0 0.838135 0.100000 0.010000 0.010000
0 0.874756 0.100000 0.010000 0.010000
0 0.632080 0.100000 0.010000 0.010000
0 0.632080 0.100000 0.010000 0.010000
0 0.613770 0.100000 0.010742 0.016276
0 0.630615 0.100000 0.013184 0.013021
0 0.853027 0.100000 0.010000 0.010000
0 0.619873 0.100000 0.010000 0.010000
0 0.900000 0.100000 0.010000 0.010000
0 0.621094 0.100000 0.010000 0.010000
0 0.838379 0.100000 0.010000 0.010000
0 0.100000 0.100000 0.010000 0.010000
0 0.100000 0.100000 0.010000 0.010000
0 0.611572 0.100000 0.010000 0.010000
0 0.134277 0.100000 0.010000 0.010000
0 0.606689 0.100000 0.010000 0.010000
0 0.900000 0.100000 0.010000 0.010000
0 0.206299 0.108724 0.010000 0.010000
0 0.375000 0.118490 0.010000 0.010000
0 0.821045 0.128255 0.010000 0.010000
0 0.405762 0.137695 0.010000 0.010000
0 0.752197 0.153971 0.010000 0.010000
0 0.900000 0.154297 0.010000 0.010000
0 0.900000 0.161133 0.010000 0.010000
0 0.365234 0.162435 0.010000 0.010000
0 0.235107 0.177409 0.015137 0.013672
0 0.496094 0.178385 0.010000 0.010000
0 0.382812 0.184245 0.010000 0.010417
0 0.467773 0.183919 0.010000 0.010000
0 0.379639 0.187826 0.010000 0.010000
0 0.667725 0.190430 0.010000 0.010000
0 0.865479 0.209310 0.010000 0.010000
0 0.647217 0.209961 0.010000 0.010000
0 0.651367 0.211263 0.010000 0.010000
0 0.636230 0.214844 0.010000 0.010000
0 0.892090 0.222005 0.010000 0.010000
0 0.530029 0.231771 0.010000 0.010000
0 0.527100 0.233724 0.010000 0.010000
0 0.526611 0.235677 0.010000 0.010000
0 0.459961 0.233724 0.010000 0.010000
0 0.275879 0.248047 0.010000 0.010000
0 0.496826 0.252279 0.010000 0.010000
0 0.900000 0.251628 0.010000 0.010000
0 0.370850 0.256510 0.010000 0.010000
0 0.771240 0.273763 0.029785 0.035807
0 0.900000 0.258464 0.010000 0.010000
0 0.618164 0.265299 0.010000 0.010000
0 0.587646 0.268229 0.010000 0.010000
0 0.543945 0.275716 0.010000 0.010000
0 0.100000 0.276693 0.010000 0.010000
0 0.100000 0.282878 0.013672 0.012370
0 0.100000 0.277018 0.010000 0.010000
0 0.546631 0.278971 0.010000 0.010000
0 0.586182 0.277995 0.010000 0.010000
0 0.886230 0.280599 0.010000 0.010000
0 0.893311 0.279622 0.010000 0.010000
0 0.100000 0.280273 0.010000 0.010000
0 0.100000 0.280924 0.010000 0.010000
0 0.219238 0.281250 0.010000 0.010000
0 0.889404 0.280924 0.010000 0.010000
0 0.381104 0.280924 0.010000 0.010000
0 0.342041 0.284831 0.010000 0.010000
0 0.689697 0.286458 0.010000 0.010000
0 0.900000 0.289062 0.010000 0.010000
0 0.440674 0.297852 0.010000 0.010000
0 0.440430 0.298503 0.010000 0.010000
0 0.425293 0.307617 0.010000 0.010000
0 0.885498 0.312500 0.010000 0.010000
0 0.900000 0.321940 0.013184 0.014974
0 0.576416 0.321615 0.010000 0.010000
0 0.610352 0.321940 0.010000 0.010000
0 0.612305 0.324219 0.010000 0.010000
0 0.100000 0.323893 0.010000 0.010000
0 0.665527 0.324544 0.010000 0.010000
0 0.403320 0.333008 0.016602 0.011068
0 0.900000 0.340169 0.010000 0.010000
0 0.564697 0.344076 0.010000 0.010000
0 0.566406 0.346680 0.010000 0.010000
0 0.100000 0.347656 0.010000 0.010000
0 0.573730 0.347982 0.010000 0.010000
0 0.399414 0.356445 0.010000 0.012370
0 0.503174 0.352539 0.010000 0.010000
0 0.461182 0.362630 0.010000 0.010000
0 0.463379 0.362630 0.010000 0.010000
0 0.145752 0.368490 0.010000 0.010000
0 0.454590 0.373047 0.010000 0.010000
0 0.643799 0.376302 0.010000 0.010000
0 0.644043 0.378906 0.010000 0.010000
0 0.685547 0.379557 0.010000 0.010000
0 0.643799 0.387370 0.020020 0.018229
0 0.120850 0.386068 0.010000 0.010000
0 0.141113 0.384766 0.010000 0.010000
0 0.126953 0.388997 0.010000 0.010000
0 0.100000 0.391927 0.010000 0.010000
0 0.263916 0.393555 0.010000 0.010000
0 0.140625 0.396484 0.010000 0.010000
0 0.644775 0.397461 0.010000 0.010000
0 0.264404 0.400716 0.010000 0.010000
0 0.100000 0.397786 0.010000 0.010000
0 0.393555 0.402669 0.010000 0.010000
0 0.390137 0.406901 0.010742 0.010417
0 0.528076 0.402018 0.010000 0.010000
0 0.205566 0.403971 0.010000 0.010000
0 0.100000 0.413737 0.010000 0.010000
0 0.395508 0.421875 0.010000 0.010000
0 0.567627 0.430013 0.010000 0.010000
0 0.427002 0.433594 0.010000 0.010000
0 0.429443 0.433594 0.010000 0.010000
0 0.391846 0.439779 0.010000 0.014974
0 0.527832 0.437174 0.010000 0.010000
0 0.748779 0.441406 0.010000 0.010000
0 0.391357 0.444336 0.010000 0.010000
0 0.900000 0.442057 0.010000 0.010000
0 0.384277 0.444661 0.010000 0.010000
0 0.875977 0.470378 0.024414 0.054036
0 0.867188 0.445964 0.010000 0.010000
0 0.392334 0.445964 0.010000 0.010000
0 0.186035 0.452799 0.010000 0.010000
0 0.108643 0.454753 0.010000 0.010000
0 0.482178 0.461589 0.010000 0.010000
0 0.177246 0.463542 0.010000 0.010000
0 0.178467 0.474935 0.022949 0.018880
0 0.360352 0.479167 0.016602 0.026042
0 0.349854 0.469076 0.010000 0.010000
0 0.352295 0.472656 0.010000 0.010000
0 0.505371 0.468750 0.010000 0.010000
0 0.434814 0.471354 0.010000 0.010000
0 0.175537 0.474609 0.010254 0.010000
0 0.191162 0.480794 0.010000 0.011068
0 0.900000 0.477539 0.010000 0.010000
0 0.749268 0.478841 0.010000 0.010000
0 0.862061 0.481120 0.010000 0.010000
0 0.335938 0.482096 0.010000 0.010000
0 0.183838 0.486003 0.010000 0.010000
0 0.654297 0.486979 0.010000 0.010000
0 0.100000 0.488932 0.010000 0.010000
0 0.100000 0.487956 0.010000 0.010000
0 0.186523 0.488281 0.010000 0.010000
0 0.299561 0.495443 0.018066 0.014323
0 0.304932 0.492513 0.010000 0.010000
0 0.100000 0.500000 0.010000 0.010000
0 0.113525 0.500651 0.010000 0.010000
0 0.100000 0.505859 0.010000 0.010000
0 0.243164 0.509115 0.010000 0.010000
0 0.240479 0.510091 0.010000 0.010000
0 0.107910 0.520508 0.010000 0.010000
0 0.272217 0.517904 0.010000 0.010000
0 0.344482 0.522135 0.010000 0.010000
0 0.100000 0.530924 0.010000 0.016276
0 0.266602 0.524089 0.010000 0.010000
0 0.848877 0.525065 0.010000 0.010000
0 0.528320 0.525716 0.010000 0.010000
0 0.100000 0.528646 0.010000 0.010000
0 0.580811 0.548828 0.010000 0.011719
0 0.705078 0.553711 0.010000 0.010000
0 0.698242 0.555664 0.010000 0.010000
0 0.702637 0.556641 0.010000 0.010000
0 0.590820 0.562826 0.010000 0.010000
0 0.356934 0.563802 0.010000 0.010000
0 0.589600 0.564128 0.010000 0.010000
0 0.637451 0.565104 0.010000 0.010000
0 0.822754 0.571289 0.010000 0.010000
0 0.631592 0.571615 0.010000 0.010000
0 0.887695 0.572591 0.010000 0.010000
0 0.632812 0.573568 0.010000 0.010000
0 0.363281 0.574219 0.010000 0.010000
0 0.569092 0.577148 0.010000 0.010000
0 0.631836 0.579753 0.010000 0.010000
0 0.100000 0.584310 0.010000 0.010000
0 0.769775 0.586914 0.010000 0.010000
0 0.900000 0.593424 0.010000 0.010000
0 0.900000 0.593424 0.010000 0.010000
0 0.573730 0.597331 0.010000 0.010000
0 0.868164 0.596029 0.010000 0.010000
0 0.900000 0.601237 0.010000 0.010000
0 0.623047 0.606120 0.010000 0.010000
0 0.900000 0.608073 0.010000 0.010000
0 0.900000 0.611328 0.010000 0.010000
0 0.504639 0.624023 0.016113 0.026693
0 0.630127 0.616862 0.010000 0.010000
0 0.483154 0.617839 0.010000 0.010000
0 0.900000 0.619466 0.010000 0.010000
0 0.496338 0.623047 0.010000 0.010000
0 0.497314 0.625651 0.010000 0.010000
0 0.488525 0.636719 0.010000 0.010000
0 0.397461 0.641602 0.010000 0.010000
0 0.400146 0.639648 0.010000 0.010000
0 0.483887 0.642578 0.010000 0.010000
0 0.532959 0.643229 0.010000 0.010000
0 0.899902 0.644531 0.010000 0.010000
0 0.114014 0.648438 0.010000 0.010000
0 0.531982 0.649414 0.010000 0.010000
0 0.710449 0.652669 0.010000 0.010000
0 0.789307 0.652018 0.010000 0.010000
0 0.900000 0.681966 0.010000 0.010000
0 0.100000 0.683594 0.010000 0.010000
0 0.850830 0.683919 0.010000 0.010000
0 0.315186 0.688477 0.010000 0.010000
0 0.713379 0.692708 0.010000 0.010000
0 0.100000 0.699870 0.010742 0.011719
0 0.296875 0.704102 0.016602 0.020182
0 0.900000 0.696940 0.010000 0.010000
0 0.900000 0.699544 0.010000 0.010000
0 0.691650 0.702474 0.010000 0.010000
0 0.900000 0.699544 0.010000 0.010000
0 0.271240 0.703125 0.010000 0.010000
0 0.900000 0.701823 0.010000 0.010000
0 0.900000 0.710938 0.010000 0.010000
0 0.776367 0.710612 0.010000 0.010000
0 0.843994 0.711914 0.010000 0.010000
0 0.900000 0.710612 0.010000 0.010000
0 0.454834 0.717448 0.010000 0.010000
0 0.459717 0.718750 0.010000 0.010000
0 0.900000 0.716471 0.010000 0.010000
0 0.456787 0.719076 0.010000 0.010000
0 0.462402 0.720703 0.010000 0.010000
0 0.900000 0.718750 0.010000 0.010000
0 0.532227 0.725911 0.010000 0.010000
0 0.446533 0.727539 0.010000 0.010000
0 0.452393 0.733724 0.010000 0.010000
0 0.875244 0.737630 0.010000 0.010000
0 0.315918 0.743815 0.010000 0.010000
0 0.516113 0.743164 0.010000 0.010000
0 0.364990 0.746745 0.010000 0.010000
0 0.872070 0.745768 0.010000 0.010000
0 0.368652 0.746745 0.010000 0.010000
0 0.107178 0.754232 0.010000 0.014974
0 0.900000 0.750651 0.010000 0.010000
0 0.358398 0.753255 0.010000 0.010000
0 0.518066 0.757487 0.010000 0.010000
0 0.533691 0.763672 0.010000 0.010000
0 0.675781 0.763997 0.010000 0.010000
0 0.130859 0.762695 0.010000 0.010000
0 0.534668 0.764974 0.010000 0.010000
0 0.883545 0.763997 0.010000 0.010000
0 0.204590 0.770508 0.010000 0.010000
0 0.202881 0.774089 0.010000 0.010000
0 0.339355 0.773438 0.010000 0.010000
0 0.272705 0.775716 0.010000 0.010000
0 0.168945 0.779297 0.010000 0.010000
0 0.128174 0.800456 0.012207 0.024089
0 0.383545 0.789388 0.010000 0.010000
0 0.393799 0.795573 0.010000 0.010000
0 0.900000 0.795898 0.010000 0.010000
0 0.632080 0.798503 0.010000 0.010000
0 0.757568 0.800130 0.010000 0.010000
0 0.111084 0.803060 0.010000 0.010000
0 0.100000 0.805013 0.010000 0.010000
0 0.112305 0.805664 0.010000 0.010000
0 0.900000 0.805990 0.010000 0.010000
0 0.900000 0.808268 0.010000 0.010000
0 0.129150 0.813802 0.010000 0.010000
0 0.767822 0.824870 0.010000 0.010000
0 0.791016 0.836914 0.011719 0.010000
0 0.563721 0.837240 0.010000 0.010000
0 0.900000 0.851888 0.010000 0.010000
0 0.393311 0.875651 0.010000 0.010000
0 0.900000 0.875000 0.010000 0.010000
0 0.410156 0.878255 0.010000 0.010000
0 0.853760 0.884766 0.011230 0.014323
0 0.840332 0.881510 0.010000 0.010000
0 0.599854 0.883789 0.010000 0.010000
0 0.576416 0.884115 0.010000 0.010000
0 0.721436 0.888997 0.010000 0.010000
0 0.746094 0.900000 0.010000 0.010000
0 0.745361 0.900000 0.010000 0.010000
0 0.695557 0.900000 0.010000 0.010000
0 0.427979 0.900000 0.010000 0.010000
0 0.712402 0.900000 0.010000 0.010417
0 0.582520 0.900000 0.010000 0.010000
0 0.567139 0.900000 0.010000 0.014974
0 0.365234 0.900000 0.010000 0.010000
0 0.567139 0.900000 0.010000 0.010000
0 0.900000 0.900000 0.010000 0.010000
0 0.900000 0.900000 0.010000 0.010000
0 0.614990 0.900000 0.010000 0.010000
0 0.676025 0.900000 0.010000 0.010000
