1 0.500000 0.500000 0.500000 0.500000
0 0.100000 0.100000 0.010000 0.010000
0 0.100000 0.100000 0.010000 0.010000
0 0.273438 0.100000 0.010000 0.010000
0 0.339111 0.100000 0.016113 0.016276
0 0.415771 0.100000 0.010000 0.010000
0 0.100000 0.100000 0.010000 0.011068
0 0.900000 0.100000 0.010000 0.010000
0 0.156250 0.100000 0.010000 0.010000
0 0.245117 0.100000 0.010000 0.010000
0 0.601807 0.100000 0.010000 0.010000
0 0.437256 0.100000 0.010000 0.010000
0 0.659424 0.100000 0.010000 0.010000
0 0.277832 0.100000 0.010000 0.010000
0 0.168701 0.100000 0.010000 0.010000
0 0.245361 0.100000 0.010000 0.010000
0 0.250244 0.100000 0.010000 0.010000
0 0.900000 0.100000 0.010000 0.010000
0 0.613281 0.100000 0.010000 0.010000
0 0.833496 0.100000 0.010000 0.010000
0 0.169434 0.100000 0.010000 0.010000
0 0.547363 0.100000 0.010000 0.010000
0 0.607666 0.100000 0.010000 0.010000
0 0.475586 0.102539 0.010000 0.010000
0 0.313232 0.106771 0.010000 0.010000
0 0.530762 0.108398 0.010000 0.010000
0 0.900000 0.108398 0.010000 0.010000
0 0.853516 0.110677 0.010000 0.010000
0 0.577393 0.111979 0.010000 0.010000
0 0.100000 0.117839 0.010000 0.010000
0 0.215576 0.118490 0.010000 0.010000
0 0.471191 0.131836 0.010000 0.010000
0 0.100000 0.136719 0.010000 0.010000
0 0.879395 0.143555 0.010000 0.010000
0 0.546631 0.148438 0.010000 0.010000
0 0.601807 0.151042 0.010000 0.010000
0 0.489746 0.150716 0.010000 0.010000
0 0.825439 0.155273 0.010000 0.010000
0 0.345459 0.155924 0.010000 0.010000
0 0.640381 0.178060 0.010000 0.010000
0 0.181641 0.180339 0.010000 0.010000
0 0.345703 0.179688 0.010000 0.010000
0 0.407959 0.185872 0.010000 0.010000
0 0.315918 0.186849 0.010000 0.010000
0 0.203857 0.191732 0.010000 0.010000
0 0.100000 0.199544 0.010000 0.010000
0 0.875244 0.199544 0.010000 0.010000
0 0.100000 0.208984 0.010000 0.010000
0 0.437256 0.211263 0.010000 0.010000
0 0.470703 0.216797 0.010000 0.010000
0 0.792725 0.223633 0.010000 0.010000
0 0.883301 0.224609 0.010000 0.010000
0 0.175049 0.233398 0.010000 0.010000
0 0.535889 0.233073 0.010000 0.010000
0 0.660645 0.239583 0.010000 0.010000
0 0.374268 0.243164 0.010000 0.010000
0 0.543457 0.250651 0.010000 0.010000
0 0.611816 0.254557 0.010000 0.010000
0 0.547119 0.255208 0.010000 0.010000
0 0.681396 0.271810 0.012207 0.025391
0 0.691406 0.271159 0.010000 0.010000
0 0.692871 0.270182 0.010000 0.010000
0 0.347412 0.269206 0.010000 0.010000
0 0.100000 0.269857 0.010000 0.010000
0 0.100000 0.273112 0.010000 0.010000
0 0.766846 0.274414 0.010000 0.010000
0 0.577637 0.274740 0.010000 0.010000
0 0.100000 0.277018 0.010000 0.010000
0 0.671143 0.279948 0.010000 0.010000
0 0.580322 0.283854 0.010000 0.015625
0 0.272949 0.293294 0.010742 0.017578
0 0.253906 0.288086 0.010000 0.010000
0 0.336914 0.288086 0.010000 0.010000
0 0.556396 0.289388 0.010000 0.010000
0 0.252686 0.291992 0.010000 0.010000
0 0.575928 0.295573 0.010000 0.010000
0 0.573730 0.297201 0.010000 0.010000
0 0.248779 0.298503 0.010000 0.010000
0 0.574219 0.299805 0.010000 0.010000
0 0.277344 0.300781 0.010000 0.010000
0 0.276611 0.304036 0.010000 0.010000
0 0.533691 0.306315 0.010000 0.010000
0 0.900000 0.306315 0.010000 0.010000
0 0.900000 0.315430 0.010000 0.010000
0 0.496582 0.316406 0.010000 0.010000
0 0.432617 0.326497 0.010000 0.010000
0 0.429932 0.329102 0.010000 0.010000
0 0.464844 0.333984 0.010000 0.010000
0 0.474365 0.347331 0.010000 0.010000
0 0.477295 0.348307 0.010000 0.010000
0 0.782715 0.350260 0.010000 0.010000
0 0.785889 0.347656 0.010000 0.010000
0 0.475098 0.352865 0.010000 0.010000
0 0.720215 0.354818 0.010000 0.010000
0 0.100000 0.365560 0.015137 0.010000
0 0.234863 0.363932 0.010000 0.010000
0 0.237305 0.362956 0.010000 0.010000
0 0.100000 0.364583 0.010000 0.010000
0 0.100000 0.389648 0.056641 0.052734
0 0.229736 0.366211 0.010000 0.010000
0 0.900000 0.379232 0.010000 0.010000
0 0.125000 0.387695 0.010000 0.010000
0 0.900000 0.392253 0.010000 0.010000
0 0.100000 0.394531 0.010000 0.010000
0 0.733887 0.396159 0.010000 0.010000
0 0.334717 0.398763 0.010000 0.010000
0 0.100000 0.399089 0.010000 0.010000
0 0.900000 0.408203 0.010000 0.010000
0 0.900000 0.412435 0.010000 0.010000
0 0.343506 0.415690 0.010000 0.010000
0 0.470459 0.435221 0.010000 0.010000
0 0.900000 0.436523 0.010000 0.010000
0 0.100000 0.440104 0.010000 0.010000
0 0.333008 0.442057 0.010000 0.010000
0 0.258057 0.449544 0.010000 0.010000
0 0.630615 0.452474 0.010000 0.010000
0 0.900000 0.451823 0.010000 0.010000
0 0.494629 0.456055 0.010000 0.010000
0 0.151611 0.461589 0.010000 0.010000
0 0.900000 0.463867 0.010000 0.010000
0 0.100000 0.464518 0.010000 0.010000
0 0.151367 0.464844 0.010000 0.010000
0 0.447754 0.471680 0.010000 0.011068
0 0.408691 0.474609 0.010000 0.010000
0 0.100000 0.474609 0.010000 0.010000
0 0.298828 0.477539 0.010000 0.010000
0 0.478760 0.476237 0.010000 0.010000
0 0.299805 0.478190 0.010000 0.010000
0 0.900000 0.478190 0.010000 0.010000
0 0.100000 0.486979 0.010000 0.010000
0 0.298340 0.487305 0.010000 0.010000
0 0.142578 0.489909 0.010000 0.010000
0 0.552246 0.492839 0.010000 0.010000
0 0.360352 0.492188 0.010000 0.010000
0 0.465088 0.497721 0.010000 0.016276
0 0.465332 0.498047 0.010000 0.010000
0 0.100000 0.502279 0.010000 0.010000
0 0.171143 0.508789 0.010000 0.010000
0 0.900000 0.511719 0.010000 0.010000
0 0.100000 0.519206 0.010000 0.010000
0 0.508545 0.533203 0.010000 0.010000
0 0.851318 0.540690 0.010000 0.010000
0 0.336182 0.545898 0.010000 0.010000
0 0.280762 0.545573 0.010000 0.010000
0 0.838623 0.544596 0.010000 0.010000
0 0.549561 0.547201 0.010000 0.010000
0 0.137451 0.557617 0.018066 0.022786
0 0.135010 0.547201 0.010000 0.010000
0 0.178955 0.548177 0.010000 0.010000
0 0.538818 0.549479 0.010000 0.010000
0 0.178711 0.551758 0.010000 0.010000
0 0.242188 0.552734 0.010000 0.010000
0 0.489258 0.553060 0.010000 0.010000
0 0.481445 0.554688 0.010000 0.010000
0 0.391846 0.555013 0.010000 0.010000
0 0.415283 0.562826 0.010000 0.010000
0 0.137695 0.567383 0.010000 0.010000
0 0.499023 0.574544 0.010000 0.010000
0 0.589844 0.574219 0.010000 0.010000
0 0.882080 0.574219 0.010000 0.010000
0 0.587891 0.580404 0.010000 0.010000
0 0.728027 0.580729 0.010000 0.010000
0 0.729248 0.583659 0.010000 0.010000
0 0.842773 0.582682 0.010000 0.010000
0 0.323486 0.585286 0.010000 0.010000
0 0.736572 0.586589 0.010000 0.010000
0 0.100000 0.590495 0.010000 0.010000
0 0.100000 0.596680 0.010000 0.010000
0 0.900000 0.603841 0.010000 0.010000
0 0.275879 0.613281 0.010000 0.010000
0 0.100000 0.625326 0.010000 0.010000
0 0.353271 0.625977 0.010000 0.010000
0 0.632812 0.628255 0.010000 0.010000
0 0.202881 0.629557 0.010000 0.010000
0 0.214600 0.632812 0.010000 0.010000
0 0.324219 0.629883 0.010000 0.010000
0 0.795410 0.632487 0.010000 0.010000
0 0.797607 0.634115 0.010000 0.010000
0 0.349609 0.632812 0.010000 0.010000
0 0.137451 0.634440 0.010000 0.010000
0 0.798096 0.637044 0.010000 0.010000
0 0.770752 0.635091 0.010000 0.010000
0 0.844971 0.638021 0.010000 0.010000
0 0.140381 0.641927 0.010000 0.010000
0 0.290771 0.645182 0.010000 0.010000
0 0.371338 0.644531 0.010000 0.010000
0 0.561035 0.653646 0.010000 0.010000
0 0.777344 0.655273 0.010000 0.010000
0 0.857666 0.656576 0.010000 0.010000
0 0.100000 0.657227 0.010000 0.010000
0 0.856445 0.662760 0.010000 0.010000
0 0.662109 0.669271 0.010000 0.010000
0 0.456299 0.669922 0.010000 0.010000
0 0.361572 0.675130 0.010000 0.010000
0 0.341797 0.674805 0.010000 0.010000
0 0.361572 0.675456 0.010000 0.010000
0 0.737305 0.678711 0.010000 0.010000
0 0.732666 0.682943 0.010000 0.010000
0 0.157959 0.683268 0.010000 0.010000
0 0.729980 0.684570 0.010000 0.010000
0 0.100000 0.684896 0.010000 0.010000
0 0.100000 0.689453 0.010000 0.010000
0 0.288330 0.692383 0.010000 0.010000
0 0.900000 0.693685 0.010000 0.010000
0 0.711426 0.696289 0.010000 0.010000
0 0.503174 0.696615 0.010000 0.010000
0 0.709473 0.696615 0.010000 0.010000
0 0.900000 0.698893 0.010000 0.010000
0 0.357910 0.697591 0.010000 0.010000
0 0.769775 0.699870 0.010000 0.010000
0 0.427734 0.703125 0.010000 0.010000
0 0.311035 0.706380 0.010000 0.010000
0 0.618164 0.728516 0.017578 0.023438
0 0.625488 0.721680 0.010000 0.010000
0 0.100000 0.723633 0.010000 0.010000
0 0.656738 0.727865 0.010000 0.010000
0 0.612061 0.736654 0.010000 0.010000
0 0.100000 0.739909 0.010000 0.010000
0 0.115723 0.740234 0.010000 0.010000
0 0.900000 0.741536 0.010000 0.010000
0 0.603027 0.750651 0.010000 0.010000
0 0.100000 0.756836 0.010000 0.010000
0 0.681641 0.767904 0.010000 0.010000
0 0.686035 0.768555 0.010000 0.010000
0 0.236572 0.765951 0.010000 0.010000
0 0.646973 0.765625 0.010000 0.010000
0 0.786377 0.769206 0.010000 0.010000
0 0.900000 0.777669 0.020020 0.020182
0 0.630127 0.772461 0.010000 0.010000
0 0.900000 0.771810 0.010000 0.010000
0 0.880127 0.777669 0.010000 0.010000
0 0.900000 0.774089 0.010000 0.010000
0 0.876465 0.775391 0.010000 0.010000
0 0.417725 0.785807 0.010000 0.010000
0 0.173584 0.784831 0.010000 0.010000
0 0.675293 0.789388 0.010000 0.010000
0 0.150635 0.792318 0.010000 0.010000
0 0.610840 0.800456 0.021484 0.017578
0 0.100000 0.794271 0.010000 0.010000
0 0.224854 0.805013 0.010000 0.010000
0 0.443359 0.804688 0.010000 0.010000
0 0.900000 0.807617 0.010000 0.010000
0 0.433838 0.811198 0.010000 0.010000
0 0.100000 0.815430 0.010000 0.010000
0 0.100000 0.814128 0.010000 0.010000
0 0.100000 0.818034 0.010000 0.010000
0 0.155273 0.821615 0.010000 0.010000
0 0.539795 0.849935 0.031738 0.037109
0 0.100000 0.843099 0.010742 0.018229
0 0.112305 0.837565 0.010000 0.010000
0 0.100000 0.839193 0.010000 0.010000
0 0.393555 0.841471 0.010000 0.010000
0 0.102295 0.852214 0.010000 0.010000
0 0.549805 0.870443 0.033203 0.032552
0 0.806885 0.859701 0.010000 0.010000
0 0.155029 0.860352 0.010000 0.010000
0 0.355469 0.863281 0.010000 0.010000
0 0.100000 0.870117 0.010000 0.010000
0 0.149170 0.867188 0.010000 0.010000
0 0.283203 0.870768 0.010000 0.010000
0 0.100000 0.876302 0.010000 0.010000
0 0.376709 0.875326 0.010000 0.010000
0 0.292725 0.878255 0.010000 0.010000
0 0.157471 0.885417 0.010000 0.010000
0 0.282471 0.885742 0.010000 0.010000
0 0.407959 0.885091 0.010000 0.010000
0 0.100000 0.889974 0.010000 0.010000
0 0.151367 0.892253 0.010000 0.010000
0 0.900000 0.892904 0.010000 0.010000
0 0.379150 0.900000 0.010000 0.010000
0 0.333252 0.900000 0.010000 0.010000
0 0.117432 0.900000 0.010000 0.010000
0 0.342773 0.900000 0.010000 0.010000
0 0.871094 0.900000 0.010000 0.010000
0 0.431152 0.900000 0.010000 0.010000
0 0.611084 0.900000 0.010000 0.010000
0 0.593750 0.900000 0.010000 0.010000
0 0.315430 0.900000 0.010000 0.010000
0 0.900000 0.900000 0.010000 0.010000
0 0.770020 0.900000 0.010000 0.010000
0 0.175537 0.900000 0.071777 0.042318
0 0.397461 0.900000 0.010000 0.010000
0 0.900000 0.900000 0.019043 0.021484
0 0.117432 0.900000 0.010000 0.010000
0 0.310791 0.900000 0.010000 0.010000
0 0.198242 0.900000 0.010000 0.010000
0 0.441650 0.900000 0.010000 0.010000
0 0.593994 0.900000 0.010000 0.010000
0 0.900000 0.900000 0.010000 0.010000
0 0.900000 0.900000 0.010000 0.010000
0 0.553223 0.900000 0.010000 0.010000
0 0.647949 0.900000 0.010000 0.010000
