0 0.100000 0.100000 0.016113 0.022135
0 0.100000 0.100000 0.036621 0.018880
0 0.100000 0.100000 0.010000 0.010000
0 0.100000 0.100000 0.010000 0.010000
0 0.100000 0.100000 0.068848 0.037760
0 0.120117 0.100000 0.010000 0.010000
0 0.147705 0.100000 0.042480 0.018880
0 0.272461 0.100000 0.091797 0.046875
0 0.313477 0.100000 0.010000 0.010000
0 0.330078 0.100000 0.010000 0.010000
0 0.351807 0.100000 0.062012 0.041016
0 0.396973 0.100000 0.027344 0.010000
0 0.427734 0.100000 0.010000 0.010000
0 0.450684 0.100000 0.025391 0.044922
0 0.469971 0.100000 0.010000 0.010000
0 0.510498 0.100000 0.010000 0.010000
1 0.474609 0.116211 0.358398 0.231120
0 0.672119 0.100000 0.049316 0.052083
0 0.702637 0.100000 0.037109 0.061198
0 0.731201 0.100000 0.029785 0.050781
0 0.795654 0.100000 0.084473 0.115885
0 0.813232 0.100000 0.010000 0.010000
0 0.862793 0.100000 0.010000 0.010000
1 0.900000 0.115560 0.178223 0.229818
0 0.900000 0.100000 0.010000 0.010000
0 0.900000 0.100000 0.010000 0.010000
0 0.312744 0.100000 0.010000 0.010000
0 0.508789 0.100000 0.010000 0.010000
0 0.177002 0.100000 0.010000 0.010000
0 0.170898 0.100000 0.218750 0.126953
0 0.815674 0.100000 0.010000 0.010000
0 0.168701 0.100000 0.010000 0.010000
0 0.100000 0.100000 0.010000 0.010000
0 0.100000 0.100000 0.010000 0.010000
0 0.900000 0.100000 0.010000 0.010000
0 0.900000 0.100000 0.014648 0.018880
0 0.323242 0.100000 0.010000 0.010417
0 0.431885 0.100000 0.010000 0.010000
0 0.119629 0.100000 0.010000 0.010000
0 0.428955 0.100000 0.010000 0.010000
0 0.435791 0.100000 0.010000 0.010000
0 0.685059 0.100000 0.014648 0.023438
0 0.900000 0.100000 0.010000 0.012370
0 0.425049 0.100000 0.010000 0.010000
0 0.426514 0.100000 0.010000 0.010000
0 0.594971 0.100000 0.010000 0.010000
0 0.807617 0.100000 0.036133 0.045573
0 0.100000 0.100000 0.010000 0.011068
0 0.100000 0.100000 0.010000 0.010000
0 0.383301 0.100000 0.010000 0.010000
0 0.353027 0.100000 0.162109 0.098307
0 0.423340 0.100000 0.010000 0.010000
0 0.437744 0.100000 0.010000 0.010000
0 0.377197 0.100000 0.010254 0.012370
0 0.513184 0.100000 0.010000 0.010000
0 0.900000 0.100000 0.010000 0.010000
0 0.900000 0.100000 0.010000 0.010000
0 0.516113 0.100000 0.010000 0.010000
0 0.585205 0.100000 0.037598 0.047526
0 0.900000 0.100000 0.010000 0.010000
0 0.381104 0.100000 0.010000 0.010000
0 0.141357 0.100000 0.010000 0.010000
0 0.100000 0.100000 0.010000 0.010000
0 0.643066 0.100000 0.010000 0.010000
0 0.100000 0.100000 0.010000 0.010000
0 0.140869 0.100000 0.010000 0.010000
0 0.635986 0.100000 0.010000 0.010000
0 0.885010 0.100000 0.010000 0.010000
0 0.346191 0.100000 0.037109 0.040365
0 0.433350 0.100000 0.010000 0.010000
0 0.100000 0.100000 0.010000 0.010000
0 0.100000 0.100000 0.010000 0.010000
0 0.300293 0.100000 0.059570 0.038411
0 0.125488 0.100000 0.010000 0.010000
0 0.610352 0.100000 0.010000 0.010000
0 0.757080 0.100000 0.010000 0.010000
0 0.125732 0.100000 0.010000 0.010000
0 0.746338 0.100000 0.010000 0.010000
0 0.100000 0.100000 0.010000 0.010417
0 0.117920 0.100000 0.017090 0.011068
0 0.100000 0.100000 0.019531 0.013672
0 0.435059 0.100000 0.010000 0.013021
0 0.100000 0.100000 0.053711 0.029948
0 0.245361 0.100000 0.010000 0.010000
0 0.264404 0.100000 0.010000 0.010000
0 0.790771 0.100000 0.010000 0.010000
0 0.824951 0.100000 0.010000 0.010000
0 0.826660 0.100000 0.010000 0.010000
0 0.263184 0.100000 0.010000 0.010000
0 0.438965 0.100000 0.010000 0.010000
0 0.441406 0.100000 0.010000 0.010000
0 0.444092 0.100000 0.010000 0.010000
0 0.100000 0.100000 0.010000 0.010000
0 0.677002 0.100000 0.010000 0.010000
0 0.446533 0.100000 0.010000 0.010000
0 0.164062 0.100000 0.010000 0.010000
0 0.816406 0.100000 0.010000 0.010000
0 0.646729 0.100000 0.010000 0.010000
0 0.666016 0.100000 0.024414 0.024089
0 0.494629 0.100000 0.010000 0.010000
0 0.691650 0.100000 0.010000 0.010000
0 0.491455 0.100000 0.010000 0.010000
0 0.497803 0.100000 0.010000 0.010000
0 0.735107 0.106771 0.055176 0.083333
0 0.750000 0.100000 0.010000 0.013672
0 0.100000 0.100000 0.010000 0.010000
0 0.372803 0.100000 0.010000 0.010000
0 0.443115 0.100000 0.010000 0.010000
0 0.100000 0.100000 0.010000 0.010000
0 0.374756 0.100000 0.010000 0.010000
0 0.442383 0.100000 0.010000 0.010000
0 0.681885 0.108398 0.049316 0.078776
0 0.427734 0.100000 0.010000 0.010000
0 0.594482 0.100000 0.010000 0.010000
0 0.174805 0.100000 0.010000 0.010000
0 0.230713 0.100000 0.010000 0.010000
0 0.336914 0.100000 0.010000 0.010000
0 0.576904 0.100000 0.010000 0.010000
0 0.100000 0.111328 0.019043 0.072917
0 0.648438 0.100000 0.023438 0.046224
0 0.854004 0.100000 0.028320 0.042318
0 0.635498 0.100000 0.010000 0.010000
0 0.505371 0.100000 0.010000 0.010000
0 0.100000 0.100000 0.029785 0.018880
0 0.886719 0.100000 0.010000 0.010000
0 0.100000 0.100000 0.035156 0.018229
0 0.118164 0.100000 0.010000 0.010000
0 0.122803 0.100000 0.010000 0.010000
0 0.273926 0.100000 0.010000 0.010000
0 0.343750 0.100000 0.010000 0.010000
0 0.486084 0.102865 0.010000 0.014323
0 0.100000 0.100000 0.010000 0.010000
0 0.273193 0.100000 0.010000 0.010000
0 0.832031 0.100000 0.010000 0.010000
0 0.100000 0.100000 0.010000 0.010000
0 0.332764 0.103190 0.011230 0.011068
0 0.451904 0.100000 0.010000 0.010000
0 0.114502 0.109049 0.011230 0.020182
0 0.270996 0.101237 0.010000 0.010000
0 0.247559 0.101562 0.010000 0.010000
0 0.240723 0.107096 0.019531 0.011068
0 0.318848 0.107747 0.010000 0.011068
1 0.203125 0.328451 0.405273 0.449870
0 0.100000 0.104492 0.010000 0.010000
0 0.145020 0.141276 0.085938 0.075521
0 0.157715 0.105469 0.010000 0.010000
0 0.865967 0.106120 0.010000 0.010000
0 0.100000 0.105794 0.010000 0.010000
0 0.312988 0.107747 0.010000 0.010000
0 0.100000 0.113932 0.011719 0.016927
0 0.236816 0.106771 0.010000 0.010000
0 0.325439 0.109049 0.010000 0.010000
0 0.100000 0.108398 0.010000 0.010000
0 0.323486 0.109701 0.010000 0.010000
0 0.100000 0.110352 0.010000 0.010000
0 0.204834 0.110677 0.010000 0.010000
0 0.800049 0.132487 0.035645 0.044922
0 0.127197 0.117513 0.010000 0.010000
0 0.234375 0.113932 0.010000 0.010000
0 0.295654 0.114909 0.010000 0.010000
0 0.791992 0.113932 0.010000 0.010000
0 0.827881 0.120443 0.010000 0.016927
0 0.300049 0.114909 0.010000 0.010000
0 0.824219 0.114583 0.010000 0.010000
0 0.128418 0.120443 0.010000 0.011719
0 0.337891 0.117513 0.010000 0.010000
0 0.116455 0.122721 0.010000 0.012370
0 0.128906 0.118490 0.010000 0.010000
0 0.853516 0.117839 0.010000 0.010000
0 0.100000 0.118164 0.010000 0.010000
0 0.719482 0.118490 0.010000 0.010000
0 0.493652 0.123698 0.010000 0.010417
0 0.680176 0.177734 0.140625 0.118490
0 0.100000 0.120768 0.010000 0.010000
0 0.170898 0.120768 0.010000 0.010000
0 0.863037 0.121745 0.010000 0.010000
0 0.106201 0.122721 0.010000 0.010000
0 0.900000 0.142904 0.018066 0.042318
0 0.100000 0.127279 0.011230 0.010000
0 0.104248 0.128581 0.010000 0.012370
0 0.340576 0.125977 0.010000 0.010000
0 0.444336 0.127279 0.010000 0.010000
0 0.545410 0.124674 0.010000 0.010000
0 0.636719 0.126302 0.010000 0.010000
0 0.767334 0.125651 0.010000 0.010000
0 0.107178 0.130859 0.010000 0.010417
0 0.762695 0.132812 0.010000 0.015625
0 0.284180 0.129883 0.010000 0.010000
0 0.340820 0.128581 0.010000 0.010000
0 0.421875 0.139323 0.025391 0.024740
0 0.166016 0.130534 0.010000 0.010000
0 0.341064 0.131185 0.010000 0.010000
0 0.100000 0.132487 0.010000 0.010000
0 0.100000 0.144206 0.015137 0.026693
0 0.268066 0.134440 0.010742 0.010000
0 0.361084 0.134115 0.010000 0.010000
0 0.166260 0.137695 0.010000 0.010000
0 0.498291 0.140951 0.010000 0.013672
1 0.410400 0.282878 0.282715 0.297526
0 0.104248 0.137370 0.010000 0.010000
0 0.258789 0.136719 0.010000 0.010000
0 0.818604 0.138346 0.010000 0.010000
0 0.104248 0.140625 0.010000 0.010000
0 0.834717 0.151367 0.019043 0.024089
0 0.900000 0.148763 0.014160 0.017578
0 0.331055 0.143880 0.010000 0.010000
0 0.816650 0.149740 0.010000 0.011719
0 0.167969 0.147461 0.010000 0.010000
0 0.382324 0.147461 0.010000 0.010000
0 0.765137 0.148112 0.010000 0.010000
0 0.843018 0.149740 0.010000 0.010000
0 0.381836 0.150391 0.010000 0.010000
0 0.502197 0.149740 0.010000 0.010000
0 0.760010 0.166016 0.030762 0.033854
0 0.833984 0.196940 0.117188 0.095703
0 0.375000 0.152344 0.010000 0.010000
0 0.775879 0.152018 0.010000 0.010000
0 0.100000 0.152669 0.010000 0.010000
0 0.184814 0.154297 0.010000 0.010000
0 0.787109 0.152995 0.010000 0.010000
0 0.320801 0.157552 0.014648 0.010000
0 0.159424 0.155599 0.010000 0.010000
0 0.220703 0.156576 0.010000 0.010000
0 0.507812 0.156250 0.010000 0.010000
0 0.642822 0.157552 0.010000 0.010000
0 0.100000 0.160482 0.010000 0.010000
0 0.100000 0.159180 0.010000 0.010000
0 0.326172 0.159180 0.010000 0.010000
0 0.329834 0.161784 0.010000 0.010000
0 0.343994 0.167318 0.051270 0.015625
0 0.900000 0.168945 0.010000 0.016276
0 0.100000 0.162435 0.010000 0.010000
0 0.452881 0.169271 0.019043 0.014323
0 0.100000 0.165039 0.010000 0.010000
0 0.194580 0.169596 0.010000 0.011068
0 0.307129 0.171549 0.018555 0.013672
0 0.448975 0.165690 0.010000 0.010000
0 0.826660 0.166341 0.010000 0.010000
0 0.100000 0.168620 0.010000 0.010000
0 0.639893 0.171224 0.010000 0.010000
0 0.155273 0.170898 0.010000 0.010000
0 0.842529 0.172201 0.010000 0.010000
0 0.317139 0.174479 0.010000 0.010000
0 0.617432 0.175456 0.010000 0.010000
0 0.322754 0.175456 0.010742 0.010000
0 0.555664 0.184570 0.033203 0.025391
0 0.617920 0.173177 0.010000 0.010000
0 0.100000 0.182292 0.013184 0.018229
0 0.100000 0.187174 0.018066 0.020182
0 0.100342 0.180990 0.010000 0.010000
0 0.212891 0.180339 0.010000 0.010000
0 0.301270 0.178060 0.010000 0.010000
0 0.205811 0.209961 0.075684 0.063151
0 0.466309 0.199870 0.017578 0.041667
0 0.539795 0.181315 0.010000 0.010000
0 0.445801 0.192057 0.019531 0.015625
0 0.187744 0.187174 0.010000 0.010000
0 0.583984 0.197917 0.013672 0.024740
0 0.590576 0.186523 0.010000 0.010000
0 0.629639 0.189779 0.010000 0.010000
0 0.791504 0.188802 0.010000 0.010000
0 0.336426 0.188802 0.010000 0.010000
0 0.781250 0.228516 0.062500 0.080729
0 0.900000 0.190104 0.010000 0.010000
0 0.100000 0.191732 0.010000 0.010000
0 0.679688 0.191081 0.010000 0.010000
0 0.313232 0.198893 0.023926 0.014974
0 0.900000 0.195638 0.010000 0.010000
0 0.100000 0.197917 0.012695 0.010417
0 0.100000 0.195638 0.010000 0.010000
0 0.900000 0.203125 0.010000 0.016927
0 0.230469 0.203451 0.010000 0.010000
0 0.190186 0.204427 0.010000 0.010417
0 0.216309 0.209961 0.023438 0.018880
0 0.530273 0.204102 0.010000 0.010000
0 0.612549 0.281250 0.201660 0.154948
0 0.765137 0.204102 0.010000 0.010000
0 0.900000 0.207357 0.010000 0.010000
0 0.545410 0.219401 0.031250 0.022135
0 0.289551 0.211263 0.010000 0.010000
0 0.900000 0.217122 0.010000 0.011068
0 0.900000 0.212565 0.010000 0.010000
0 0.900000 0.218099 0.010000 0.010000
0 0.199951 0.217773 0.010000 0.010000
0 0.900000 0.218099 0.010000 0.010000
0 0.900000 0.224284 0.017090 0.012370
0 0.156982 0.228190 0.013184 0.014974
0 0.568604 0.233724 0.028809 0.023438
0 0.141602 0.231120 0.010000 0.010000
0 0.632812 0.228841 0.010000 0.010000
0 0.900000 0.264648 0.097168 0.074870
0 0.900000 0.228516 0.010000 0.010000
0 0.685303 0.231771 0.010000 0.010000
0 0.682129 0.233073 0.010000 0.010000
0 0.684570 0.233724 0.010000 0.010000
0 0.138672 0.239583 0.010000 0.013021
0 0.641113 0.235026 0.010000 0.010000
0 0.711670 0.244466 0.010254 0.021484
0 0.841797 0.235352 0.010000 0.010000
0 0.648438 0.236003 0.010000 0.010000
0 0.650146 0.240885 0.010000 0.011719
0 0.677002 0.258138 0.042480 0.047526
0 0.824707 0.248698 0.040039 0.027344
0 0.900000 0.258138 0.042480 0.044922
0 0.440430 0.241211 0.010000 0.010000
0 0.646973 0.243164 0.010000 0.010000
0 0.695557 0.242513 0.010000 0.010000
0 0.698975 0.242513 0.010000 0.010000
0 0.138428 0.244141 0.010000 0.010000
0 0.320557 0.244792 0.010000 0.010000
0 0.294678 0.245443 0.010000 0.010000
0 0.325928 0.245768 0.010000 0.010000
0 0.148682 0.250000 0.010000 0.010000
0 0.653076 0.249023 0.010000 0.010000
0 0.394043 0.253581 0.010000 0.010000
0 0.651855 0.256836 0.010742 0.013672
0 0.657471 0.253255 0.010000 0.010000
0 0.900000 0.254557 0.010000 0.010000
0 0.864014 0.291341 0.057129 0.073568
0 0.455322 0.260417 0.010254 0.010417
0 0.100000 0.259115 0.010000 0.010000
0 0.100000 0.264974 0.010000 0.010000
0 0.100000 0.264974 0.010000 0.010000
0 0.447754 0.264974 0.010000 0.010000
0 0.449951 0.263997 0.010000 0.010000
0 0.100000 0.266602 0.010000 0.010000
0 0.100000 0.269206 0.012207 0.010000
0 0.900000 0.275065 0.034668 0.020182
0 0.758301 0.294922 0.075195 0.058594
0 0.480957 0.271159 0.010000 0.010000
0 0.800781 0.276042 0.023438 0.013021
0 0.814697 0.293620 0.029785 0.048177
0 0.845215 0.272135 0.010000 0.010000
0 0.657959 0.275065 0.010000 0.010000
0 0.840332 0.290039 0.010742 0.033203
0 0.372314 0.277018 0.010000 0.010000
0 0.632324 0.289714 0.012695 0.028646
0 0.349365 0.278646 0.010000 0.010000
0 0.316650 0.283854 0.032715 0.013021
0 0.339111 0.281901 0.010000 0.010000
0 0.342285 0.280924 0.010000 0.010000
0 0.348145 0.280273 0.010000 0.010000
0 0.712158 0.278971 0.010000 0.010000
0 0.718750 0.278971 0.010000 0.010000
0 0.335693 0.281901 0.010000 0.010000
0 0.571289 0.279948 0.010000 0.010000
0 0.614258 0.279622 0.010000 0.010000
0 0.693848 0.280273 0.010000 0.010000
0 0.709473 0.287109 0.014648 0.016927
0 0.716553 0.280599 0.010000 0.010000
0 0.306641 0.283203 0.010000 0.010000
0 0.333740 0.282552 0.010000 0.010000
0 0.887207 0.281901 0.010000 0.010000
0 0.383545 0.284831 0.010000 0.010000
0 0.348145 0.286458 0.010000 0.010000
0 0.381348 0.287760 0.010000 0.010000
0 0.382812 0.286133 0.010000 0.010000
0 0.900000 0.292969 0.021484 0.014323
0 0.100000 0.288086 0.010000 0.010000
0 0.348633 0.303711 0.033203 0.034505
0 0.756836 0.291992 0.010000 0.011068
0 0.900000 0.289714 0.010000 0.010000
0 0.900000 0.290039 0.010000 0.010000
0 0.900000 0.291016 0.010000 0.010000
0 0.762939 0.292643 0.010000 0.010000
0 0.100000 0.295898 0.010000 0.010000
0 0.900000 0.292318 0.010000 0.010000
0 0.275391 0.299154 0.016602 0.014974
0 0.707764 0.293945 0.010000 0.010000
0 0.900000 0.293620 0.010000 0.010000
0 0.100000 0.296875 0.011719 0.010000
0 0.265381 0.296875 0.010000 0.010000
0 0.266846 0.296549 0.010000 0.010000
0 0.900000 0.295898 0.010000 0.010000
0 0.900000 0.299154 0.010000 0.011068
0 0.262939 0.298177 0.010000 0.010000
0 0.100000 0.298828 0.010000 0.010000
0 0.100000 0.298828 0.010000 0.010000
0 0.100000 0.299805 0.010000 0.010000
0 0.100000 0.299805 0.010000 0.010000
0 0.283691 0.297852 0.010000 0.010000
0 0.261230 0.300781 0.010000 0.010000
0 0.298096 0.303060 0.022949 0.011068
0 0.752930 0.298177 0.010000 0.010000
0 0.900000 0.302734 0.010000 0.011719
0 0.900000 0.304688 0.010000 0.014323
0 0.320312 0.302083 0.010000 0.010000
0 0.448730 0.299805 0.010000 0.010000
0 0.719238 0.310221 0.023438 0.022786
0 0.900000 0.331706 0.038086 0.065755
0 0.900000 0.298828 0.010000 0.010000
0 0.900000 0.300130 0.010000 0.010000
0 0.100000 0.301107 0.010000 0.010000
0 0.164551 0.300781 0.010000 0.010000
0 0.793701 0.300456 0.010000 0.010000
0 0.675049 0.302409 0.010000 0.010000
0 0.638428 0.303711 0.010000 0.010000
0 0.791504 0.303385 0.010000 0.010000
0 0.639893 0.306966 0.010000 0.010000
0 0.731201 0.306966 0.010000 0.010000
0 0.899414 0.385091 0.126953 0.160807
0 0.900000 0.309896 0.010000 0.010000
0 0.286621 0.307617 0.010000 0.010000
0 0.641113 0.310872 0.010000 0.010000
0 0.642578 0.310547 0.010000 0.010000
0 0.100000 0.316081 0.022461 0.016276
0 0.566406 0.310547 0.010000 0.010000
0 0.900000 0.308594 0.010000 0.010000
0 0.316406 0.310872 0.010000 0.010000
0 0.900000 0.315430 0.012695 0.013672
0 0.147217 0.312174 0.010000 0.010000
0 0.740723 0.317708 0.015625 0.015625
0 0.766602 0.310872 0.010000 0.010000
0 0.317383 0.314453 0.010000 0.010000
0 0.224365 0.316081 0.010000 0.010000
0 0.767334 0.314779 0.010000 0.010000
0 0.270508 0.318034 0.010000 0.010000
0 0.753174 0.316406 0.010000 0.010000
0 0.754639 0.318034 0.010000 0.010000
0 0.762207 0.321289 0.010000 0.012370
0 0.289551 0.323568 0.012695 0.014323
0 0.303467 0.324219 0.014160 0.014323
0 0.346924 0.317708 0.010000 0.010000
0 0.827637 0.338216 0.049805 0.043620
0 0.864258 0.320638 0.010000 0.010000
0 0.900000 0.337565 0.056641 0.041016
0 0.268555 0.319987 0.010000 0.010000
0 0.900000 0.323242 0.010000 0.010000
0 0.900000 0.320312 0.010000 0.010000
0 0.267822 0.320638 0.010000 0.010000
0 0.205322 0.325195 0.010000 0.010000
1 0.254150 0.391602 0.333496 0.142578
0 0.394043 0.321940 0.010000 0.010000
0 0.318359 0.327148 0.013672 0.011068
0 0.736084 0.325521 0.010000 0.010000
0 0.208496 0.331706 0.020508 0.014974
0 0.533203 0.326823 0.010000 0.010000
0 0.735596 0.328125 0.010000 0.010000
0 0.758789 0.326172 0.010000 0.010000
0 0.761963 0.325195 0.010000 0.010000
0 0.227051 0.329102 0.010000 0.010000
0 0.779541 0.400391 0.081543 0.145833
0 0.100000 0.332682 0.010000 0.010000
0 0.524902 0.335938 0.010000 0.010000
0 0.271240 0.340169 0.010000 0.010000
0 0.713135 0.342773 0.010000 0.010000
0 0.158447 0.345703 0.010000 0.010000
0 0.653564 0.351562 0.013184 0.018229
0 0.461426 0.348633 0.010000 0.010000
0 0.465332 0.346680 0.010000 0.010000
0 0.467773 0.347982 0.010000 0.010000
0 0.635986 0.347982 0.010000 0.010000
0 0.460693 0.348633 0.010000 0.010000
0 0.645752 0.391927 0.033691 0.087240
0 0.900000 0.349284 0.010000 0.010000
0 0.394043 0.351237 0.010000 0.010000
0 0.726807 0.353516 0.010000 0.010000
0 0.611572 0.357747 0.010000 0.012370
0 0.886963 0.364583 0.020996 0.026042
0 0.900000 0.387044 0.033203 0.068359
0 0.115479 0.361328 0.010000 0.010000
0 0.459473 0.358073 0.010000 0.010000
0 0.655518 0.359375 0.010000 0.010000
0 0.100000 0.372396 0.021484 0.027344
0 0.116455 0.361328 0.010000 0.010000
0 0.117188 0.360352 0.010000 0.010000
0 0.710205 0.368490 0.016113 0.020833
0 0.738525 0.359701 0.010000 0.010000
0 0.822266 0.360677 0.010000 0.010000
0 0.100000 0.369792 0.017090 0.016927
0 0.733887 0.369466 0.016602 0.017578
0 0.678467 0.368815 0.022949 0.013672
0 0.900000 0.376628 0.014648 0.024089
0 0.465332 0.377930 0.020508 0.022786
0 0.619873 0.367839 0.010000 0.010000
0 0.378906 0.377279 0.010000 0.017578
0 0.621338 0.371094 0.010000 0.010000
0 0.663574 0.389323 0.012695 0.037760
0 0.827637 0.375977 0.010000 0.010000
0 0.305908 0.383789 0.025879 0.018880
1 0.634033 0.584310 0.433105 0.419922
0 0.100000 0.377604 0.010000 0.010000
0 0.350830 0.375977 0.010000 0.010000
0 0.382568 0.378581 0.010000 0.010000
0 0.538574 0.389974 0.013672 0.027344
0 0.100000 0.380208 0.010000 0.010000
0 0.699951 0.400065 0.058105 0.042318
0 0.628418 0.385091 0.010000 0.010000
0 0.900000 0.388672 0.012695 0.013021
0 0.100000 0.386068 0.010000 0.010000
0 0.100000 0.385417 0.010000 0.010000
0 0.100000 0.391602 0.010000 0.013672
0 0.830078 0.406576 0.062500 0.044922
0 0.127441 0.388997 0.010000 0.010000
0 0.220947 0.392253 0.010254 0.010000
0 0.323242 0.388672 0.010000 0.010000
0 0.891357 0.388997 0.010000 0.010000
0 0.322998 0.391602 0.010000 0.010000
0 0.743652 0.425456 0.041016 0.073568
0 0.100000 0.395508 0.013672 0.012370
0 0.386230 0.469727 0.072266 0.160807
0 0.145020 0.391927 0.010000 0.010000
0 0.900000 0.399414 0.014648 0.016276
0 0.900000 0.393555 0.010000 0.010000
0 0.100000 0.397135 0.010000 0.010000
0 0.271729 0.409505 0.027832 0.031250
0 0.208740 0.424479 0.084473 0.058594
0 0.377930 0.398763 0.010000 0.010000
0 0.697510 0.397786 0.010000 0.010000
0 0.316162 0.464518 0.073730 0.132161
0 0.100000 0.401367 0.010000 0.010000
0 0.900000 0.402344 0.010000 0.010000
0 0.510742 0.406901 0.010000 0.010000
0 0.539795 0.403646 0.010000 0.010000
0 0.513428 0.408203 0.010000 0.010000
0 0.816406 0.405599 0.010000 0.010000
0 0.900000 0.408203 0.010000 0.010000
0 0.421631 0.430990 0.027832 0.048177
0 0.772949 0.409831 0.010000 0.010000
0 0.777832 0.409505 0.010000 0.010000
0 0.153809 0.415365 0.010000 0.010000
0 0.900000 0.419271 0.027344 0.015625
0 0.262695 0.414714 0.010000 0.010000
0 0.563232 0.414714 0.010000 0.010000
0 0.900000 0.432617 0.036133 0.038411
0 0.143555 0.416667 0.010000 0.010000
0 0.506348 0.416992 0.010000 0.010000
0 0.258057 0.430339 0.027832 0.027344
0 0.799805 0.422852 0.010000 0.010000
0 0.100000 0.426758 0.010000 0.010000
0 0.244385 0.426432 0.010000 0.010000
0 0.246338 0.427409 0.010000 0.010000
0 0.900000 0.426758 0.010000 0.010000
0 0.146973 0.436523 0.035156 0.021484
0 0.482422 0.426758 0.010000 0.010000
0 0.481934 0.433268 0.010000 0.012370
0 0.716064 0.436198 0.021973 0.014323
0 0.485596 0.433268 0.010000 0.010000
0 0.658691 0.445964 0.010000 0.028646
0 0.873535 0.432943 0.010000 0.010000
0 0.171631 0.433594 0.010000 0.010000
0 0.649170 0.434245 0.010000 0.010000
0 0.676270 0.434896 0.010000 0.010000
0 0.805664 0.439779 0.014648 0.012370
1 0.875244 0.580404 0.248535 0.289714
0 0.674316 0.439779 0.010000 0.010000
0 0.727295 0.440430 0.010000 0.010000
0 0.268066 0.454102 0.019531 0.027995
0 0.441895 0.444010 0.010000 0.010000
0 0.858643 0.442708 0.010000 0.010000
0 0.456055 0.444661 0.010000 0.010000
0 0.900000 0.447266 0.010000 0.010000
0 0.100000 0.456380 0.012207 0.022135
0 0.456299 0.446940 0.010000 0.010000
0 0.766113 0.453776 0.010000 0.015625
0 0.100000 0.447266 0.010000 0.010000
0 0.441650 0.447591 0.010000 0.010000
0 0.900000 0.449544 0.010000 0.010000
0 0.900000 0.455404 0.010000 0.010000
0 0.100000 0.461263 0.010000 0.013672
0 0.158691 0.463867 0.011719 0.018880
0 0.194336 0.461914 0.011719 0.014974
0 0.417236 0.455729 0.010000 0.010000
0 0.750244 0.460612 0.010000 0.011068
0 0.900000 0.484375 0.021973 0.059896
0 0.239502 0.459635 0.010000 0.010000
0 0.663818 0.485352 0.066895 0.055339
0 0.100000 0.459961 0.010000 0.010000
0 0.762451 0.478841 0.029785 0.041016
0 0.422119 0.476888 0.025879 0.034505
0 0.657471 0.464844 0.010000 0.010417
0 0.879639 0.461914 0.010000 0.010000
0 0.218994 0.566406 0.116699 0.210938
0 0.484375 0.465169 0.010000 0.010000
0 0.441650 0.470052 0.010000 0.013021
0 0.900000 0.473958 0.015625 0.016927
0 0.200684 0.466797 0.010000 0.010000
0 0.833496 0.469076 0.010000 0.010000
0 0.126709 0.517904 0.057129 0.100911
0 0.100000 0.469727 0.010000 0.010000
0 0.439453 0.473633 0.010000 0.010000
0 0.900000 0.470052 0.010000 0.010000
0 0.438232 0.473633 0.010000 0.010000
0 0.793945 0.495443 0.063477 0.050781
0 0.834717 0.473307 0.010000 0.010000
0 0.900000 0.472982 0.010000 0.010000
0 0.166504 0.513021 0.045898 0.078125
0 0.719482 0.485026 0.012207 0.022135
0 0.833984 0.478841 0.010000 0.010000
0 0.900000 0.501302 0.055176 0.046875
0 0.900000 0.483073 0.010000 0.010000
0 0.900000 0.483398 0.010000 0.010000
0 0.336670 0.485677 0.010000 0.010000
0 0.100000 0.508789 0.046875 0.042318
0 0.618164 0.488281 0.010000 0.010000
0 0.900000 0.492188 0.010000 0.010000
0 0.737061 0.491536 0.010000 0.010000
0 0.321289 0.492839 0.010000 0.010000
0 0.322266 0.495117 0.010000 0.010000
0 0.825439 0.494792 0.010000 0.010000
0 0.826416 0.495117 0.010000 0.010000
0 0.826416 0.496745 0.010000 0.010000
0 0.100000 0.498372 0.010000 0.010000
0 0.446777 0.500977 0.010000 0.013672
0 0.708984 0.497070 0.010000 0.010000
0 0.100000 0.501953 0.010000 0.010000
0 0.707031 0.501953 0.010000 0.010000
0 0.300537 0.513997 0.015137 0.016276
0 0.644775 0.511393 0.010000 0.011068
0 0.652100 0.508138 0.010000 0.010000
0 0.100000 0.507812 0.010000 0.010000
0 0.731934 0.508789 0.010000 0.010000
0 0.648682 0.511719 0.010000 0.010000
0 0.693848 0.524740 0.017578 0.029948
0 0.419922 0.513672 0.010000 0.010000
0 0.900000 0.516276 0.010000 0.011719
0 0.693604 0.513672 0.010000 0.010000
0 0.900000 0.513997 0.010000 0.010000
0 0.490967 0.516927 0.010000 0.010000
0 0.494385 0.518229 0.010000 0.010000
0 0.497803 0.515951 0.010000 0.010000
0 0.900000 0.516602 0.010000 0.010000
0 0.280029 0.522786 0.010000 0.010417
0 0.488770 0.519206 0.010000 0.010000
0 0.842285 0.523112 0.010000 0.011068
0 0.900000 0.520508 0.010000 0.010000
0 0.900000 0.519531 0.010000 0.010000
0 0.267334 0.521484 0.010000 0.010000
0 0.530518 0.520833 0.010000 0.010000
0 0.307129 0.521810 0.010000 0.010000
0 0.664307 0.522461 0.010000 0.010000
0 0.225586 0.522461 0.010000 0.010000
0 0.224365 0.527018 0.010000 0.010000
0 0.307617 0.523763 0.010000 0.010000
0 0.716553 0.528646 0.010254 0.010417
0 0.840332 0.526693 0.010000 0.010000
0 0.316895 0.532227 0.015625 0.011068
0 0.319824 0.528320 0.010000 0.010000
0 0.750977 0.528971 0.010000 0.010000
0 0.731689 0.531250 0.010000 0.010000
0 0.736328 0.533203 0.012695 0.010417
0 0.727783 0.530924 0.010000 0.010000
0 0.748047 0.537109 0.010000 0.015625
0 0.343262 0.611328 0.149414 0.162760
0 0.460449 0.619141 0.083984 0.177083
0 0.183594 0.532227 0.010000 0.010000
0 0.201172 0.533854 0.010000 0.010000
0 0.405029 0.578125 0.039551 0.093750
0 0.711426 0.533203 0.010000 0.010000
0 0.221924 0.536133 0.010000 0.010000
0 0.217529 0.537760 0.010000 0.010000
0 0.569092 0.539714 0.010000 0.010000
0 0.100000 0.575195 0.049316 0.077474
0 0.686768 0.539388 0.010000 0.010000
0 0.829102 0.541992 0.010000 0.010000
0 0.830811 0.542318 0.010000 0.010000
0 0.100000 0.548503 0.017090 0.014974
0 0.551025 0.542318 0.010000 0.010000
0 0.602539 0.541341 0.010000 0.010000
0 0.826904 0.546224 0.010000 0.010417
0 0.822021 0.547852 0.010000 0.012370
0 0.282227 0.544922 0.010000 0.010000
0 0.530273 0.547201 0.010000 0.010000
0 0.283447 0.545898 0.010000 0.010000
0 0.384766 0.558594 0.010000 0.027344
0 0.553467 0.546224 0.010000 0.010000
0 0.900000 0.552409 0.010000 0.010000
0 0.461914 0.551107 0.010000 0.010000
0 0.832764 0.549805 0.010000 0.010000
0 0.562500 0.559245 0.014648 0.018229
0 0.898438 0.551107 0.010000 0.010000
0 0.900000 0.552083 0.010000 0.010000
0 0.155273 0.569010 0.029297 0.036458
0 0.898682 0.555664 0.010000 0.010000
0 0.900000 0.558594 0.010000 0.010000
0 0.402832 0.562826 0.010000 0.013672
0 0.621338 0.557943 0.010000 0.010000
0 0.784668 0.565104 0.010742 0.015625
0 0.100000 0.564453 0.010000 0.010000
0 0.765381 0.564453 0.010000 0.010000
0 0.767578 0.567708 0.011719 0.010000
0 0.100000 0.620117 0.055176 0.106120
0 0.658447 0.573893 0.010254 0.013672
0 0.662109 0.570964 0.010000 0.010000
0 0.741699 0.570638 0.010000 0.010000
0 0.100000 0.569987 0.010000 0.010000
0 0.142090 0.570312 0.010000 0.010000
0 0.194580 0.572266 0.010000 0.010000
0 0.190674 0.572591 0.010000 0.010000
0 0.100000 0.577148 0.010000 0.011068
0 0.108398 0.577474 0.010000 0.010000
0 0.510986 0.580729 0.012207 0.010000
0 0.559814 0.577148 0.010000 0.010000
0 0.561035 0.581380 0.010000 0.010000
0 0.739990 0.589518 0.014160 0.018880
0 0.165527 0.587240 0.010000 0.013021
0 0.100000 0.583659 0.010000 0.010000
0 0.162598 0.584961 0.010000 0.010000
0 0.169678 0.585938 0.010000 0.010000
0 0.652588 0.585286 0.010000 0.010000
0 0.100000 0.586589 0.010000 0.010000
0 0.653809 0.590820 0.010000 0.012370
0 0.493652 0.611003 0.020508 0.050130
0 0.504395 0.586589 0.010000 0.010000
0 0.566406 0.594401 0.010742 0.016927
0 0.100000 0.588542 0.010000 0.010000
0 0.144287 0.605794 0.022949 0.034505
0 0.290039 0.593099 0.010000 0.010000
0 0.710449 0.591146 0.010000 0.010000
0 0.180176 0.599284 0.011719 0.013672
0 0.710693 0.593424 0.010000 0.010000
0 0.306152 0.675781 0.122070 0.162760
0 0.100000 0.598958 0.010000 0.010000
0 0.115234 0.609375 0.016602 0.019531
0 0.100000 0.613932 0.010000 0.020833
0 0.585938 0.665690 0.083008 0.125651
0 0.100000 0.618815 0.039062 0.026693
0 0.588867 0.608398 0.010000 0.010000
0 0.643799 0.612305 0.010000 0.010000
0 0.422607 0.619141 0.012207 0.016927
0 0.583740 0.611979 0.010000 0.010000
0 0.429443 0.617839 0.010000 0.010000
0 0.807861 0.620768 0.010000 0.010000
0 0.149902 0.619466 0.010000 0.010000
0 0.153809 0.620443 0.010000 0.010000
0 0.301758 0.619466 0.010000 0.010000
0 0.154541 0.622070 0.010000 0.010000
0 0.805664 0.621745 0.010000 0.010000
0 0.813477 0.621094 0.010000 0.010000
0 0.900000 0.621745 0.010000 0.010000
0 0.100000 0.625977 0.010000 0.010000
0 0.160889 0.626302 0.010000 0.010000
0 0.428955 0.626628 0.010000 0.010000
0 0.406494 0.641276 0.013184 0.026042
0 0.127930 0.639974 0.011719 0.019531
0 0.422119 0.638672 0.010000 0.011719
0 0.425781 0.636719 0.010000 0.010000
0 0.100000 0.657878 0.044434 0.034505
0 0.132080 0.645182 0.010000 0.010000
0 0.612061 0.645833 0.010000 0.010000
0 0.613037 0.646159 0.010000 0.010000
0 0.674072 0.648438 0.010000 0.010000
0 0.100000 0.649414 0.010000 0.010000
0 0.168945 0.658854 0.010000 0.018229
0 0.155518 0.694010 0.088379 0.080729
0 0.281738 0.658529 0.010000 0.010000
0 0.121094 0.660156 0.010000 0.010000
0 0.237549 0.671224 0.019043 0.022135
0 0.673340 0.667969 0.010000 0.013021
0 0.100000 0.704753 0.083496 0.081380
0 0.100000 0.666992 0.010000 0.010000
0 0.492188 0.685221 0.083984 0.037109
0 0.626709 0.668620 0.010000 0.010000
0 0.100000 0.672852 0.010000 0.010000
0 0.100000 0.673828 0.010000 0.010000
0 0.380615 0.685872 0.021973 0.027995
0 0.134277 0.676432 0.010000 0.010000
0 0.715576 0.674154 0.010000 0.010000
0 0.224365 0.700521 0.072754 0.052083
0 0.127441 0.705729 0.055664 0.053385
0 0.587158 0.680664 0.010000 0.010000
0 0.100000 0.681966 0.010000 0.010000
0 0.102539 0.681641 0.010000 0.010000
0 0.849854 0.703125 0.025879 0.046875
0 0.706299 0.691732 0.010000 0.016276
0 0.546143 0.724935 0.031738 0.077474
0 0.298584 0.698242 0.014160 0.020182
0 0.724609 0.810221 0.247070 0.244141
0 0.900000 0.690104 0.010000 0.010000
0 0.100000 0.693359 0.010000 0.010000
0 0.468018 0.692383 0.010000 0.010000
0 0.772949 0.700195 0.010000 0.010000
0 0.411621 0.722656 0.019531 0.046875
0 0.770264 0.701823 0.010000 0.010000
0 0.771484 0.700846 0.010000 0.010000
0 0.100000 0.707357 0.010000 0.010000
0 0.100000 0.708984 0.010000 0.013021
0 0.419189 0.703776 0.010000 0.010000
1 0.502441 0.850911 0.291016 0.296875
0 0.445312 0.703776 0.010000 0.010000
0 0.100000 0.712240 0.010000 0.010000
0 0.812988 0.710612 0.010000 0.010000
0 0.385986 0.718424 0.011230 0.017578
0 0.838379 0.711589 0.010000 0.010000
0 0.594482 0.723307 0.011230 0.024740
0 0.100000 0.717448 0.013184 0.010000
0 0.811035 0.712891 0.010000 0.010000
0 0.898682 0.712891 0.010000 0.010000
0 0.900000 0.737305 0.017578 0.048828
0 0.167480 0.714518 0.010000 0.010000
0 0.798096 0.717122 0.010000 0.010000
0 0.894775 0.742513 0.033691 0.056641
0 0.895020 0.715169 0.010000 0.010000
0 0.100000 0.722656 0.029297 0.015625
0 0.186035 0.829102 0.278320 0.228516
0 0.100000 0.719401 0.010000 0.010000
0 0.900000 0.720703 0.010000 0.010000
0 0.900000 0.832357 0.174316 0.223307
0 0.357178 0.746419 0.036621 0.048828
0 0.655518 0.726888 0.010000 0.011068
0 0.454346 0.725911 0.010000 0.010000
0 0.729004 0.730469 0.010000 0.014323
0 0.337891 0.728516 0.010000 0.010000
0 0.404541 0.727865 0.010000 0.010000
0 0.900000 0.732747 0.010000 0.010000
0 0.100000 0.730794 0.010000 0.010000
0 0.170410 0.739909 0.016602 0.021484
0 0.120117 0.739909 0.020508 0.018880
0 0.458008 0.732096 0.010000 0.010000
0 0.100000 0.734375 0.010000 0.010000
0 0.647217 0.737956 0.010000 0.010000
0 0.424805 0.737305 0.010000 0.010000
0 0.577148 0.748372 0.014648 0.027995
0 0.900000 0.752930 0.026855 0.037109
0 0.100000 0.750000 0.044922 0.028646
0 0.100000 0.739583 0.010000 0.010000
0 0.603271 0.737630 0.010000 0.010000
0 0.900000 0.740885 0.010000 0.010000
0 0.900000 0.737956 0.010000 0.010000
0 0.151123 0.743815 0.014160 0.010000
0 0.386963 0.748047 0.013184 0.019531
0 0.599609 0.784831 0.043945 0.091797
0 0.900000 0.740885 0.010000 0.010000
0 0.900000 0.741536 0.010000 0.010000
0 0.160156 0.741862 0.010000 0.010000
0 0.158203 0.742513 0.010000 0.010000
0 0.900000 0.741536 0.010000 0.010000
0 0.100000 0.747070 0.010000 0.010000
0 0.142090 0.745443 0.010000 0.010000
0 0.144043 0.745117 0.010000 0.010000
0 0.285645 0.747721 0.010000 0.010000
0 0.491455 0.763021 0.023926 0.037760
0 0.653564 0.750326 0.010000 0.011068
0 0.406250 0.751628 0.010000 0.011068
0 0.100000 0.759115 0.028809 0.022135
0 0.787842 0.749023 0.010000 0.010000
0 0.900000 0.751628 0.010000 0.010000
0 0.100000 0.753581 0.010000 0.010000
0 0.324219 0.753581 0.010000 0.010000
0 0.532715 0.754883 0.010000 0.010000
0 0.602539 0.753906 0.010000 0.010000
0 0.422852 0.754557 0.010000 0.010000
0 0.325195 0.757161 0.010000 0.010000
0 0.116943 0.769857 0.037598 0.022786
0 0.100000 0.773438 0.025391 0.019531
0 0.891113 0.765951 0.010000 0.010000
0 0.100000 0.767904 0.010000 0.010000
0 0.320068 0.766927 0.010000 0.010000
0 0.321289 0.765625 0.010000 0.010000
0 0.312012 0.778646 0.013672 0.024740
0 0.900000 0.805990 0.040039 0.080729
0 0.810547 0.770508 0.010000 0.010000
0 0.900000 0.768555 0.010000 0.010000
0 0.900000 0.768880 0.010000 0.010000
0 0.900000 0.771484 0.010000 0.010000
0 0.100000 0.770833 0.011719 0.010000
0 0.564697 0.787109 0.025879 0.036458
0 0.100000 0.773112 0.011719 0.010000
0 0.619873 0.772786 0.010000 0.010000
0 0.625000 0.772461 0.010000 0.010000
0 0.100000 0.773763 0.010000 0.010000
0 0.622803 0.773112 0.010000 0.010000
0 0.900000 0.771810 0.010000 0.010000
0 0.100000 0.778971 0.010000 0.010000
0 0.541016 0.775391 0.010000 0.010000
0 0.110352 0.776042 0.010000 0.010000
0 0.541748 0.777995 0.010000 0.010000
0 0.900000 0.812500 0.031250 0.069010
0 0.100000 0.784831 0.012207 0.011068
0 0.741699 0.790690 0.020508 0.021484
0 0.100000 0.782878 0.010000 0.010000
0 0.213379 0.782552 0.010000 0.010000
0 0.900000 0.783203 0.010000 0.010000
0 0.211914 0.783854 0.010000 0.010000
0 0.100000 0.790690 0.025879 0.013672
0 0.218262 0.787109 0.010000 0.010000
0 0.900000 0.784831 0.010000 0.010000
0 0.656494 0.836589 0.104004 0.102865
0 0.663086 0.812174 0.057617 0.054036
0 0.704834 0.787109 0.010000 0.010000
0 0.705322 0.789062 0.010000 0.010000
0 0.100000 0.792318 0.010000 0.010000
0 0.100000 0.791992 0.010000 0.010000
0 0.100000 0.790039 0.010000 0.010000
0 0.900000 0.793620 0.010000 0.010000
0 0.210205 0.792643 0.010000 0.010000
0 0.352051 0.804688 0.015625 0.027344
0 0.705078 0.792318 0.010000 0.010000
0 0.900000 0.793294 0.010000 0.010000
0 0.100000 0.803385 0.010742 0.022135
0 0.100000 0.793294 0.010000 0.010000
0 0.180176 0.796549 0.010000 0.010000
0 0.900000 0.793294 0.010000 0.010000
0 0.900000 0.796875 0.010000 0.010000
0 0.100000 0.797526 0.010000 0.010000
0 0.487793 0.799479 0.010742 0.010000
0 0.334229 0.807617 0.018066 0.020182
0 0.100000 0.807617 0.012207 0.016276
0 0.100000 0.806966 0.010000 0.012370
0 0.761719 0.802083 0.010000 0.010000
0 0.141113 0.807292 0.010000 0.010417
0 0.687012 0.803385 0.010000 0.010000
0 0.100000 0.806966 0.010000 0.010000
0 0.143555 0.808268 0.010000 0.010000
0 0.900000 0.817057 0.016602 0.027344
0 0.900000 0.804362 0.010000 0.010000
0 0.100000 0.807292 0.010000 0.010000
0 0.100000 0.810547 0.010254 0.010000
0 0.100000 0.811523 0.010000 0.010000
0 0.145996 0.808919 0.010000 0.010000
0 0.359131 0.809570 0.010000 0.010000
0 0.100000 0.811198 0.010000 0.010000
0 0.739502 0.818359 0.010000 0.020833
0 0.100000 0.810547 0.010000 0.010000
0 0.115234 0.812826 0.010000 0.010000
0 0.121826 0.817383 0.021973 0.010000
0 0.100000 0.815430 0.010000 0.010000
0 0.379639 0.868815 0.090332 0.108724
0 0.100000 0.823568 0.024902 0.016927
0 0.100000 0.817057 0.010000 0.010000
0 0.257568 0.819336 0.010000 0.010000
0 0.391357 0.819987 0.010000 0.010000
0 0.223389 0.836914 0.056152 0.037109
0 0.388428 0.821289 0.010000 0.010000
0 0.389893 0.821289 0.010000 0.010000
0 0.398926 0.822917 0.014648 0.010417
0 0.100000 0.827474 0.010000 0.016927
0 0.327637 0.826823 0.010000 0.015625
0 0.113525 0.822266 0.010000 0.010000
0 0.294922 0.827474 0.023438 0.010417
0 0.113525 0.827474 0.010000 0.010000
0 0.286377 0.825846 0.010000 0.010000
0 0.333984 0.827474 0.010000 0.010000
0 0.359863 0.831055 0.012695 0.014974
0 0.100000 0.831055 0.010000 0.010000
0 0.100000 0.830404 0.010000 0.010000
0 0.340820 0.828776 0.010000 0.010000
0 0.846436 0.828451 0.010000 0.010000
0 0.303711 0.831380 0.010000 0.010000
0 0.869629 0.832031 0.010000 0.010000
0 0.100000 0.835612 0.010000 0.010000
0 0.100000 0.841146 0.013184 0.013021
0 0.100000 0.839193 0.010000 0.010000
0 0.555176 0.839844 0.010000 0.010000
0 0.553955 0.842448 0.010000 0.010000
0 0.248779 0.841797 0.010000 0.010000
0 0.325684 0.853841 0.045898 0.024089
0 0.551270 0.846680 0.010000 0.010000
0 0.301514 0.845052 0.010000 0.010000
0 0.552979 0.846029 0.010000 0.010000
0 0.590576 0.847656 0.010000 0.010000
0 0.636963 0.846029 0.010000 0.010000
0 0.900000 0.846029 0.010000 0.010000
0 0.100000 0.848307 0.010000 0.010000
0 0.100000 0.848633 0.012207 0.010000
0 0.100000 0.853841 0.018555 0.016276
0 0.667480 0.846029 0.010000 0.010000
0 0.671143 0.847005 0.010000 0.010000
0 0.100000 0.848958 0.010000 0.010000
0 0.100000 0.849284 0.010000 0.010000
0 0.549316 0.850911 0.010000 0.010000
0 0.550293 0.850260 0.010000 0.010000
0 0.675293 0.847982 0.010000 0.010000
0 0.724854 0.858724 0.023926 0.023438
0 0.869873 0.847982 0.010000 0.010000
0 0.900000 0.847982 0.010000 0.010000
0 0.100000 0.851562 0.010000 0.010000
0 0.168945 0.857422 0.014648 0.018229
0 0.541992 0.852539 0.010742 0.010000
0 0.671875 0.849284 0.010000 0.010000
0 0.900000 0.855143 0.018066 0.014974
0 0.100000 0.856771 0.018066 0.014323
0 0.100000 0.850586 0.010000 0.010000
0 0.900000 0.852214 0.010000 0.010000
0 0.100000 0.851888 0.010000 0.010000
0 0.100000 0.854167 0.010000 0.010000
0 0.202148 0.853516 0.010000 0.010000
0 0.208008 0.853841 0.010000 0.010000
0 0.100000 0.854492 0.010000 0.010000
0 0.260986 0.898438 0.113770 0.091146
0 0.900000 0.856445 0.010000 0.010000
0 0.710449 0.862956 0.015625 0.017578
0 0.834961 0.856771 0.010000 0.010000
0 0.100000 0.859701 0.010000 0.010000
0 0.589355 0.857096 0.010000 0.010000
0 0.900000 0.859049 0.010000 0.010000
0 0.380859 0.858398 0.010000 0.010000
0 0.572998 0.859701 0.010000 0.010000
0 0.874023 0.866536 0.022461 0.018229
0 0.900000 0.860026 0.010000 0.010000
0 0.100000 0.859701 0.010000 0.010000
0 0.100000 0.860677 0.011230 0.010000
0 0.100000 0.861979 0.010000 0.010000
0 0.883789 0.864583 0.010000 0.011719
0 0.100000 0.861328 0.010000 0.010000
0 0.100000 0.865234 0.010000 0.010000
0 0.100000 0.863607 0.010000 0.010000
0 0.569580 0.862956 0.010000 0.010000
0 0.189941 0.870117 0.014648 0.012370
0 0.526855 0.867513 0.010000 0.010000
0 0.100000 0.870768 0.015625 0.012370
0 0.161621 0.866211 0.010000 0.010000
0 0.531494 0.867839 0.010000 0.010000
0 0.522217 0.868164 0.010000 0.010000
0 0.570068 0.870443 0.016113 0.010000
0 0.100000 0.871094 0.010000 0.010000
0 0.519287 0.868815 0.010000 0.010000
0 0.549316 0.872396 0.021484 0.010000
0 0.196289 0.869792 0.010000 0.010000
0 0.519043 0.869466 0.010000 0.010000
0 0.540039 0.871745 0.010000 0.010000
0 0.610107 0.879557 0.049316 0.022135
0 0.657471 0.870117 0.010000 0.010000
0 0.515869 0.870768 0.010000 0.010000
0 0.180664 0.873047 0.010000 0.010000
0 0.100000 0.875000 0.010000 0.010000
0 0.191162 0.900000 0.142090 0.117188
0 0.100000 0.878906 0.010000 0.010000
0 0.100000 0.878255 0.022949 0.010000
0 0.513184 0.879883 0.010000 0.010000
0 0.788086 0.900000 0.120117 0.118490
0 0.329102 0.893880 0.013672 0.023438
0 0.887695 0.885742 0.010000 0.010000
0 0.895264 0.884115 0.010000 0.010000
0 0.898438 0.884766 0.010000 0.010000
0 0.900000 0.886068 0.010000 0.010000
0 0.100000 0.884115 0.018066 0.010000
0 0.100000 0.885091 0.010000 0.010000
0 0.879639 0.887044 0.010000 0.010000
0 0.882324 0.887044 0.010000 0.010000
0 0.900000 0.887044 0.010000 0.010000
0 0.900000 0.887695 0.010000 0.010000
0 0.100000 0.888346 0.010000 0.010000
0 0.234863 0.889323 0.010000 0.010000
0 0.876953 0.887370 0.010000 0.010000
0 0.100000 0.891602 0.011719 0.012370
0 0.859863 0.888672 0.010000 0.010000
0 0.862305 0.888672 0.010000 0.010000
0 0.100000 0.897786 0.025879 0.022135
0 0.100000 0.889323 0.010000 0.010000
0 0.600098 0.900000 0.031250 0.031250
0 0.100000 0.890299 0.010000 0.010000
0 0.100000 0.891602 0.010000 0.010000
0 0.850342 0.890299 0.010000 0.010000
0 0.100000 0.896159 0.011230 0.011068
0 0.100000 0.892253 0.010000 0.010000
0 0.403320 0.893229 0.010000 0.010000
0 0.573975 0.892578 0.010000 0.010000
0 0.636719 0.898112 0.020508 0.013672
0 0.645264 0.892253 0.010000 0.010000
0 0.793213 0.894531 0.010000 0.010000
0 0.100000 0.895833 0.010742 0.010000
0 0.201416 0.895833 0.010000 0.010000
0 0.420654 0.893555 0.010000 0.010000
0 0.852295 0.892904 0.010000 0.010000
0 0.224854 0.900000 0.016113 0.028646
0 0.272705 0.900000 0.044434 0.022135
0 0.100000 0.897786 0.010000 0.010000
0 0.393555 0.900000 0.010742 0.013021
0 0.100000 0.898438 0.010000 0.010000
0 0.498779 0.897786 0.010000 0.010000
0 0.836670 0.900000 0.010000 0.012370
0 0.100000 0.900000 0.010000 0.010000
0 0.100000 0.900000 0.010000 0.010000
0 0.164062 0.900000 0.010000 0.010000
0 0.246094 0.900000 0.010000 0.010000
0 0.478271 0.900000 0.010000 0.012370
0 0.100000 0.900000 0.010000 0.010000
0 0.490967 0.900000 0.010000 0.010000
0 0.792969 0.900000 0.010000 0.010000
0 0.828369 0.900000 0.010000 0.010000
0 0.100000 0.900000 0.010000 0.013021
0 0.549805 0.900000 0.010000 0.010000
0 0.100000 0.900000 0.010000 0.010000
0 0.393311 0.900000 0.023926 0.018229
0 0.574707 0.900000 0.010000 0.011068
0 0.807129 0.900000 0.010000 0.010000
0 0.100000 0.900000 0.010000 0.010000
0 0.100000 0.900000 0.010000 0.010000
0 0.256348 0.900000 0.010000 0.010000
0 0.572266 0.900000 0.010000 0.010000
0 0.900000 0.900000 0.010000 0.010000
0 0.325928 0.900000 0.116699 0.084635
0 0.541748 0.900000 0.010000 0.010000
0 0.900000 0.900000 0.010000 0.010000
0 0.100000 0.900000 0.066406 0.082682
0 0.900000 0.900000 0.010000 0.014323
0 0.232178 0.900000 0.010000 0.010000
0 0.491943 0.900000 0.010000 0.010000
0 0.767822 0.900000 0.029785 0.024740
0 0.900000 0.900000 0.010000 0.010000
0 0.302734 0.900000 0.010000 0.010000
0 0.618652 0.900000 0.010000 0.010000
0 0.618652 0.900000 0.010000 0.010000
0 0.690186 0.900000 0.092285 0.074870
0 0.310303 0.900000 0.010000 0.010000
0 0.665527 0.900000 0.010000 0.010000
0 0.676270 0.900000 0.010000 0.010000
0 0.667236 0.900000 0.010000 0.010000
0 0.667969 0.900000 0.010000 0.010000
0 0.689941 0.900000 0.010000 0.010000
0 0.754883 0.900000 0.010000 0.010000
0 0.262207 0.900000 0.010000 0.010000
0 0.900000 0.900000 0.010000 0.010000
0 0.888916 0.900000 0.010000 0.010000
0 0.104248 0.900000 0.010000 0.010000
0 0.469971 0.900000 0.010254 0.014974
0 0.472656 0.900000 0.010000 0.010000
0 0.898682 0.900000 0.027832 0.029297
0 0.430908 0.900000 0.012207 0.010000
0 0.100000 0.900000 0.031250 0.063151
0 0.125977 0.900000 0.027344 0.040365
0 0.425293 0.900000 0.010000 0.010000
0 0.900000 0.900000 0.011230 0.010000
0 0.755127 0.900000 0.010000 0.014974
0 0.900000 0.900000 0.018555 0.029948
0 0.900000 0.900000 0.010000 0.010000
0 0.803955 0.900000 0.010000 0.010000
0 0.141602 0.900000 0.010000 0.010000
0 0.143311 0.900000 0.010000 0.010000
0 0.388916 0.900000 0.020020 0.015625
0 0.529541 0.900000 0.010000 0.010000
0 0.781494 0.900000 0.010000 0.010000
0 0.500977 0.900000 0.010000 0.010000
0 0.900000 0.900000 0.043457 0.026693
0 0.900000 0.900000 0.010000 0.010000
0 0.140381 0.900000 0.010000 0.010000
0 0.412109 0.900000 0.010000 0.010000
0 0.503174 0.900000 0.010000 0.010000
0 0.861572 0.900000 0.036621 0.038411
0 0.900000 0.900000 0.010000 0.010000
0 0.100000 0.900000 0.010000 0.010000
0 0.258301 0.900000 0.026367 0.034505
0 0.492432 0.900000 0.010000 0.010000
0 0.452393 0.900000 0.010000 0.010000
0 0.900000 0.900000 0.010000 0.015625
0 0.100000 0.900000 0.014648 0.016927
0 0.139648 0.900000 0.010000 0.010000
0 0.645508 0.900000 0.010000 0.010000
0 0.900000 0.900000 0.010000 0.011719
0 0.643799 0.900000 0.010000 0.010000
0 0.196777 0.900000 0.010000 0.010000
0 0.443604 0.900000 0.026855 0.046224
0 0.900000 0.900000 0.010000 0.010000
0 0.466553 0.900000 0.010000 0.010000
0 0.642334 0.900000 0.010000 0.010000
0 0.467529 0.900000 0.010000 0.010000
0 0.641602 0.900000 0.010000 0.010000
0 0.760742 0.900000 0.010000 0.013672
0 0.817871 0.900000 0.010000 0.010000
0 0.313721 0.900000 0.010000 0.010000
0 0.412598 0.900000 0.029297 0.027995
0 0.432129 0.900000 0.010000 0.010000
0 0.472168 0.900000 0.010000 0.010000
0 0.639160 0.900000 0.010000 0.018229
0 0.900000 0.900000 0.010000 0.010417
0 0.147705 0.900000 0.010000 0.010000
0 0.434570 0.900000 0.010000 0.010000
0 0.817139 0.900000 0.010000 0.010000
0 0.900000 0.900000 0.010000 0.010000
0 0.100000 0.900000 0.010000 0.013672
0 0.900000 0.900000 0.014648 0.011719
0 0.900000 0.900000 0.018066 0.012370
0 0.145508 0.900000 0.010000 0.010000
0 0.722900 0.900000 0.011230 0.014323
0 0.730469 0.900000 0.010000 0.010000
0 0.852295 0.900000 0.010000 0.010000
0 0.900000 0.900000 0.010000 0.010000
0 0.729248 0.900000 0.010000 0.010000
0 0.263672 0.900000 0.010000 0.010000
0 0.400391 0.900000 0.010000 0.021484
0 0.387451 0.900000 0.011230 0.024089
0 0.100000 0.900000 0.010000 0.010000
0 0.900000 0.900000 0.011719 0.030599
0 0.782959 0.900000 0.010000 0.010000
0 0.847412 0.900000 0.010000 0.010000
0 0.849365 0.900000 0.010000 0.010000
0 0.853027 0.900000 0.010000 0.010000
0 0.860596 0.900000 0.010000 0.011068
0 0.783691 0.900000 0.010000 0.010000
0 0.140137 0.900000 0.041016 0.025391
0 0.391602 0.900000 0.010000 0.010000
0 0.430420 0.900000 0.010000 0.010000
0 0.775391 0.900000 0.010000 0.010000
0 0.813965 0.900000 0.010000 0.010000
0 0.392334 0.900000 0.010000 0.010000
0 0.804199 0.900000 0.010000 0.010000
0 0.295410 0.900000 0.010000 0.010000
0 0.801025 0.900000 0.010000 0.010000
0 0.798340 0.900000 0.010000 0.010000
0 0.900000 0.900000 0.010000 0.010000
0 0.722168 0.900000 0.010000 0.010000
0 0.796387 0.900000 0.010000 0.010000
0 0.632324 0.900000 0.010000 0.017578
0 0.707275 0.900000 0.055176 0.017578
0 0.900000 0.900000 0.019043 0.016276
0 0.223389 0.900000 0.062012 0.014323
0 0.856445 0.900000 0.042969 0.014323
0 0.900000 0.900000 0.015625 0.014323
0 0.900000 0.900000 0.010000 0.010000
0 0.410645 0.900000 0.012695 0.013021
0 0.614502 0.900000 0.010254 0.013672
0 0.900000 0.900000 0.016602 0.013672
0 0.100000 0.900000 0.010000 0.010000
0 0.107178 0.900000 0.010000 0.010000
0 0.900000 0.900000 0.010000 0.010417
0 0.179443 0.900000 0.019043 0.010000
0 0.380859 0.900000 0.010000 0.010000
0 0.886475 0.900000 0.012207 0.010000
0 0.888916 0.900000 0.010000 0.010000
0 0.108154 0.900000 0.010000 0.010000
0 0.377441 0.900000 0.010000 0.010000
0 0.419922 0.900000 0.010000 0.010000
0 0.830322 0.900000 0.010000 0.010000
0 0.109375 0.900000 0.010000 0.010000
0 0.392334 0.900000 0.010000 0.010000
0 0.394043 0.900000 0.010000 0.010000
0 0.636719 0.900000 0.010000 0.010000
0 0.639648 0.900000 0.010000 0.010000
0 0.832275 0.900000 0.010000 0.010000
0 0.900000 0.900000 0.010000 0.010000
0 0.643311 0.900000 0.010000 0.010000
0 0.900000 0.900000 0.010000 0.010000
