1 0.500000 0.500000 0.500000 0.500000
0 0.252686 0.100000 0.010000 0.010000
0 0.606201 0.100000 0.010000 0.010000
0 0.626953 0.100000 0.010000 0.010000
0 0.628662 0.100000 0.010000 0.010000
0 0.332031 0.100000 0.010000 0.010000
0 0.605469 0.100000 0.010000 0.010000
0 0.395020 0.100000 0.010742 0.012370
0 0.391602 0.100000 0.010000 0.010000
0 0.184570 0.100000 0.010000 0.010000
0 0.294189 0.100000 0.010000 0.010000
0 0.407715 0.100000 0.010000 0.010000
0 0.523438 0.100000 0.010000 0.010000
0 0.734375 0.111979 0.010000 0.010000
0 0.900000 0.112305 0.010000 0.010000
0 0.900000 0.115560 0.010000 0.010000
0 0.900000 0.118815 0.010000 0.010000
0 0.809814 0.131185 0.010000 0.010000
0 0.900000 0.134440 0.010000 0.010000
0 0.511719 0.138021 0.010000 0.010000
0 0.512939 0.137695 0.010000 0.010000
0 0.677734 0.140625 0.010000 0.010000
0 0.900000 0.141927 0.010000 0.010000
0 0.171631 0.142578 0.010000 0.010000
0 0.100000 0.145833 0.010000 0.010000
0 0.533447 0.148438 0.010000 0.010000
0 0.900000 0.152669 0.010000 0.010000
0 0.900000 0.151693 0.010000 0.010000
0 0.490479 0.153971 0.010000 0.010000
0 0.583740 0.157227 0.010000 0.010000
0 0.100000 0.162760 0.010000 0.010000
0 0.900000 0.160807 0.010000 0.010000
0 0.569336 0.163411 0.010000 0.010000
0 0.900000 0.165039 0.010000 0.010000
0 0.543457 0.173503 0.010000 0.010000
0 0.579102 0.179688 0.010000 0.010000
0 0.527100 0.194987 0.010000 0.010000
0 0.334229 0.200195 0.010000 0.010000
0 0.900000 0.205404 0.010000 0.010000
0 0.177979 0.217122 0.010000 0.010000
0 0.739502 0.217773 0.010000 0.010000
0 0.393555 0.220052 0.010000 0.010000
0 0.900000 0.222982 0.010000 0.010000
0 0.900000 0.227539 0.010000 0.010000
0 0.255859 0.231771 0.010000 0.010000
0 0.260742 0.232747 0.010000 0.010000
0 0.533936 0.234049 0.010000 0.010000
0 0.115723 0.236979 0.010000 0.010000
0 0.822266 0.242513 0.010000 0.010000
0 0.843262 0.241536 0.010000 0.010000
0 0.900000 0.245117 0.010000 0.010000
0 0.525146 0.256836 0.010000 0.010000
0 0.900000 0.260417 0.010000 0.010000
0 0.562012 0.260091 0.010000 0.010000
0 0.391113 0.263672 0.010000 0.010000
0 0.404297 0.276367 0.010000 0.010000
0 0.582275 0.276042 0.010000 0.010000
0 0.596191 0.286784 0.010000 0.010000
0 0.578613 0.288737 0.010000 0.010000
0 0.295654 0.307943 0.010000 0.010000
0 0.528564 0.312174 0.010000 0.010000
0 0.611084 0.316732 0.010000 0.010000
0 0.749756 0.322591 0.010000 0.010000
0 0.297363 0.322917 0.010000 0.010000
0 0.499512 0.324544 0.010000 0.010000
0 0.100000 0.329753 0.010000 0.010000
0 0.448975 0.341471 0.010000 0.010000
0 0.641113 0.341471 0.010000 0.010000
0 0.467041 0.346354 0.010000 0.010000
0 0.267822 0.360677 0.010000 0.010000
0 0.900000 0.363607 0.010000 0.010000
0 0.532959 0.368164 0.010000 0.010000
0 0.570557 0.371419 0.010000 0.010000
0 0.454834 0.384115 0.010000 0.010000
0 0.147461 0.387370 0.010000 0.010000
0 0.352783 0.390951 0.010000 0.010000
0 0.188232 0.394857 0.010000 0.010000
0 0.568604 0.394531 0.010000 0.010000
0 0.346924 0.408203 0.010000 0.010000
0 0.798584 0.409505 0.010000 0.010000
0 0.100000 0.415690 0.010000 0.010000
0 0.100000 0.422526 0.010000 0.010000
0 0.100000 0.426432 0.010000 0.010000
0 0.101562 0.426107 0.010000 0.010000
0 0.100000 0.435872 0.010000 0.010000
0 0.100000 0.435872 0.010000 0.010000
0 0.100000 0.437174 0.010000 0.010000
0 0.100000 0.440430 0.010000 0.010000
0 0.482422 0.445312 0.010000 0.010000
0 0.493408 0.444661 0.010000 0.010000
0 0.492188 0.446289 0.010000 0.010000
0 0.627197 0.449219 0.010000 0.010000
0 0.892334 0.452799 0.010000 0.010000
0 0.606201 0.458984 0.010000 0.010000
0 0.674072 0.464518 0.010000 0.010000
0 0.184814 0.468099 0.010000 0.010000
0 0.189697 0.471680 0.010000 0.010000
0 0.315918 0.480469 0.010000 0.010000
0 0.385498 0.481445 0.010000 0.010000
0 0.306885 0.489583 0.010000 0.010000
0 0.261230 0.490885 0.010000 0.010000
0 0.555664 0.492839 0.010000 0.010000
0 0.824219 0.495117 0.010000 0.010000
0 0.436279 0.496745 0.010000 0.010000
0 0.829346 0.502279 0.010000 0.010000
0 0.679199 0.503906 0.010000 0.010000
0 0.529785 0.506185 0.010000 0.010000
0 0.586182 0.514648 0.010000 0.010000
0 0.558838 0.521484 0.010000 0.010000
0 0.580811 0.527344 0.010000 0.010000
0 0.581299 0.531576 0.010000 0.010000
0 0.825195 0.532552 0.010000 0.010000
0 0.900000 0.541992 0.010000 0.010000
0 0.178223 0.543294 0.010000 0.010000
0 0.518555 0.544596 0.010000 0.010000
0 0.627686 0.542643 0.010000 0.010000
0 0.689941 0.546224 0.010000 0.010000
0 0.193604 0.546224 0.010000 0.010000
0 0.677246 0.553385 0.010000 0.010000
0 0.781006 0.561849 0.010000 0.010000
0 0.407227 0.566081 0.010000 0.010000
0 0.790771 0.567057 0.010000 0.010000
0 0.896240 0.564128 0.010000 0.010000
0 0.144043 0.568685 0.010000 0.010000
0 0.250488 0.566732 0.010000 0.010000
0 0.271240 0.569336 0.010000 0.010000
0 0.142822 0.569987 0.010000 0.010000
0 0.422363 0.574219 0.014648 0.011719
0 0.240723 0.571289 0.010000 0.010000
0 0.813721 0.572266 0.010000 0.010000
0 0.857422 0.574219 0.010000 0.010000
0 0.412109 0.574219 0.010000 0.010000
0 0.500732 0.581055 0.010000 0.010000
0 0.130859 0.586914 0.010000 0.010000
0 0.862549 0.585612 0.010000 0.010000
0 0.501465 0.587565 0.010000 0.010000
0 0.780029 0.588216 0.010000 0.010000
0 0.719971 0.589844 0.010000 0.010000
0 0.724609 0.590495 0.010000 0.010000
0 0.441406 0.591471 0.010000 0.010000
0 0.439453 0.596029 0.010000 0.010000
0 0.443848 0.593424 0.010000 0.010000
0 0.499756 0.592773 0.010000 0.010000
0 0.500732 0.594727 0.010000 0.010000
0 0.833252 0.595703 0.010000 0.010000
0 0.602295 0.596029 0.010000 0.010000
0 0.130615 0.598633 0.010000 0.010000
0 0.453613 0.599284 0.010000 0.010000
0 0.148682 0.598307 0.010000 0.010000
0 0.450684 0.599284 0.010000 0.010000
0 0.432617 0.604818 0.010000 0.010000
0 0.433350 0.606771 0.010000 0.010000
0 0.454102 0.608398 0.010000 0.010000
0 0.710938 0.606120 0.010000 0.010000
0 0.451904 0.608724 0.010000 0.010000
0 0.243652 0.611328 0.010000 0.010000
0 0.325684 0.611003 0.010000 0.010000
0 0.423584 0.614258 0.010000 0.010000
0 0.248047 0.613607 0.010000 0.010000
0 0.425781 0.614909 0.010000 0.010000
0 0.190430 0.617188 0.010000 0.010000
0 0.454590 0.617839 0.010000 0.010000
0 0.451904 0.617513 0.010000 0.010000
0 0.425781 0.623047 0.010000 0.010000
0 0.443115 0.624674 0.010000 0.010000
0 0.444336 0.627279 0.010000 0.010000
0 0.100000 0.639648 0.010000 0.010000
0 0.685547 0.639648 0.010000 0.010000
0 0.690918 0.640951 0.010000 0.010000
0 0.712646 0.643555 0.010000 0.010000
0 0.697754 0.643555 0.010000 0.010000
0 0.710205 0.643555 0.010000 0.010000
0 0.675049 0.646484 0.010000 0.010000
0 0.100000 0.653971 0.010000 0.010000
0 0.100000 0.657552 0.010000 0.010000
0 0.100000 0.656250 0.010000 0.010000
0 0.100000 0.660156 0.010000 0.010000
0 0.100000 0.662760 0.010000 0.010000
0 0.100000 0.665039 0.010000 0.010000
0 0.293701 0.665365 0.010000 0.010000
0 0.430420 0.670247 0.010000 0.010000
0 0.354736 0.674805 0.010000 0.010000
0 0.196533 0.675130 0.010000 0.010000
0 0.843506 0.685547 0.010000 0.010000
0 0.101074 0.698893 0.010000 0.010000
0 0.109619 0.700846 0.010000 0.010000
0 0.110107 0.700846 0.010000 0.010000
0 0.444092 0.715169 0.010000 0.010000
0 0.448486 0.715495 0.010000 0.010000
0 0.260010 0.717773 0.010000 0.010000
0 0.900000 0.733398 0.010000 0.010000
0 0.900000 0.740885 0.010000 0.010000
0 0.418701 0.741536 0.010000 0.010000
0 0.422119 0.748047 0.010000 0.010417
0 0.421143 0.748047 0.010000 0.010000
0 0.405029 0.752930 0.010000 0.010000
0 0.223633 0.759440 0.010000 0.010000
0 0.100000 0.757161 0.010000 0.010000
0 0.323730 0.759766 0.010000 0.010000
0 0.253662 0.761068 0.010000 0.010000
0 0.406982 0.761719 0.010000 0.010000
0 0.266113 0.765625 0.010000 0.010000
0 0.842773 0.767253 0.010000 0.010000
0 0.372559 0.769531 0.010000 0.010000
0 0.408447 0.769857 0.010000 0.010000
0 0.305420 0.772461 0.010254 0.010000
0 0.100000 0.775065 0.010000 0.010000
0 0.462402 0.776042 0.010000 0.010000
0 0.259521 0.776042 0.010000 0.010000
0 0.323975 0.778320 0.010000 0.010000
0 0.235840 0.781576 0.010000 0.010000
0 0.257324 0.781250 0.010000 0.010000
0 0.827637 0.779948 0.010000 0.010000
0 0.100000 0.779622 0.010000 0.010000
0 0.235840 0.782227 0.010000 0.010000
0 0.251709 0.782878 0.010000 0.010000
0 0.256348 0.786784 0.010000 0.010000
0 0.692871 0.790039 0.010000 0.010000
0 0.232422 0.795573 0.010000 0.010000
0 0.698486 0.801107 0.010000 0.010000
0 0.700439 0.802734 0.010000 0.010000
0 0.703613 0.805664 0.010000 0.010000
0 0.691650 0.805664 0.010000 0.010000
0 0.168457 0.807292 0.010000 0.010000
0 0.100000 0.813802 0.010000 0.010000
0 0.844238 0.814128 0.010000 0.010000
0 0.350830 0.816406 0.010000 0.010000
0 0.466797 0.818685 0.010000 0.010000
0 0.344482 0.824219 0.010000 0.010000
0 0.349854 0.823568 0.010000 0.010000
0 0.226807 0.826497 0.010000 0.010000
0 0.100000 0.829427 0.010000 0.010000
0 0.235352 0.830078 0.010000 0.010000
0 0.569092 0.831380 0.010000 0.010000
0 0.230713 0.832357 0.010000 0.010000
0 0.250488 0.832031 0.010000 0.010000
0 0.670166 0.843424 0.010000 0.010000
0 0.100000 0.841797 0.010000 0.010000
0 0.728271 0.846354 0.010000 0.010000
0 0.355225 0.848307 0.010000 0.010000
0 0.100000 0.848958 0.010000 0.010000
0 0.302734 0.857422 0.010000 0.010000
0 0.545410 0.861328 0.010000 0.010000
0 0.414307 0.860352 0.010000 0.010000
0 0.900000 0.873047 0.010000 0.010000
0 0.243408 0.875000 0.010000 0.010000
0 0.259033 0.875977 0.010000 0.010000
0 0.637207 0.875977 0.010000 0.010000
0 0.900000 0.880859 0.010000 0.010000
0 0.900000 0.884115 0.010000 0.010417
0 0.654541 0.883464 0.010000 0.010000
0 0.250000 0.884115 0.010000 0.010000
0 0.296631 0.887044 0.010000 0.010000
0 0.266846 0.889648 0.010000 0.010000
0 0.269043 0.892253 0.010000 0.010000
0 0.703369 0.893229 0.010000 0.010000
0 0.703125 0.894531 0.010000 0.010000
0 0.291748 0.896159 0.010000 0.010000
0 0.285156 0.896810 0.010000 0.010000
0 0.378174 0.898763 0.010000 0.010000
0 0.286377 0.898112 0.010000 0.010000
0 0.299072 0.900000 0.010000 0.011068
0 0.100000 0.900000 0.010000 0.010000
0 0.340332 0.900000 0.010000 0.010000
0 0.298096 0.900000 0.010000 0.010000
0 0.356445 0.900000 0.010000 0.010000
0 0.671875 0.900000 0.010000 0.010000
0 0.237305 0.900000 0.010000 0.010000
0 0.749023 0.900000 0.010000 0.010000
0 0.364014 0.900000 0.010000 0.010000
0 0.168701 0.900000 0.010000 0.010000
0 0.238281 0.900000 0.010000 0.010000
0 0.347900 0.900000 0.010000 0.010000
0 0.612549 0.900000 0.010000 0.013021
0 0.608154 0.900000 0.010000 0.010000
0 0.244629 0.900000 0.010000 0.010000
0 0.614014 0.900000 0.010000 0.010000
0 0.606445 0.900000 0.010000 0.010000
0 0.618408 0.900000 0.010000 0.010000
0 0.615967 0.900000 0.010000 0.010000
0 0.585205 0.900000 0.010000 0.010000
0 0.584717 0.900000 0.010000 0.010000
0 0.425537 0.900000 0.010000 0.010417
0 0.799561 0.900000 0.010000 0.010000
0 0.810059 0.900000 0.010000 0.010000
0 0.779785 0.900000 0.010000 0.010000
0 0.750977 0.900000 0.010000 0.010000
0 0.776367 0.900000 0.010000 0.010000
0 0.844971 0.900000 0.010000 0.010000
0 0.746826 0.900000 0.010000 0.010000
0 0.831299 0.900000 0.010000 0.010000
0 0.167480 0.900000 0.010000 0.010000
0 0.471436 0.900000 0.010000 0.010000
0 0.100000 0.900000 0.010000 0.010000
0 0.900000 0.900000 0.010000 0.010000
