1 0.500000 0.500000 0.500000 0.500000
0 0.100000 0.100000 0.010000 0.010000
0 0.138916 0.100000 0.010000 0.010000
0 0.263184 0.100000 0.013672 0.010000
0 0.271240 0.100000 0.010000 0.010000
0 0.424072 0.100000 0.021973 0.010000
0 0.499268 0.100000 0.016113 0.016927
0 0.508789 0.100000 0.010000 0.010417
0 0.699707 0.100000 0.010000 0.010000
0 0.673096 0.100000 0.010000 0.010000
0 0.113525 0.100000 0.010000 0.010000
0 0.146240 0.100000 0.010000 0.010000
0 0.517822 0.100000 0.010000 0.010000
0 0.900000 0.100000 0.010000 0.010000
0 0.852783 0.100000 0.010000 0.010000
0 0.879150 0.100000 0.060059 0.049479
0 0.581543 0.100000 0.010000 0.010000
0 0.147705 0.100000 0.010000 0.010000
0 0.672119 0.100000 0.010000 0.010000
0 0.628662 0.100000 0.010000 0.010000
0 0.706543 0.100000 0.010000 0.010000
0 0.877197 0.100000 0.015137 0.022786
0 0.857910 0.100000 0.010000 0.010000
0 0.580322 0.100000 0.010000 0.010000
0 0.578613 0.100000 0.010000 0.010000
0 0.884766 0.100000 0.010000 0.010000
0 0.878906 0.100000 0.010000 0.010000
0 0.900000 0.100911 0.020996 0.020833
0 0.691650 0.100000 0.010000 0.010000
0 0.254150 0.100000 0.010000 0.010000
0 0.900000 0.103841 0.010000 0.010000
0 0.251221 0.104167 0.010000 0.010000
0 0.900000 0.107096 0.010000 0.010000
0 0.900000 0.105469 0.010000 0.010000
0 0.900000 0.106120 0.010000 0.010000
0 0.900000 0.106771 0.010000 0.010000
0 0.441895 0.108398 0.010000 0.010000
0 0.900000 0.106445 0.010000 0.010000
0 0.900000 0.108724 0.010000 0.010000
0 0.900000 0.108398 0.010000 0.010000
0 0.658936 0.112305 0.010000 0.010000
0 0.652832 0.115885 0.010000 0.010000
0 0.900000 0.115234 0.010000 0.010000
0 0.660400 0.117513 0.010000 0.010000
0 0.654785 0.117839 0.010000 0.010000
0 0.662354 0.117188 0.010000 0.010000
0 0.657959 0.118815 0.010000 0.010000
0 0.659424 0.118815 0.010000 0.010000
0 0.230469 0.122721 0.010000 0.010000
0 0.900000 0.126302 0.010000 0.010000
0 0.452148 0.141927 0.010000 0.010000
0 0.890625 0.140951 0.010000 0.010000
0 0.423340 0.145182 0.010000 0.010000
0 0.875977 0.148763 0.010000 0.011068
0 0.899658 0.146159 0.010000 0.010000
0 0.421631 0.147461 0.010000 0.010000
0 0.878662 0.148438 0.010000 0.010000
0 0.867188 0.151042 0.010000 0.010000
0 0.282959 0.152344 0.010000 0.010000
0 0.888428 0.156250 0.010000 0.010000
0 0.229248 0.157552 0.010000 0.010000
0 0.585449 0.158529 0.010000 0.010000
0 0.175781 0.160156 0.010000 0.010000
0 0.600586 0.163411 0.010000 0.010000
0 0.397217 0.164388 0.010000 0.010000
0 0.583984 0.167969 0.010000 0.010000
0 0.849365 0.168294 0.010000 0.010000
0 0.562744 0.167643 0.010000 0.010000
0 0.279541 0.171549 0.010000 0.010000
0 0.583984 0.174805 0.010000 0.010000
0 0.856934 0.180339 0.010000 0.010000
0 0.596680 0.181641 0.010000 0.010000
0 0.613770 0.182292 0.010000 0.010000
0 0.596191 0.182943 0.010000 0.010000
0 0.854004 0.183268 0.010000 0.010000
0 0.440918 0.183594 0.010000 0.010000
0 0.527588 0.184896 0.010000 0.010000
0 0.620117 0.183594 0.010000 0.010000
0 0.377930 0.187826 0.010000 0.010000
0 0.389404 0.187500 0.010000 0.010000
0 0.588135 0.187826 0.010000 0.010000
0 0.586426 0.189128 0.010000 0.010000
0 0.784912 0.199219 0.010254 0.010417
0 0.762695 0.203451 0.017578 0.013672
0 0.590332 0.201172 0.010000 0.010000
0 0.257324 0.207031 0.010000 0.010000
0 0.479736 0.221680 0.014160 0.013672
0 0.493652 0.220378 0.010000 0.010000
0 0.491943 0.222331 0.010000 0.010000
0 0.244873 0.231120 0.010000 0.010000
0 0.492432 0.230794 0.010000 0.010000
0 0.395264 0.246094 0.010000 0.010000
0 0.852295 0.250977 0.010000 0.010000
0 0.100000 0.259766 0.010000 0.010000
0 0.658203 0.266276 0.010000 0.010000
0 0.100000 0.282552 0.010000 0.010000
0 0.441162 0.284831 0.010000 0.010000
0 0.450439 0.285482 0.010000 0.010000
0 0.900000 0.286458 0.010000 0.010000
0 0.900000 0.287435 0.010000 0.010000
0 0.453857 0.293294 0.010000 0.010000
0 0.747070 0.295247 0.010000 0.010000
0 0.382812 0.294922 0.010000 0.010000
0 0.100000 0.302083 0.010000 0.010000
0 0.100000 0.318359 0.010000 0.010000
0 0.100000 0.319987 0.010000 0.010000
0 0.861328 0.321940 0.010000 0.010000
0 0.100000 0.321615 0.010000 0.010000
0 0.707275 0.338867 0.010000 0.013672
0 0.706299 0.338216 0.010000 0.010000
0 0.900000 0.335612 0.010000 0.010000
0 0.706787 0.337565 0.010000 0.010000
0 0.234131 0.376953 0.082520 0.078125
0 0.334961 0.339844 0.010000 0.010000
0 0.691650 0.341471 0.010000 0.010000
0 0.100000 0.342448 0.010000 0.010000
0 0.704346 0.342448 0.010000 0.010000
0 0.706787 0.344727 0.010000 0.010000
0 0.100000 0.345378 0.010000 0.010000
0 0.281494 0.354167 0.011230 0.016927
0 0.100000 0.347656 0.010000 0.010000
0 0.708496 0.347982 0.010000 0.010000
0 0.268555 0.353190 0.010000 0.010000
0 0.197021 0.357422 0.010000 0.010000
0 0.739014 0.355469 0.010000 0.010000
0 0.713379 0.358398 0.010000 0.010000
0 0.278076 0.362305 0.010000 0.010000
0 0.196777 0.362630 0.010000 0.010000
0 0.713623 0.362305 0.010000 0.010000
0 0.221436 0.366211 0.010000 0.010000
0 0.274414 0.366211 0.010000 0.010000
0 0.139160 0.374674 0.010000 0.010000
0 0.676025 0.381510 0.010000 0.010000
0 0.652588 0.393229 0.010000 0.010000
0 0.201904 0.394206 0.010000 0.010000
0 0.249756 0.399740 0.010000 0.010000
0 0.222168 0.402669 0.010000 0.010000
0 0.675293 0.407552 0.010000 0.010000
0 0.214600 0.411784 0.010000 0.010000
0 0.394531 0.411458 0.010000 0.010000
0 0.100000 0.422526 0.010000 0.010000
0 0.900000 0.437500 0.010000 0.010000
0 0.124512 0.441732 0.010000 0.010000
0 0.125000 0.440430 0.010000 0.010000
0 0.123779 0.449544 0.010000 0.010000
0 0.336670 0.446615 0.010000 0.010000
0 0.787109 0.451823 0.010000 0.010000
0 0.379150 0.480143 0.010000 0.010000
0 0.221680 0.493490 0.010000 0.010000
0 0.606445 0.522461 0.074219 0.060547
0 0.738525 0.503906 0.010000 0.010000
0 0.733643 0.516276 0.010000 0.010000
0 0.880859 0.515625 0.010000 0.010000
0 0.589111 0.516927 0.010000 0.010000
0 0.756104 0.522461 0.010000 0.010000
0 0.755371 0.523763 0.010000 0.010000
0 0.750732 0.533529 0.010000 0.010000
0 0.744629 0.537435 0.010000 0.010000
0 0.358154 0.543620 0.010000 0.010000
0 0.900000 0.544271 0.010000 0.010000
0 0.601807 0.548177 0.010000 0.010000
0 0.599121 0.548503 0.010000 0.010000
0 0.209961 0.552734 0.010000 0.010000
0 0.214600 0.555339 0.010000 0.010000
0 0.601807 0.555990 0.010000 0.010000
0 0.606445 0.557292 0.010000 0.010000
0 0.900000 0.555339 0.010000 0.010000
0 0.212158 0.556315 0.010000 0.010000
0 0.220459 0.556966 0.010000 0.010000
0 0.721924 0.558919 0.010000 0.010000
0 0.727783 0.562500 0.010000 0.010000
0 0.218262 0.565755 0.010000 0.010000
0 0.401123 0.576497 0.010254 0.012370
0 0.886963 0.584961 0.010000 0.010000
0 0.328369 0.586914 0.010000 0.010000
0 0.717773 0.590820 0.010000 0.010000
0 0.196777 0.609375 0.010000 0.010000
0 0.142090 0.613932 0.010000 0.010000
0 0.266602 0.615560 0.010000 0.010000
0 0.400879 0.626628 0.010000 0.010000
0 0.789062 0.630859 0.010000 0.010000
0 0.716064 0.630208 0.010000 0.010000
0 0.648438 0.634115 0.010000 0.010000
0 0.717529 0.639323 0.010000 0.010000
0 0.260498 0.641602 0.010000 0.010000
0 0.900000 0.643880 0.010000 0.010000
0 0.100000 0.643880 0.010000 0.010000
0 0.815674 0.643880 0.010000 0.010000
0 0.900000 0.646159 0.010000 0.010000
0 0.900000 0.647786 0.010000 0.010000
0 0.571289 0.655599 0.010000 0.010000
0 0.597168 0.658203 0.010000 0.010000
0 0.312012 0.660156 0.010000 0.010000
0 0.593262 0.662760 0.010000 0.010000
0 0.169189 0.667969 0.010000 0.010000
0 0.488770 0.684245 0.010000 0.010000
0 0.479492 0.692057 0.010000 0.010000
0 0.268799 0.695312 0.010000 0.010000
0 0.100000 0.702799 0.010000 0.010000
0 0.758301 0.711589 0.010000 0.010000
0 0.796631 0.709635 0.010000 0.010000
0 0.133789 0.721680 0.010000 0.010000
0 0.330566 0.722005 0.010000 0.010000
0 0.532715 0.736979 0.010000 0.010000
0 0.163574 0.739583 0.010000 0.010000
0 0.900000 0.756185 0.010000 0.010000
0 0.643555 0.765299 0.010000 0.010000
0 0.900000 0.768555 0.010000 0.010000
0 0.308594 0.776367 0.010000 0.010000
0 0.393799 0.780924 0.010000 0.010000
0 0.324463 0.783529 0.010000 0.010000
0 0.153809 0.783529 0.010000 0.010000
0 0.343018 0.783529 0.010000 0.010000
0 0.425537 0.793294 0.010000 0.010000
0 0.410156 0.795898 0.010000 0.010000
0 0.261719 0.804362 0.010000 0.010000
0 0.319580 0.811849 0.010000 0.010000
0 0.607178 0.813477 0.010000 0.010000
0 0.281738 0.829102 0.010000 0.010000
0 0.746094 0.837891 0.010742 0.013021
0 0.167480 0.834635 0.010000 0.010000
0 0.754395 0.854492 0.010000 0.010000
0 0.834473 0.856120 0.010000 0.010000
0 0.100000 0.858398 0.010000 0.010000
0 0.282471 0.858073 0.010000 0.010000
0 0.100000 0.860026 0.010000 0.010000
0 0.642334 0.859701 0.010000 0.010000
0 0.645996 0.868490 0.010000 0.010000
0 0.124512 0.872396 0.010000 0.010000
0 0.838867 0.870443 0.010000 0.010000
0 0.841064 0.875651 0.010000 0.010000
0 0.900000 0.875977 0.010000 0.010000
0 0.396729 0.880859 0.010000 0.010000
0 0.579346 0.879232 0.010000 0.010000
0 0.489990 0.882487 0.010000 0.010000
0 0.182373 0.893555 0.010000 0.010000
0 0.251465 0.894531 0.010000 0.010000
0 0.143066 0.897135 0.010000 0.010000
0 0.195557 0.900000 0.010000 0.010000
0 0.139404 0.900000 0.010000 0.010000
0 0.163818 0.900000 0.010000 0.010000
0 0.212646 0.900000 0.010000 0.010000
0 0.220459 0.900000 0.010000 0.010000
0 0.136963 0.900000 0.010000 0.010000
0 0.342285 0.900000 0.010000 0.010000
0 0.722412 0.900000 0.010000 0.010000
0 0.100000 0.900000 0.010000 0.010000
0 0.319092 0.900000 0.010000 0.010000
0 0.726562 0.900000 0.010000 0.010000
0 0.100000 0.900000 0.010000 0.010000
0 0.890625 0.900000 0.010000 0.010000
0 0.439453 0.900000 0.010000 0.010000
0 0.821777 0.900000 0.010000 0.010000
0 0.618896 0.900000 0.010000 0.010000
0 0.674316 0.900000 0.010000 0.010000
0 0.100000 0.900000 0.010000 0.010000
0 0.307129 0.900000 0.010000 0.010000
0 0.245850 0.900000 0.010000 0.010000
0 0.656982 0.900000 0.010000 0.010000
0 0.327881 0.900000 0.010000 0.010000
0 0.312012 0.900000 0.010000 0.010000
0 0.100000 0.900000 0.010000 0.010000
0 0.519775 0.900000 0.010000 0.010000
0 0.100000 0.900000 0.010000 0.010000
0 0.177246 0.900000 0.010000 0.010000
0 0.265869 0.900000 0.010000 0.010000
0 0.100000 0.900000 0.010000 0.010000
0 0.900000 0.900000 0.010000 0.010000
