0 0.489258 0.160156 0.044922 0.042969
0 0.760742 0.165039 0.041016 0.044922
0 0.379883 0.178711 0.044922 0.048828
0 0.708984 0.227539 0.042969 0.041016
0 0.769531 0.305664 0.039062 0.037109
0 0.569336 0.343750 0.044922 0.039062
0 0.416992 0.378906 0.041016 0.039062
0 0.721680 0.520508 0.044922 0.048828
0 0.295898 0.600586 0.041016 0.041016
0 0.874023 0.628906 0.072266 0.078125
0 0.379883 0.620117 0.044922 0.044922
0 0.530273 0.718750 0.041016 0.042969
0 0.731445 0.781250 0.076172 0.066406
0 0.109375 0.849609 0.042969 0.039062
0 0.556641 0.900000 0.062500 0.076172
