1 0.500000 0.500000 0.500000 0.500000
0 0.100000 0.100000 0.035645 0.022786
0 0.483643 0.100000 0.034668 0.037109
0 0.508057 0.100000 0.010000 0.010000
0 0.566406 0.100000 0.013672 0.022135
0 0.580566 0.100000 0.013672 0.010000
0 0.599854 0.100000 0.010000 0.010000
0 0.602783 0.100000 0.010000 0.010000
0 0.607178 0.100000 0.010000 0.010000
0 0.613037 0.100000 0.010254 0.019531
0 0.577637 0.100000 0.010000 0.010000
0 0.277100 0.100000 0.010000 0.010000
0 0.834961 0.100000 0.010000 0.010000
0 0.248779 0.100000 0.010000 0.010000
0 0.276123 0.100000 0.010000 0.010000
0 0.678711 0.100000 0.010000 0.010000
0 0.423584 0.100000 0.010000 0.010417
0 0.203857 0.100000 0.010000 0.010000
0 0.100000 0.100000 0.010000 0.010000
0 0.100000 0.100000 0.010000 0.010000
0 0.100000 0.100000 0.010000 0.010000
0 0.900000 0.100000 0.010000 0.010000
0 0.112793 0.100000 0.010000 0.010000
0 0.408691 0.100000 0.010000 0.010000
0 0.729492 0.100000 0.010000 0.010000
0 0.161133 0.100000 0.010000 0.010000
0 0.445801 0.100000 0.010000 0.010000
0 0.496582 0.100000 0.010000 0.010000
0 0.642822 0.100000 0.010000 0.010000
0 0.507812 0.100000 0.010000 0.010000
0 0.468262 0.100000 0.010000 0.010000
0 0.765381 0.100000 0.010000 0.010000
0 0.416992 0.100000 0.010000 0.010000
0 0.785645 0.100000 0.010000 0.010000
0 0.234375 0.100000 0.010000 0.010000
0 0.872070 0.100000 0.010000 0.010000
0 0.550537 0.102539 0.010000 0.010000
0 0.219727 0.115560 0.010000 0.010000
0 0.900000 0.129557 0.014648 0.015625
0 0.364258 0.126302 0.010000 0.010000
0 0.100000 0.125651 0.010000 0.010000
0 0.219482 0.136393 0.012207 0.021484
0 0.340576 0.130208 0.010000 0.010000
0 0.619629 0.139323 0.010000 0.010000
0 0.900000 0.148112 0.010000 0.010000
0 0.338379 0.145508 0.010000 0.010000
0 0.900000 0.161458 0.010000 0.010000
0 0.622559 0.165039 0.010000 0.010000
0 0.100000 0.166667 0.010000 0.010000
0 0.100000 0.167643 0.010000 0.010000
0 0.178467 0.172201 0.010000 0.010000
0 0.100000 0.177409 0.010000 0.010000
0 0.100000 0.177734 0.010000 0.010000
0 0.671631 0.178385 0.010000 0.010000
0 0.100000 0.180339 0.010000 0.010000
0 0.638184 0.181641 0.010000 0.010000
0 0.871338 0.182943 0.010000 0.010000
0 0.145752 0.190104 0.010000 0.010000
0 0.100000 0.192708 0.010000 0.010000
0 0.100000 0.199544 0.010000 0.010000
0 0.153320 0.201823 0.010000 0.010000
0 0.144043 0.204427 0.010000 0.010000
0 0.713379 0.203125 0.010000 0.010000
0 0.794678 0.202799 0.010000 0.010000
0 0.658691 0.219401 0.027344 0.032552
0 0.718506 0.205729 0.010000 0.010000
0 0.132080 0.211263 0.010000 0.010000
0 0.720703 0.212565 0.010000 0.010000
0 0.518066 0.211589 0.010000 0.010000
0 0.711426 0.221354 0.010000 0.010000
0 0.786621 0.221680 0.010000 0.010000
0 0.184570 0.241536 0.029297 0.036458
0 0.447266 0.227214 0.010000 0.010000
0 0.296387 0.227865 0.010000 0.010000
0 0.451660 0.239258 0.020508 0.025391
0 0.444580 0.230143 0.010000 0.010000
0 0.650635 0.230794 0.010000 0.010000
0 0.100000 0.235026 0.010000 0.010000
0 0.815430 0.236003 0.010000 0.010000
0 0.734131 0.235352 0.010000 0.010000
0 0.100000 0.236979 0.010000 0.010000
0 0.654053 0.238932 0.010000 0.010000
0 0.861572 0.238281 0.010000 0.010000
0 0.868164 0.241211 0.010000 0.010000
0 0.656250 0.242188 0.010000 0.010000
0 0.635254 0.243490 0.010000 0.010000
0 0.614746 0.246094 0.010000 0.010000
0 0.297607 0.249023 0.010000 0.010000
0 0.483398 0.256510 0.013672 0.019531
0 0.862793 0.249023 0.010000 0.010000
0 0.103027 0.251628 0.010000 0.010000
0 0.298828 0.249349 0.010000 0.010000
0 0.462402 0.249674 0.010000 0.010000
0 0.492920 0.250651 0.010000 0.010000
0 0.742920 0.262044 0.028809 0.022786
0 0.495605 0.257487 0.010000 0.010000
0 0.743896 0.261393 0.010000 0.010000
0 0.755859 0.262044 0.010000 0.010000
0 0.535889 0.270833 0.010000 0.010000
0 0.676025 0.278320 0.010000 0.010000
0 0.100000 0.278320 0.010000 0.010000
0 0.297852 0.280599 0.010000 0.010000
0 0.374756 0.289714 0.014160 0.015625
0 0.416260 0.282878 0.010000 0.010000
0 0.424072 0.287435 0.011230 0.011068
0 0.100000 0.284831 0.010000 0.010000
0 0.429443 0.287435 0.010000 0.010000
0 0.739502 0.284831 0.010000 0.010000
0 0.100000 0.292969 0.010000 0.011719
0 0.898682 0.294271 0.010000 0.010000
0 0.871338 0.296875 0.010000 0.010000
0 0.100000 0.300130 0.010000 0.010000
0 0.483154 0.316081 0.012207 0.016276
0 0.900000 0.308919 0.010000 0.010000
0 0.100000 0.310547 0.010000 0.010000
0 0.291016 0.309896 0.010000 0.010000
0 0.589355 0.312826 0.010000 0.010000
0 0.189209 0.317383 0.010000 0.010000
0 0.772461 0.323893 0.010000 0.010000
0 0.100000 0.336263 0.010000 0.010000
0 0.100000 0.344401 0.010000 0.010000
0 0.475342 0.343424 0.010000 0.010000
0 0.100000 0.346029 0.010000 0.010000
0 0.100000 0.346680 0.010000 0.010000
0 0.100000 0.355143 0.021484 0.024089
0 0.100000 0.346680 0.010000 0.010000
0 0.100000 0.349609 0.010000 0.010000
0 0.100000 0.352865 0.010000 0.010000
0 0.611572 0.356445 0.010000 0.010000
0 0.725586 0.360026 0.010000 0.010000
0 0.562012 0.365560 0.010000 0.010000
0 0.190430 0.369792 0.010000 0.010000
0 0.563721 0.370768 0.010000 0.010000
0 0.680420 0.370443 0.010000 0.010000
0 0.106689 0.375000 0.010000 0.010000
0 0.639160 0.375977 0.010000 0.010000
0 0.675293 0.395508 0.010000 0.010000
0 0.704590 0.401042 0.010000 0.010000
0 0.100000 0.402344 0.010000 0.010000
0 0.162354 0.409180 0.010000 0.010000
0 0.856445 0.409180 0.010000 0.010000
0 0.100000 0.413086 0.010000 0.010000
0 0.290039 0.438151 0.023438 0.053385
0 0.100000 0.423503 0.010000 0.010000
0 0.530518 0.425456 0.010000 0.010000
0 0.100000 0.423828 0.010000 0.010000
0 0.280762 0.436523 0.010000 0.014974
0 0.900000 0.434896 0.010000 0.010000
0 0.841064 0.438151 0.010000 0.010000
0 0.163330 0.441081 0.010000 0.010000
0 0.163330 0.444010 0.010000 0.010000
0 0.246338 0.453776 0.011230 0.015625
0 0.374268 0.448568 0.010000 0.010000
0 0.369141 0.448568 0.010000 0.010000
0 0.596924 0.451172 0.010000 0.010000
0 0.826416 0.478841 0.010000 0.010000
0 0.395752 0.486003 0.010000 0.010000
0 0.900000 0.486654 0.010000 0.010000
0 0.900000 0.491862 0.010000 0.010000
0 0.580811 0.503581 0.010000 0.010000
0 0.637695 0.509115 0.010000 0.010000
0 0.449707 0.515951 0.010000 0.010000
0 0.726318 0.521159 0.010000 0.010000
0 0.122070 0.524740 0.026367 0.010417
0 0.135254 0.522786 0.010000 0.010000
0 0.726074 0.526367 0.010000 0.010000
0 0.100000 0.532552 0.010000 0.010000
0 0.100000 0.535156 0.010000 0.010000
0 0.348389 0.540365 0.010000 0.010000
0 0.100000 0.544596 0.010000 0.010000
0 0.165527 0.545898 0.010000 0.010000
0 0.853271 0.546875 0.010000 0.010000
0 0.512451 0.553385 0.010000 0.010000
0 0.183350 0.555339 0.010000 0.010000
0 0.810547 0.562500 0.010000 0.010000
0 0.100000 0.565430 0.010000 0.010000
0 0.410156 0.565430 0.010000 0.010000
0 0.100000 0.566732 0.010000 0.010000
0 0.410889 0.566081 0.010000 0.010000
0 0.407227 0.573242 0.010000 0.010000
0 0.900000 0.578451 0.010000 0.010000
0 0.377686 0.580404 0.010000 0.010000
0 0.404297 0.581055 0.010000 0.010000
0 0.406006 0.582031 0.010000 0.010000
0 0.511230 0.582031 0.010000 0.010000
0 0.769775 0.587565 0.010000 0.010000
0 0.646973 0.598307 0.010000 0.010000
0 0.767090 0.599609 0.010000 0.010000
0 0.883789 0.599935 0.010000 0.010000
0 0.813721 0.610026 0.010000 0.014323
0 0.900000 0.607096 0.010000 0.010000
0 0.831543 0.628255 0.010000 0.010000
0 0.900000 0.636719 0.010000 0.010000
0 0.100000 0.637370 0.010000 0.010000
0 0.487061 0.640299 0.010000 0.010000
0 0.344238 0.645182 0.010000 0.010000
0 0.865234 0.650065 0.010000 0.010000
0 0.412354 0.655273 0.010000 0.010000
0 0.333008 0.662760 0.010000 0.010000
0 0.161621 0.666016 0.010000 0.010000
0 0.900000 0.674154 0.010000 0.010000
0 0.190430 0.676758 0.010000 0.010000
0 0.333984 0.676107 0.010000 0.010000
0 0.836914 0.677083 0.010000 0.010000
0 0.900000 0.680013 0.010000 0.010000
0 0.378418 0.680990 0.010000 0.010000
0 0.314209 0.690104 0.010000 0.010000
0 0.900000 0.692057 0.010000 0.010000
0 0.321289 0.694010 0.010000 0.010000
0 0.168701 0.701172 0.010000 0.010000
0 0.654053 0.710612 0.010000 0.010000
0 0.302979 0.715820 0.010000 0.010000
0 0.735352 0.715169 0.010000 0.010000
0 0.900000 0.718099 0.010000 0.010000
0 0.820557 0.718424 0.010000 0.010000
0 0.900000 0.725260 0.010000 0.010000
0 0.122070 0.728190 0.010000 0.010000
0 0.100000 0.736328 0.010000 0.010000
0 0.642578 0.746094 0.010000 0.010000
0 0.598877 0.765625 0.010000 0.010000
0 0.610596 0.767578 0.010000 0.010000
0 0.309570 0.769206 0.010000 0.010000
0 0.433105 0.783854 0.010000 0.010000
0 0.676514 0.788411 0.010000 0.010000
0 0.100000 0.792969 0.010000 0.010000
0 0.100000 0.796224 0.010000 0.010000
0 0.183594 0.792643 0.010000 0.010000
0 0.122070 0.794596 0.010000 0.010000
0 0.100000 0.799154 0.010000 0.010000
0 0.209961 0.802409 0.010000 0.010000
0 0.551758 0.815430 0.010000 0.010000
0 0.229736 0.820964 0.010000 0.010000
0 0.100000 0.823242 0.010000 0.010000
0 0.479004 0.835612 0.010000 0.014974
0 0.100000 0.834635 0.010000 0.010000
0 0.393799 0.839518 0.010000 0.010000
0 0.100000 0.842448 0.010000 0.010000
0 0.266846 0.852214 0.011230 0.014323
0 0.100000 0.849609 0.010000 0.010000
0 0.205811 0.853841 0.010000 0.010000
0 0.237793 0.858073 0.010000 0.010000
0 0.883545 0.862956 0.010000 0.010000
0 0.900000 0.864258 0.010000 0.010000
0 0.100000 0.863607 0.010000 0.010000
0 0.100000 0.872070 0.010000 0.010000
0 0.138184 0.875651 0.010000 0.010000
0 0.611816 0.875000 0.010000 0.010000
0 0.406494 0.877930 0.010000 0.010000
0 0.468506 0.894857 0.010000 0.010000
0 0.604736 0.900000 0.010000 0.010000
0 0.109375 0.900000 0.010000 0.010000
0 0.581787 0.900000 0.010000 0.010000
0 0.229980 0.900000 0.010000 0.010000
0 0.100000 0.900000 0.010000 0.010000
0 0.100000 0.900000 0.010000 0.010417
0 0.736328 0.900000 0.010000 0.010000
0 0.500244 0.900000 0.010000 0.010000
0 0.100000 0.900000 0.010000 0.010000
0 0.344482 0.900000 0.010000 0.010000
0 0.299072 0.900000 0.010000 0.010000
0 0.262207 0.900000 0.010000 0.010000
0 0.100000 0.900000 0.010000 0.010000
0 0.540039 0.900000 0.010000 0.010000
0 0.884766 0.900000 0.010000 0.010000
0 0.892090 0.900000 0.010000 0.010000
