0 0.100000 0.148763 0.092773 0.296224
1 0.232910 0.365560 0.371094 0.500000
0 0.100000 0.100000 0.010000 0.014323
0 0.103027 0.100000 0.037109 0.033854
0 0.161377 0.100000 0.010254 0.011068
0 0.167236 0.100000 0.010000 0.010000
0 0.259766 0.113607 0.179688 0.225911
0 0.270752 0.100000 0.038574 0.010000
0 0.340820 0.100000 0.019531 0.039062
0 0.392334 0.100000 0.068848 0.081380
0 0.399902 0.100000 0.010000 0.010000
0 0.424072 0.100000 0.015137 0.018229
0 0.447510 0.100000 0.010000 0.010000
0 0.480469 0.100000 0.064453 0.086589
0 0.470215 0.100000 0.010000 0.010000
0 0.481934 0.100000 0.010000 0.010000
0 0.508057 0.100000 0.035645 0.076823
0 0.542236 0.100000 0.077637 0.062500
0 0.545654 0.100000 0.010000 0.010000
0 0.580078 0.100000 0.010000 0.010000
1 0.695068 0.476888 0.500000 0.500000
0 0.650391 0.100000 0.010000 0.010000
0 0.732178 0.100000 0.024902 0.013021
0 0.750488 0.100000 0.010000 0.010000
0 0.762695 0.100000 0.010000 0.010000
0 0.768066 0.100000 0.040039 0.038411
0 0.779785 0.100000 0.010000 0.010000
0 0.780518 0.100000 0.010000 0.010000
0 0.781494 0.100000 0.010000 0.010000
0 0.783203 0.100000 0.010000 0.010000
0 0.900000 0.100000 0.010000 0.010000
0 0.750732 0.100000 0.011230 0.010000
0 0.159424 0.100000 0.010000 0.010000
0 0.452637 0.100000 0.010000 0.010000
0 0.673828 0.100000 0.010000 0.010000
0 0.739014 0.100000 0.010000 0.010000
0 0.832275 0.100000 0.010000 0.010000
0 0.900000 0.100000 0.010000 0.010000
0 0.100000 0.100000 0.010000 0.010000
0 0.722168 0.100000 0.010000 0.010000
0 0.742432 0.100000 0.011230 0.010000
0 0.776855 0.100000 0.010000 0.010000
0 0.777832 0.100000 0.010000 0.010000
0 0.803711 0.100000 0.010000 0.010000
0 0.805664 0.100000 0.010000 0.010000
0 0.746094 0.100000 0.010742 0.010000
0 0.441406 0.100000 0.030273 0.036458
0 0.189697 0.100000 0.010000 0.010000
0 0.308350 0.100000 0.010000 0.011719
0 0.357910 0.100000 0.010000 0.010000
0 0.348877 0.100000 0.010000 0.010000
0 0.351807 0.100000 0.010000 0.010000
0 0.355957 0.100000 0.010000 0.010000
0 0.758301 0.100000 0.010000 0.010000
0 0.762207 0.100000 0.010000 0.010000
0 0.349121 0.100000 0.010000 0.010000
0 0.112549 0.100000 0.010000 0.010000
0 0.752197 0.100000 0.010000 0.010000
0 0.774414 0.100000 0.010000 0.010000
0 0.119141 0.100000 0.010000 0.010000
0 0.352051 0.100000 0.010000 0.010000
0 0.113281 0.100000 0.010000 0.010000
0 0.414551 0.100000 0.010000 0.011068
0 0.415283 0.100000 0.010000 0.010000
0 0.352295 0.100000 0.010000 0.010000
0 0.752197 0.100000 0.010000 0.010000
0 0.787598 0.100000 0.010000 0.010000
0 0.561523 0.100000 0.010000 0.010000
0 0.789062 0.100000 0.010000 0.010000
0 0.160889 0.100000 0.020020 0.013672
0 0.769287 0.100000 0.010000 0.010000
0 0.793945 0.100000 0.010000 0.010000
0 0.173584 0.100000 0.017090 0.015625
0 0.476074 0.100000 0.010000 0.019531
0 0.755127 0.100000 0.010000 0.010000
0 0.772461 0.100000 0.010000 0.010000
0 0.900000 0.100000 0.010000 0.010000
0 0.618408 0.100000 0.034668 0.057292
0 0.770752 0.100000 0.010000 0.011068
0 0.768066 0.100000 0.010000 0.010000
0 0.212891 0.100000 0.010000 0.010000
0 0.768555 0.100000 0.014648 0.014974
0 0.731445 0.100000 0.010000 0.010000
0 0.435059 0.100000 0.010000 0.010000
0 0.736328 0.100000 0.010000 0.010000
0 0.333252 0.100000 0.010000 0.010000
0 0.900000 0.100000 0.013184 0.034505
0 0.900000 0.100000 0.010000 0.010000
0 0.900000 0.100000 0.047852 0.057292
0 0.117676 0.100000 0.010000 0.010000
0 0.156982 0.100000 0.010254 0.010000
0 0.169434 0.100000 0.010000 0.010000
0 0.335449 0.100000 0.010742 0.017578
0 0.357910 0.100000 0.016602 0.014323
0 0.449951 0.100000 0.010000 0.010000
0 0.276123 0.100000 0.010000 0.010000
0 0.603760 0.100000 0.010000 0.010000
0 0.747070 0.100000 0.011719 0.010000
0 0.539062 0.100000 0.010000 0.018880
0 0.760498 0.100000 0.010000 0.010000
0 0.900000 0.100000 0.010000 0.010000
0 0.766357 0.100000 0.010000 0.010000
0 0.100000 0.100000 0.012695 0.010417
0 0.412354 0.100000 0.090332 0.085286
0 0.543457 0.100000 0.010000 0.010000
0 0.900000 0.100000 0.010000 0.010000
0 0.477783 0.100000 0.010000 0.012370
0 0.100000 0.100000 0.010000 0.010000
0 0.758057 0.100000 0.010000 0.010000
0 0.477295 0.100000 0.010000 0.010000
0 0.113281 0.100000 0.010000 0.010000
0 0.692627 0.100000 0.022949 0.018880
0 0.698242 0.100000 0.010000 0.010000
0 0.708008 0.100000 0.022461 0.042318
0 0.780518 0.100000 0.010000 0.010000
0 0.900000 0.100000 0.010000 0.010000
0 0.748047 0.100000 0.010000 0.010000
0 0.900000 0.100000 0.010000 0.010000
0 0.742188 0.100000 0.010000 0.010417
0 0.900000 0.100000 0.010000 0.010000
0 0.549805 0.100000 0.010000 0.010000
0 0.900000 0.100000 0.010000 0.010000
0 0.193115 0.100000 0.010000 0.010000
0 0.267334 0.100000 0.024902 0.022135
0 0.584229 0.100000 0.010000 0.010000
0 0.432373 0.100000 0.010000 0.010000
0 0.466797 0.100000 0.017578 0.014974
0 0.517822 0.100000 0.010000 0.010000
0 0.703369 0.100000 0.010000 0.010000
0 0.255371 0.100000 0.010000 0.010000
0 0.497559 0.100000 0.010000 0.010000
0 0.256592 0.100000 0.010000 0.010000
0 0.512939 0.100000 0.010000 0.010000
0 0.482422 0.100000 0.010000 0.010000
0 0.513916 0.100000 0.010000 0.010000
0 0.236572 0.100000 0.010000 0.010000
0 0.472168 0.100000 0.010000 0.010000
0 0.210938 0.100000 0.012695 0.010000
0 0.481445 0.100000 0.010000 0.011068
0 0.515869 0.100000 0.010000 0.010000
0 0.231445 0.100000 0.012695 0.011719
0 0.360352 0.100000 0.013672 0.010000
0 0.477051 0.100000 0.010000 0.010000
0 0.206299 0.100000 0.010000 0.010000
0 0.221436 0.100000 0.012207 0.020833
0 0.282227 0.100000 0.010000 0.010000
0 0.280762 0.100000 0.010000 0.010000
0 0.373535 0.121419 0.044922 0.059245
0 0.765869 0.100000 0.010000 0.010000
0 0.900000 0.100000 0.010000 0.010000
0 0.675049 0.105794 0.010000 0.021484
0 0.900000 0.100000 0.010000 0.010000
0 0.257568 0.102214 0.010000 0.010417
0 0.260254 0.102865 0.010000 0.010000
0 0.471924 0.100260 0.010000 0.010000
0 0.900000 0.100000 0.010000 0.010000
0 0.900000 0.100260 0.010000 0.010000
0 0.900000 0.100000 0.010000 0.010000
0 0.255127 0.103516 0.010000 0.010000
0 0.262939 0.107096 0.010000 0.016276
0 0.565674 0.100911 0.010000 0.010000
0 0.810791 0.106445 0.013184 0.013672
0 0.217285 0.107096 0.010000 0.013672
0 0.282959 0.103516 0.010000 0.010000
0 0.465332 0.108398 0.010000 0.012370
0 0.468506 0.105143 0.010000 0.010000
0 0.518555 0.105469 0.010000 0.010000
0 0.900000 0.103516 0.010000 0.010000
0 0.516846 0.106445 0.010000 0.010000
0 0.900000 0.115234 0.012207 0.023438
0 0.239014 0.108724 0.010000 0.010000
0 0.266602 0.108073 0.010000 0.010000
0 0.463623 0.113932 0.010000 0.018229
0 0.515625 0.106120 0.010000 0.010000
0 0.697754 0.107096 0.010000 0.010000
0 0.394043 0.190755 0.070312 0.166667
0 0.456787 0.110026 0.010000 0.010000
0 0.482178 0.108398 0.010000 0.010000
0 0.900000 0.117839 0.014648 0.020833
0 0.216309 0.112956 0.010000 0.010000
0 0.697510 0.110677 0.010000 0.010000
0 0.276367 0.118490 0.010000 0.011719
0 0.493896 0.116536 0.010000 0.010000
0 0.262451 0.116211 0.010000 0.010000
0 0.497803 0.113932 0.010000 0.010000
0 0.690430 0.118490 0.010000 0.010000
0 0.214111 0.116536 0.010000 0.010000
0 0.280029 0.118490 0.010000 0.010000
0 0.261719 0.119141 0.010000 0.010000
0 0.289062 0.117513 0.010000 0.010000
0 0.213379 0.119141 0.010000 0.010000
0 0.473633 0.125000 0.013672 0.014323
0 0.491943 0.122070 0.010000 0.010000
0 0.838867 0.118164 0.010000 0.010000
0 0.212891 0.121094 0.010000 0.010000
0 0.300049 0.122070 0.010000 0.010000
0 0.475586 0.129232 0.014648 0.016276
0 0.299805 0.125326 0.010000 0.010000
0 0.270508 0.137044 0.010000 0.022786
0 0.492676 0.127930 0.010000 0.010000
0 0.512695 0.129557 0.010000 0.010000
0 0.492676 0.129883 0.010000 0.010000
0 0.900000 0.128906 0.010000 0.010000
0 0.244385 0.161784 0.044434 0.064453
0 0.420166 0.131185 0.010000 0.010000
0 0.428711 0.138021 0.016602 0.018229
0 0.493652 0.131836 0.010000 0.010000
0 0.206055 0.132812 0.010000 0.010000
0 0.730469 0.145508 0.035156 0.027995
0 0.100000 0.138021 0.010000 0.010000
0 0.205322 0.141276 0.010000 0.015625
0 0.206299 0.136393 0.010000 0.010000
0 0.100000 0.143555 0.010000 0.016276
0 0.285645 0.140299 0.010000 0.010000
0 0.273926 0.143229 0.010000 0.010417
0 0.281250 0.143229 0.010742 0.010417
0 0.100000 0.143880 0.010000 0.010000
0 0.281738 0.143229 0.010000 0.010000
0 0.448242 0.142578 0.010000 0.010000
0 0.891113 0.153320 0.010000 0.024089
0 0.628906 0.143880 0.010000 0.010000
0 0.100000 0.146484 0.010000 0.010000
0 0.268311 0.146484 0.010000 0.010000
0 0.435547 0.146159 0.010000 0.010000
0 0.454834 0.154948 0.018066 0.020833
0 0.100000 0.150391 0.010000 0.010000
0 0.881592 0.148112 0.010000 0.010000
0 0.182861 0.151042 0.010000 0.010000
0 0.352539 0.150065 0.010000 0.010000
0 0.377197 0.153971 0.011230 0.012370
0 0.749023 0.151042 0.010000 0.010000
0 0.100000 0.164714 0.014160 0.032552
0 0.208496 0.153646 0.010000 0.010000
0 0.364258 0.151042 0.010000 0.010000
0 0.745117 0.151367 0.010000 0.010000
0 0.747559 0.156576 0.010000 0.010000
0 0.100000 0.165690 0.010000 0.025391
0 0.336670 0.194010 0.027832 0.083333
0 0.458984 0.153320 0.010000 0.010000
0 0.100000 0.159180 0.010000 0.010000
0 0.549072 0.157878 0.010000 0.010000
0 0.555420 0.157552 0.012207 0.010000
0 0.647461 0.156250 0.010000 0.010000
0 0.669678 0.180339 0.044434 0.052083
0 0.900000 0.159180 0.011719 0.010000
0 0.207275 0.157878 0.010000 0.010000
0 0.557129 0.165690 0.011719 0.017578
0 0.740967 0.168620 0.015137 0.020833
0 0.206787 0.162435 0.010000 0.010000
0 0.100000 0.173177 0.010000 0.023438
0 0.558105 0.166341 0.010000 0.010000
0 0.895020 0.164062 0.010000 0.010000
0 0.227783 0.167318 0.010000 0.010000
0 0.458740 0.173828 0.012207 0.016927
0 0.100000 0.168294 0.010000 0.010000
0 0.618408 0.168294 0.010000 0.010000
0 0.226807 0.169922 0.010000 0.010000
0 0.564697 0.172526 0.010000 0.010000
0 0.830078 0.185872 0.039062 0.035807
0 0.208740 0.172201 0.010000 0.010000
0 0.100000 0.173177 0.010000 0.010000
0 0.566895 0.175130 0.010000 0.010000
0 0.354980 0.180013 0.013672 0.016276
0 0.411865 0.173828 0.010000 0.010000
0 0.900000 0.174479 0.010000 0.010000
0 0.100000 0.177409 0.010000 0.010000
0 0.359131 0.175130 0.010000 0.010000
0 0.736328 0.176758 0.010000 0.010000
0 0.734619 0.177083 0.010000 0.010000
0 0.100000 0.181966 0.010000 0.010000
0 0.463379 0.229818 0.051758 0.105469
0 0.805176 0.189779 0.017578 0.024089
0 0.100000 0.194336 0.010000 0.024089
0 0.100000 0.185547 0.010000 0.010000
0 0.261719 0.190755 0.010000 0.013021
0 0.850830 0.186198 0.010000 0.010000
0 0.476074 0.191081 0.010000 0.010000
0 0.873291 0.207031 0.023926 0.036458
0 0.100000 0.193034 0.010000 0.010000
0 0.249512 0.195638 0.010000 0.010000
0 0.100000 0.194336 0.010000 0.010000
0 0.419434 0.194987 0.010000 0.010000
0 0.421387 0.194661 0.010000 0.010000
0 0.422607 0.194661 0.010000 0.010000
0 0.427490 0.194336 0.010000 0.010000
0 0.485596 0.193034 0.010000 0.010000
0 0.487793 0.192057 0.010000 0.010000
0 0.864014 0.197266 0.013184 0.011719
0 0.578613 0.193685 0.010000 0.010000
0 0.861328 0.195638 0.010000 0.010000
0 0.864502 0.196289 0.010000 0.010000
0 0.900000 0.193685 0.010000 0.010000
0 0.100000 0.198242 0.010000 0.010000
0 0.473145 0.195964 0.010000 0.010000
0 0.488037 0.195638 0.010000 0.010000
0 0.579102 0.195964 0.010000 0.010000
0 0.100000 0.209961 0.010000 0.027995
0 0.476807 0.207357 0.012207 0.022786
0 0.485840 0.196289 0.010000 0.010000
0 0.100000 0.208984 0.010000 0.020833
0 0.100000 0.202148 0.010000 0.010000
0 0.293457 0.212565 0.014648 0.029297
0 0.476807 0.199870 0.010000 0.010000
0 0.631104 0.224935 0.055176 0.052734
0 0.100000 0.204427 0.010000 0.010000
0 0.100000 0.203451 0.010000 0.010000
0 0.100000 0.206706 0.012207 0.014974
0 0.262451 0.203451 0.011230 0.010000
0 0.604492 0.201497 0.010000 0.010000
0 0.832031 0.200846 0.010000 0.010000
0 0.100000 0.203451 0.010000 0.010000
0 0.261963 0.202799 0.010000 0.010000
0 0.852539 0.203125 0.010000 0.010000
0 0.581299 0.205078 0.010000 0.010000
0 0.860596 0.207357 0.010000 0.010000
0 0.584961 0.208659 0.010000 0.010000
0 0.396484 0.214518 0.014648 0.016276
0 0.831787 0.213216 0.010254 0.014974
0 0.893311 0.209310 0.010000 0.010000
0 0.237549 0.231445 0.054199 0.048828
0 0.856445 0.208659 0.010000 0.010000
0 0.100000 0.211263 0.010000 0.010000
0 0.207764 0.211263 0.010000 0.010000
0 0.315674 0.215820 0.010000 0.011068
0 0.590332 0.214193 0.010742 0.010000
0 0.892822 0.211589 0.010000 0.010000
0 0.900000 0.210938 0.010000 0.010000
0 0.900000 0.215169 0.010000 0.010000
0 0.100000 0.213542 0.010000 0.010000
0 0.100000 0.216146 0.010000 0.010000
0 0.900000 0.237630 0.023438 0.050781
0 0.593262 0.221029 0.010000 0.013672
0 0.625488 0.217448 0.010000 0.010000
0 0.900000 0.217122 0.010000 0.010000
0 0.100000 0.217773 0.010000 0.010000
0 0.100000 0.237956 0.011719 0.046224
0 0.100000 0.220052 0.010254 0.010417
0 0.747559 0.223307 0.011719 0.016927
0 0.562744 0.224935 0.010000 0.013672
0 0.900000 0.220052 0.010000 0.010000
0 0.900000 0.221029 0.010000 0.010000
0 0.900000 0.233073 0.020020 0.027344
0 0.892334 0.221680 0.010000 0.010000
0 0.900000 0.222331 0.010000 0.010000
0 0.484619 0.222982 0.010000 0.010000
0 0.566162 0.228841 0.010000 0.011068
0 0.900000 0.249349 0.053711 0.053385
0 0.310791 0.224935 0.010000 0.010000
0 0.880615 0.224935 0.010000 0.010000
0 0.594238 0.228190 0.010000 0.010000
0 0.858887 0.231771 0.010000 0.010417
0 0.100000 0.237630 0.010000 0.019531
0 0.596436 0.230469 0.010000 0.010000
0 0.100000 0.324870 0.175781 0.191406
0 0.568359 0.235026 0.010000 0.010417
0 0.228271 0.235677 0.010000 0.010000
0 0.598145 0.234049 0.010000 0.010000
0 0.856445 0.234375 0.010000 0.010000
0 0.657471 0.240234 0.010000 0.011719
0 0.725830 0.238607 0.010000 0.010000
0 0.658203 0.240885 0.010000 0.010000
0 0.851074 0.241862 0.010000 0.010000
0 0.556396 0.271810 0.073730 0.063151
0 0.100000 0.242839 0.010000 0.010000
0 0.100000 0.245117 0.010000 0.010000
0 0.128174 0.245117 0.010000 0.010000
0 0.371826 0.244141 0.010000 0.010000
0 0.100000 0.247396 0.010000 0.010000
0 0.100000 0.245443 0.010000 0.010000
0 0.100000 0.245443 0.010000 0.010000
0 0.134033 0.245768 0.010000 0.010000
0 0.458984 0.247070 0.010000 0.010000
0 0.847168 0.245768 0.010000 0.010000
0 0.100000 0.248372 0.010742 0.010000
0 0.900000 0.246419 0.010000 0.010000
0 0.100000 0.251628 0.010000 0.011068
0 0.100000 0.258464 0.012695 0.022135
0 0.100000 0.283529 0.064941 0.072266
0 0.900000 0.252279 0.010000 0.010000
0 0.100000 0.258138 0.012207 0.017578
0 0.100000 0.260742 0.018066 0.021484
0 0.869141 0.254557 0.010000 0.010000
0 0.100000 0.257487 0.010000 0.011068
0 0.900000 0.253906 0.010000 0.010000
0 0.687988 0.281250 0.095703 0.055990
0 0.703369 0.253581 0.010000 0.010000
0 0.794434 0.254883 0.010000 0.010000
0 0.261230 0.255859 0.010000 0.010000
0 0.811768 0.258138 0.010000 0.010000
0 0.416016 0.285156 0.032227 0.058594
0 0.787354 0.257812 0.010254 0.010000
0 0.872559 0.258138 0.010000 0.010000
0 0.871582 0.258464 0.010000 0.010000
0 0.534912 0.260417 0.010000 0.010000
0 0.874268 0.259766 0.010000 0.010000
0 0.875488 0.261393 0.010000 0.010000
0 0.813232 0.262695 0.010000 0.010000
0 0.473389 0.268229 0.010254 0.013021
0 0.886475 0.268229 0.011230 0.010000
0 0.536865 0.265625 0.010000 0.010000
0 0.613037 0.271484 0.010000 0.013021
0 0.879150 0.266276 0.010000 0.010000
0 0.100000 0.267578 0.010000 0.010000
0 0.610596 0.271484 0.010000 0.010417
0 0.900000 0.280924 0.018066 0.024089
0 0.655518 0.271810 0.010000 0.010000
0 0.100000 0.274740 0.010000 0.010000
0 0.802979 0.272786 0.010000 0.010000
0 0.325195 0.273438 0.010000 0.010000
0 0.760742 0.274740 0.010000 0.010000
0 0.475830 0.274414 0.010000 0.010000
0 0.841309 0.276693 0.010000 0.010000
0 0.847900 0.275391 0.010000 0.010000
0 0.760254 0.277669 0.010000 0.010000
0 0.837402 0.278971 0.010000 0.010000
0 0.848877 0.277995 0.010000 0.010000
0 0.900000 0.285807 0.020508 0.018229
0 0.732910 0.280599 0.010000 0.010000
0 0.848877 0.291341 0.042480 0.027995
0 0.678955 0.284180 0.015137 0.010000
0 0.640381 0.281576 0.010000 0.010000
0 0.763184 0.281576 0.010000 0.010000
0 0.172852 0.281901 0.010000 0.010000
0 0.174805 0.305339 0.022461 0.046875
0 0.724609 0.285482 0.010000 0.010000
0 0.896729 0.284505 0.010000 0.010000
0 0.825439 0.285482 0.010000 0.010000
0 0.896240 0.285807 0.010000 0.010000
0 0.133301 0.294922 0.010000 0.011719
0 0.613525 0.292969 0.010000 0.010000
0 0.590820 0.294922 0.010000 0.010000
0 0.869385 0.295898 0.010000 0.010000
0 0.900000 0.296875 0.010000 0.010000
0 0.900000 0.295573 0.010000 0.010000
0 0.900000 0.300456 0.010742 0.011068
0 0.900000 0.295573 0.010000 0.010000
0 0.625244 0.303385 0.010000 0.010417
0 0.635498 0.304688 0.010254 0.013021
0 0.705566 0.301107 0.010000 0.010000
0 0.719727 0.301107 0.010000 0.010000
0 0.856689 0.300456 0.010000 0.010000
0 0.700684 0.303711 0.010000 0.010000
0 0.746582 0.301432 0.010000 0.010000
0 0.389648 0.305990 0.010000 0.010000
0 0.630615 0.303711 0.010000 0.010000
0 0.849121 0.303711 0.010000 0.010000
0 0.652832 0.305664 0.010000 0.010000
0 0.741211 0.308594 0.010000 0.013021
0 0.391357 0.310547 0.010000 0.013021
0 0.577881 0.309570 0.010000 0.012370
0 0.862061 0.304362 0.010000 0.010000
0 0.869141 0.351562 0.191406 0.096354
0 0.900000 0.305339 0.010000 0.010000
0 0.148926 0.312500 0.017578 0.015625
0 0.718262 0.306641 0.010000 0.010000
0 0.861816 0.310547 0.010000 0.010000
0 0.900000 0.313151 0.010742 0.014323
0 0.875977 0.313802 0.010000 0.011719
0 0.620850 0.311523 0.010000 0.010000
0 0.863037 0.311849 0.010000 0.010000
0 0.677490 0.315430 0.010000 0.010000
0 0.863770 0.312174 0.010000 0.010000
0 0.100000 0.314128 0.010000 0.010000
0 0.683105 0.316081 0.010742 0.010000
0 0.742920 0.316732 0.011230 0.011068
0 0.337158 0.317057 0.010000 0.010000
0 0.417480 0.316406 0.010000 0.010000
0 0.423096 0.325195 0.013184 0.018880
0 0.688965 0.318034 0.010000 0.010000
0 0.900000 0.317708 0.010000 0.010000
0 0.900000 0.320638 0.011719 0.011068
0 0.877686 0.317383 0.010000 0.010000
0 0.739746 0.337565 0.079102 0.039714
0 0.846680 0.321615 0.010000 0.010000
0 0.900000 0.322266 0.010000 0.010000
0 0.649658 0.324219 0.010000 0.010000
0 0.843994 0.322917 0.010000 0.010000
0 0.671631 0.325195 0.010000 0.010000
0 0.100000 0.325521 0.010000 0.010000
0 0.647461 0.327474 0.010000 0.010000
0 0.667480 0.329102 0.010000 0.010000
0 0.697998 0.328776 0.010000 0.010000
0 0.601318 0.327474 0.010000 0.010000
0 0.451416 0.350911 0.024902 0.048177
0 0.700439 0.331380 0.010000 0.010000
0 0.900000 0.354818 0.049805 0.053385
0 0.416260 0.332031 0.010000 0.010000
0 0.303467 0.342448 0.010000 0.016927
0 0.412354 0.335286 0.010000 0.010000
0 0.678467 0.340495 0.010000 0.010000
0 0.687744 0.347005 0.021973 0.016927
0 0.823975 0.344401 0.010000 0.010000
0 0.473145 0.347982 0.010000 0.010000
0 0.900000 0.348307 0.010000 0.010000
0 0.100000 0.349609 0.010000 0.010000
0 0.472168 0.352539 0.010000 0.011068
0 0.900000 0.350260 0.010000 0.010000
0 0.820068 0.350911 0.010000 0.010000
0 0.822266 0.351562 0.010000 0.010000
0 0.729248 0.352539 0.010000 0.010000
0 0.100000 0.358724 0.010000 0.010000
0 0.471436 0.357422 0.010000 0.010000
0 0.492188 0.359049 0.010000 0.010000
0 0.112793 0.360026 0.010000 0.010000
0 0.317139 0.359375 0.010000 0.010000
0 0.708008 0.373372 0.024414 0.033203
0 0.857422 0.359375 0.010000 0.010000
0 0.416748 0.359701 0.010000 0.010000
0 0.471680 0.359049 0.010000 0.010000
0 0.100000 0.362630 0.010000 0.010000
0 0.113281 0.369141 0.010000 0.018229
0 0.439453 0.361979 0.010000 0.010000
0 0.471436 0.360677 0.010000 0.010000
0 0.207031 0.370117 0.015625 0.018880
0 0.858643 0.362630 0.010000 0.010000
0 0.891113 0.363932 0.010000 0.010000
0 0.116699 0.371419 0.010000 0.017578
0 0.315430 0.364909 0.010000 0.010000
0 0.100000 0.365885 0.010000 0.010000
0 0.134277 0.376953 0.020508 0.027344
0 0.338379 0.367513 0.010000 0.010000
0 0.858154 0.372070 0.015137 0.017578
0 0.249268 0.380208 0.048340 0.029948
0 0.489990 0.367839 0.010000 0.010000
0 0.891357 0.366211 0.010000 0.010000
0 0.124512 0.372721 0.015625 0.013672
0 0.900000 0.368490 0.010000 0.010000
0 0.802002 0.368490 0.010000 0.010000
0 0.839600 0.385417 0.038574 0.035156
0 0.900000 0.370443 0.010000 0.010000
0 0.799805 0.370117 0.010000 0.010000
0 0.895508 0.375651 0.014648 0.013021
0 0.850586 0.373047 0.010000 0.010000
0 0.854736 0.373698 0.010000 0.010000
0 0.874756 0.372396 0.010000 0.010000
0 0.669678 0.373698 0.010000 0.010000
0 0.799561 0.373047 0.010000 0.010000
0 0.875244 0.377930 0.013184 0.013672
0 0.225830 0.374674 0.010000 0.010000
0 0.788818 0.375000 0.010000 0.010000
0 0.894775 0.374674 0.010000 0.010000
0 0.900000 0.379232 0.020508 0.013672
0 0.900000 0.375651 0.010000 0.010000
0 0.444824 0.380208 0.010000 0.013021
0 0.814453 0.405924 0.076172 0.064453
0 0.866211 0.378255 0.010000 0.010000
0 0.900000 0.378906 0.010254 0.010000
0 0.900000 0.376953 0.010000 0.010000
0 0.231934 0.415365 0.113281 0.076823
0 0.867920 0.380534 0.010000 0.010000
0 0.196045 0.378906 0.010000 0.010000
0 0.282227 0.431315 0.071289 0.103516
0 0.755615 0.383789 0.010000 0.010000
0 0.760010 0.380208 0.010000 0.010000
0 0.900000 0.383789 0.010000 0.010000
0 0.687500 0.385742 0.010000 0.010000
0 0.695557 0.385742 0.010000 0.010000
0 0.693359 0.385742 0.010000 0.010000
0 0.304199 0.386719 0.010000 0.010000
0 0.690674 0.386068 0.010000 0.010000
0 0.716553 0.386719 0.010000 0.010000
0 0.821289 0.387695 0.010000 0.010000
0 0.900000 0.387370 0.010742 0.010000
1 0.861084 0.583984 0.247559 0.393229
0 0.900000 0.389323 0.010000 0.010000
0 0.900000 0.390951 0.010000 0.010000
0 0.339111 0.396159 0.010000 0.014974
0 0.900000 0.389323 0.010000 0.010000
0 0.100000 0.395833 0.010000 0.011719
0 0.148682 0.397135 0.010000 0.015625
0 0.150635 0.398763 0.010000 0.018880
0 0.464355 0.398112 0.010000 0.014974
0 0.900000 0.399089 0.020020 0.016927
0 0.574951 0.402344 0.019043 0.020833
0 0.900000 0.394206 0.010000 0.010000
0 0.900000 0.418620 0.053711 0.050781
0 0.461914 0.400065 0.010000 0.010000
0 0.900000 0.398438 0.010000 0.010000
0 0.145508 0.399740 0.010000 0.010000
0 0.900000 0.441732 0.069824 0.089193
0 0.352051 0.416341 0.017578 0.034505
0 0.448730 0.409831 0.015625 0.022786
0 0.100000 0.404297 0.010000 0.010000
0 0.900000 0.405273 0.010000 0.010000
0 0.742432 0.404297 0.010000 0.010000
0 0.900000 0.403320 0.010000 0.010000
0 0.900000 0.414714 0.015625 0.023438
0 0.507324 0.431966 0.060547 0.055339
0 0.859619 0.411458 0.010000 0.014323
0 0.478271 0.407227 0.010000 0.010000
0 0.772949 0.405924 0.010000 0.010000
0 0.854248 0.412109 0.010000 0.014323
0 0.857422 0.409180 0.010000 0.010000
0 0.900000 0.406576 0.010000 0.010000
0 0.544189 0.407552 0.010000 0.010000
0 0.855957 0.409505 0.010000 0.010000
0 0.862549 0.414062 0.010000 0.014323
0 0.273193 0.408854 0.010000 0.010000
0 0.900000 0.411133 0.010000 0.010000
0 0.361572 0.415039 0.010000 0.011068
0 0.900000 0.410807 0.010000 0.010000
0 0.900000 0.415039 0.010000 0.011068
0 0.852051 0.413411 0.010000 0.010000
0 0.900000 0.417969 0.010000 0.010000
0 0.100000 0.419596 0.010000 0.010000
0 0.324951 0.421875 0.016113 0.011719
0 0.624023 0.418945 0.010000 0.010000
0 0.900000 0.421875 0.010000 0.011719
0 0.796631 0.420573 0.010000 0.010000
0 0.840088 0.420573 0.010000 0.010000
0 0.538818 0.432617 0.011230 0.024089
0 0.163330 0.431315 0.013184 0.018880
0 0.900000 0.426758 0.010000 0.010000
0 0.900000 0.426758 0.010000 0.010000
0 0.775391 0.426107 0.010000 0.010000
0 0.900000 0.426107 0.010000 0.010000
0 0.774170 0.427409 0.010000 0.010000
0 0.772705 0.428060 0.010000 0.010000
0 0.900000 0.430013 0.010000 0.010000
0 0.169922 0.431315 0.010000 0.010000
0 0.861572 0.433594 0.010000 0.010000
0 0.836914 0.438477 0.014648 0.017578
0 0.900000 0.430990 0.010000 0.010000
0 0.560059 0.433268 0.010000 0.010000
0 0.558594 0.435547 0.010000 0.010000
0 0.173096 0.441732 0.010254 0.012370
0 0.355225 0.435872 0.010000 0.010000
0 0.479248 0.440104 0.010000 0.010417
0 0.553955 0.453125 0.018066 0.032552
0 0.576904 0.438477 0.010000 0.010000
0 0.356201 0.439453 0.010000 0.010000
0 0.690918 0.448568 0.010000 0.018229
0 0.900000 0.445638 0.010000 0.013672
0 0.900000 0.446940 0.010000 0.016276
0 0.477783 0.442383 0.010000 0.010000
0 0.860596 0.443359 0.010000 0.010000
0 0.900000 0.442383 0.010000 0.010000
0 0.175781 0.445964 0.010000 0.010000
0 0.839844 0.449544 0.011719 0.014974
0 0.900000 0.447917 0.010000 0.013021
0 0.356445 0.445312 0.010000 0.010000
0 0.541504 0.443359 0.010000 0.010000
0 0.100000 0.447917 0.010000 0.010000
0 0.900000 0.451172 0.022949 0.014323
0 0.100000 0.457357 0.018066 0.022786
0 0.100000 0.450846 0.010000 0.010000
0 0.356445 0.448242 0.010000 0.010000
0 0.838623 0.449544 0.010000 0.010000
0 0.100000 0.452148 0.010000 0.010000
0 0.857910 0.465495 0.024414 0.036458
0 0.625000 0.450195 0.010000 0.010000
0 0.845215 0.454102 0.010000 0.011068
0 0.900000 0.452799 0.010000 0.010000
0 0.100000 0.453451 0.010000 0.010000
0 0.701172 0.470052 0.043945 0.037760
0 0.128906 0.454753 0.010000 0.010000
0 0.463867 0.462240 0.015625 0.019531
0 0.507812 0.454427 0.010000 0.010000
0 0.100000 0.458008 0.010000 0.010000
0 0.900000 0.456706 0.014160 0.010000
0 0.900000 0.456706 0.010000 0.010000
0 0.100000 0.460612 0.010000 0.010000
0 0.100000 0.460938 0.010000 0.010000
0 0.100000 0.461589 0.010000 0.010000
0 0.404785 0.459961 0.010000 0.010000
0 0.900000 0.461914 0.010000 0.010000
0 0.100000 0.461914 0.010000 0.010000
0 0.350830 0.458984 0.010000 0.010000
0 0.860107 0.464518 0.010254 0.012370
0 0.100000 0.463542 0.010000 0.010000
0 0.900000 0.465495 0.010000 0.011719
0 0.100000 0.461589 0.010000 0.010000
0 0.100000 0.462891 0.010000 0.010000
0 0.900000 0.462891 0.010000 0.010000
0 0.629150 0.464518 0.010000 0.010000
0 0.887939 0.462891 0.010000 0.010000
0 0.100000 0.468750 0.010000 0.010417
0 0.105957 0.471354 0.010742 0.014323
0 0.900000 0.467122 0.010000 0.010000
0 0.860840 0.473958 0.010000 0.014323
0 0.900000 0.467448 0.010000 0.010000
0 0.900000 0.469401 0.017578 0.010000
0 0.727539 0.480794 0.010000 0.025391
0 0.900000 0.469727 0.010000 0.010000
0 0.100000 0.472656 0.010000 0.010000
0 0.900000 0.471680 0.010000 0.010000
0 0.100000 0.481445 0.015625 0.021484
0 0.900000 0.472656 0.010000 0.010000
0 0.900000 0.472982 0.010000 0.010000
0 0.100000 0.474284 0.010000 0.010000
0 0.100000 0.477214 0.010000 0.010417
0 0.311279 0.472331 0.010000 0.010000
0 0.490479 0.476888 0.010000 0.011068
0 0.624756 0.473307 0.010000 0.010000
0 0.900000 0.475586 0.010000 0.010000
0 0.100000 0.479167 0.010000 0.010000
0 0.871338 0.480794 0.010000 0.013672
0 0.900000 0.475911 0.011230 0.010000
0 0.100000 0.477539 0.010000 0.010000
0 0.313721 0.476888 0.010000 0.010000
0 0.771484 0.485026 0.012695 0.018229
0 0.166504 0.486654 0.010000 0.020182
0 0.677246 0.480143 0.010000 0.010000
0 0.879639 0.488281 0.016113 0.023438
0 0.880859 0.483724 0.010000 0.013021
0 0.110840 0.497721 0.049805 0.035807
0 0.110352 0.486003 0.018555 0.013672
0 0.741943 0.514974 0.037598 0.071615
0 0.880371 0.486328 0.010742 0.014323
0 0.882324 0.483398 0.010000 0.010000
0 0.900000 0.483724 0.010000 0.010000
0 0.100000 0.493164 0.010000 0.025391
0 0.100000 0.490560 0.010000 0.020182
0 0.884033 0.482747 0.010000 0.010000
0 0.900000 0.500977 0.042969 0.041016
0 0.489502 0.482747 0.010000 0.010000
0 0.100000 0.490234 0.010000 0.013021
0 0.900000 0.490885 0.011230 0.014323
0 0.854004 0.490560 0.010742 0.011068
0 0.900000 0.487305 0.010000 0.010000
0 0.629395 0.486328 0.010000 0.010000
0 0.849121 0.489258 0.010000 0.010000
0 0.100000 0.490560 0.010000 0.010000
0 0.859131 0.494466 0.015137 0.013672
0 0.897217 0.488932 0.010000 0.010000
0 0.900000 0.494141 0.013672 0.013021
0 0.219971 0.493490 0.010000 0.010000
0 0.766357 0.490885 0.010000 0.010000
0 0.857178 0.492188 0.010000 0.010000
0 0.100000 0.496094 0.010000 0.010000
0 0.598877 0.498698 0.010000 0.014323
0 0.100000 0.495768 0.010000 0.010000
0 0.231201 0.512695 0.036621 0.037109
0 0.649414 0.496094 0.010000 0.010000
0 0.873291 0.502604 0.012207 0.016927
0 0.100000 0.497721 0.010000 0.010000
0 0.883545 0.497721 0.010000 0.010000
0 0.100000 0.498698 0.010000 0.010000
0 0.651123 0.504883 0.015137 0.017578
0 0.687256 0.517578 0.020020 0.042969
0 0.691162 0.497070 0.010000 0.010000
0 0.694092 0.500326 0.010000 0.010000
0 0.882080 0.500326 0.010000 0.010000
0 0.100000 0.503581 0.010000 0.010000
0 0.211426 0.501302 0.010000 0.010000
0 0.863037 0.501628 0.010000 0.010000
0 0.100000 0.505208 0.010000 0.010000
0 0.731445 0.507161 0.014648 0.014323
0 0.879883 0.502279 0.010000 0.010000
0 0.100000 0.504232 0.010000 0.010000
0 0.900000 0.506185 0.010000 0.010000
0 0.100000 0.505859 0.010000 0.010000
0 0.100000 0.505859 0.010000 0.010000
0 0.100000 0.504883 0.010000 0.010000
0 0.233398 0.515299 0.026367 0.024089
0 0.900000 0.505859 0.010000 0.010000
0 0.540283 0.505534 0.010000 0.010000
0 0.900000 0.527669 0.020508 0.046224
0 0.100000 0.508789 0.010000 0.010000
0 0.100000 0.509766 0.010254 0.010000
0 0.900000 0.510417 0.010000 0.010000
0 0.100000 0.508789 0.010000 0.010000
0 0.408203 0.507812 0.010000 0.010000
0 0.415283 0.510742 0.011230 0.010000
0 0.880615 0.511393 0.010000 0.010000
0 0.100000 0.512044 0.012207 0.010000
0 0.770752 0.516602 0.015137 0.017578
0 0.100000 0.514974 0.020508 0.010417
0 0.100000 0.511068 0.010000 0.010000
0 0.100000 0.513021 0.010000 0.010000
0 0.100000 0.512044 0.010000 0.010000
0 0.100000 0.511719 0.010000 0.010000
0 0.100000 0.511068 0.010000 0.010000
0 0.100000 0.518880 0.010000 0.018229
0 0.131348 0.515951 0.010000 0.013672
0 0.238525 0.512695 0.010000 0.010000
0 0.856934 0.510742 0.010000 0.010000
0 0.900000 0.518880 0.010000 0.013021
0 0.900000 0.515299 0.010000 0.010000
0 0.900000 0.515299 0.010000 0.010000
0 0.135010 0.517904 0.010000 0.010000
0 0.136230 0.519206 0.010000 0.010000
0 0.145752 0.524414 0.014160 0.013672
0 0.900000 0.530924 0.010000 0.027995
0 0.100000 0.522461 0.017578 0.010000
0 0.100000 0.524089 0.011719 0.010417
0 0.139893 0.521159 0.010000 0.010000
0 0.231201 0.527018 0.014160 0.014974
0 0.256348 0.520508 0.010742 0.010000
0 0.100000 0.525065 0.010254 0.010000
0 0.152344 0.525391 0.010000 0.010000
0 0.172607 0.523763 0.010000 0.010000
0 0.183838 0.539062 0.070801 0.035156
0 0.262451 0.523763 0.015137 0.010000
0 0.100000 0.526042 0.010000 0.010000
0 0.100000 0.528646 0.010000 0.011719
0 0.100000 0.530273 0.010000 0.016276
0 0.154541 0.527018 0.010000 0.010000
0 0.900000 0.526693 0.010000 0.010000
0 0.100000 0.528320 0.010000 0.010000
0 0.656250 0.533203 0.010000 0.018229
0 0.100000 0.536784 0.010000 0.024089
0 0.100000 0.527669 0.010000 0.010000
0 0.265625 0.528320 0.010000 0.010000
0 0.658447 0.532552 0.010000 0.015625
0 0.688477 0.527018 0.010000 0.010000
0 0.879395 0.525391 0.010000 0.010000
0 0.632324 0.528320 0.010000 0.010000
0 0.165283 0.533529 0.010000 0.010000
0 0.166992 0.532552 0.010000 0.010000
0 0.100000 0.533203 0.010000 0.010000
0 0.234619 0.534831 0.010000 0.010000
0 0.399658 0.532227 0.010000 0.010000
0 0.216797 0.537435 0.010000 0.011068
0 0.237061 0.536133 0.010000 0.010000
0 0.644531 0.533529 0.010000 0.010000
0 0.218506 0.539062 0.010000 0.013021
0 0.223389 0.537109 0.010000 0.010000
0 0.237793 0.537435 0.010000 0.010000
0 0.343506 0.534831 0.010000 0.010000
0 0.645752 0.536784 0.010000 0.010000
0 0.900000 0.537435 0.010000 0.010000
0 0.100000 0.537109 0.010000 0.010000
0 0.220459 0.538411 0.010000 0.010000
0 0.239502 0.536784 0.010000 0.010000
0 0.342285 0.535807 0.010000 0.010000
0 0.647461 0.536784 0.010000 0.010000
0 0.900000 0.541341 0.012207 0.014974
0 0.240479 0.537760 0.010000 0.010000
0 0.342285 0.551107 0.017578 0.030599
0 0.100000 0.539714 0.010000 0.010000
0 0.696777 0.542969 0.010000 0.010000
0 0.722168 0.544596 0.010000 0.012370
0 0.900000 0.548177 0.010000 0.020833
0 0.268799 0.561198 0.041504 0.044271
0 0.699951 0.543945 0.010000 0.010000
0 0.719238 0.541992 0.010000 0.010000
0 0.900000 0.546549 0.010000 0.014974
0 0.164795 0.542969 0.010000 0.010000
0 0.900000 0.544596 0.010000 0.010000
0 0.900000 0.549479 0.010000 0.013021
0 0.900000 0.546875 0.010000 0.010000
0 0.900000 0.546549 0.010000 0.010000
0 0.809082 0.551758 0.010000 0.010000
0 0.100000 0.557617 0.010000 0.010000
0 0.100000 0.555990 0.010000 0.010000
0 0.100000 0.560221 0.010000 0.011068
0 0.618408 0.558268 0.010254 0.010000
0 0.824219 0.558919 0.010000 0.010000
0 0.900000 0.555339 0.010000 0.010000
0 0.100000 0.561849 0.010000 0.010417
0 0.100000 0.562174 0.010000 0.010000
0 0.900000 0.560872 0.010000 0.010000
0 0.100000 0.561198 0.010000 0.010000
0 0.900000 0.560221 0.010000 0.010000
0 0.100000 0.564453 0.010000 0.010000
0 0.214600 0.561849 0.010000 0.010000
0 0.824707 0.560872 0.010000 0.010000
0 0.100000 0.565755 0.011719 0.010000
0 0.100000 0.567057 0.010000 0.010417
0 0.282471 0.563802 0.010000 0.010000
0 0.100000 0.569661 0.010000 0.013021
0 0.220947 0.571289 0.013184 0.017578
0 0.100000 0.569010 0.010000 0.010417
0 0.663574 0.565430 0.010000 0.010000
0 0.809082 0.566732 0.010000 0.010000
0 0.157959 0.587891 0.024902 0.041667
0 0.270508 0.575521 0.015625 0.015625
0 0.383301 0.573242 0.010000 0.011068
0 0.521484 0.570638 0.010000 0.010000
0 0.900000 0.571289 0.010000 0.010000
0 0.100000 0.573242 0.010000 0.010000
0 0.696777 0.571289 0.010000 0.010000
0 0.101318 0.575846 0.010000 0.010000
0 0.100000 0.575846 0.010000 0.010000
0 0.104248 0.577474 0.010000 0.011719
0 0.299316 0.577148 0.010000 0.010000
0 0.374512 0.573242 0.010000 0.010000
0 0.102783 0.577474 0.010000 0.010000
0 0.106201 0.578451 0.010000 0.010000
0 0.270996 0.578451 0.010000 0.010000
0 0.374512 0.579753 0.010000 0.012370
0 0.440918 0.583008 0.027344 0.018880
0 0.100000 0.577799 0.010000 0.010000
0 0.152588 0.585286 0.012207 0.019531
0 0.582520 0.602539 0.033203 0.054036
0 0.107422 0.580729 0.010000 0.010000
0 0.292725 0.581055 0.010000 0.010000
0 0.100000 0.581380 0.010000 0.010000
0 0.100000 0.583659 0.010000 0.011068
0 0.679443 0.582031 0.010000 0.010000
0 0.900000 0.581055 0.010000 0.010000
0 0.675781 0.583333 0.010000 0.010000
0 0.900000 0.582357 0.010000 0.010000
0 0.100000 0.589193 0.010000 0.015625
0 0.683105 0.584310 0.010000 0.010000
0 0.690430 0.582031 0.010000 0.010000
0 0.372559 0.585286 0.010000 0.010000
0 0.454834 0.588542 0.010000 0.010000
0 0.118408 0.593424 0.010000 0.013672
0 0.100000 0.594076 0.013672 0.013672
0 0.120850 0.596354 0.010000 0.018229
0 0.122803 0.597005 0.010000 0.019531
0 0.456543 0.590169 0.010000 0.010000
0 0.900000 0.606771 0.019531 0.036458
0 0.411621 0.592122 0.010000 0.010000
0 0.429199 0.591797 0.010000 0.010000
0 0.522217 0.591797 0.010000 0.010000
0 0.155273 0.594401 0.010000 0.010000
0 0.447021 0.592448 0.010000 0.010000
0 0.900000 0.595703 0.010000 0.010000
0 0.416748 0.602214 0.016113 0.018229
0 0.900000 0.596680 0.010000 0.010000
0 0.900000 0.605469 0.017578 0.024740
0 0.100000 0.601562 0.010000 0.010000
0 0.169922 0.603190 0.010000 0.010000
0 0.200928 0.610026 0.012207 0.019531
0 0.452637 0.606445 0.010000 0.010000
0 0.900000 0.605469 0.010000 0.010000
0 0.333008 0.604492 0.010000 0.010000
0 0.900000 0.609701 0.012695 0.012370
0 0.205322 0.608398 0.010000 0.010000
0 0.700439 0.606445 0.010000 0.010000
0 0.100000 0.607747 0.010000 0.010000
0 0.100000 0.608398 0.010000 0.010000
0 0.293457 0.612630 0.010000 0.014323
0 0.423584 0.609049 0.010000 0.010000
0 0.737793 0.607096 0.010000 0.010000
0 0.439209 0.626953 0.020020 0.040365
0 0.456543 0.609375 0.010000 0.010000
0 0.460449 0.611979 0.010000 0.010000
0 0.100000 0.611003 0.010742 0.010000
0 0.303467 0.622396 0.019043 0.028646
0 0.100000 0.615234 0.010000 0.010000
0 0.180420 0.615560 0.010000 0.010000
0 0.302246 0.621094 0.010000 0.016927
0 0.401855 0.620768 0.020508 0.016276
0 0.255859 0.623372 0.015625 0.018880
0 0.382324 0.618164 0.010000 0.010000
0 0.826660 0.615234 0.010000 0.010000
0 0.384033 0.616536 0.010000 0.010000
0 0.100000 0.620768 0.010000 0.010000
0 0.900000 0.629883 0.027832 0.027995
0 0.264160 0.624349 0.010000 0.010417
0 0.412598 0.621419 0.010000 0.010000
0 0.254395 0.705078 0.112305 0.170573
0 0.414551 0.622070 0.010000 0.010000
0 0.900000 0.625326 0.013672 0.011068
0 0.900000 0.624023 0.010254 0.010000
0 0.179932 0.622721 0.010000 0.010000
0 0.415527 0.622396 0.010000 0.010000
0 0.527588 0.625000 0.010000 0.010000
0 0.875732 0.629232 0.010254 0.014974
0 0.900000 0.623698 0.010000 0.010000
0 0.900000 0.624023 0.010000 0.010000
0 0.100000 0.625651 0.010000 0.010000
0 0.836670 0.624023 0.010000 0.010000
0 0.421875 0.633789 0.012695 0.018880
0 0.895508 0.638021 0.033203 0.028646
0 0.852783 0.635091 0.025879 0.018880
0 0.104736 0.636719 0.027832 0.019531
0 0.181641 0.627930 0.010000 0.010000
0 0.295654 0.629232 0.010000 0.010000
0 0.100000 0.631510 0.010000 0.010000
0 0.315918 0.633464 0.010000 0.010417
0 0.117920 0.634440 0.010000 0.011068
0 0.126709 0.633464 0.010000 0.010000
0 0.128174 0.634115 0.010000 0.010000
0 0.179932 0.631510 0.010000 0.010000
0 0.129639 0.634766 0.010000 0.010000
0 0.133057 0.636393 0.010000 0.010000
0 0.281250 0.634766 0.010000 0.010000
0 0.378906 0.634115 0.010000 0.010000
0 0.131104 0.636393 0.010000 0.010000
0 0.134521 0.637695 0.010000 0.010000
0 0.136719 0.638997 0.010000 0.011068
0 0.312744 0.635417 0.010000 0.010000
0 0.107666 0.640625 0.012207 0.011719
0 0.135986 0.638997 0.010000 0.010000
0 0.624023 0.644206 0.011719 0.020182
0 0.879150 0.636068 0.010000 0.010000
0 0.900000 0.635742 0.010000 0.010000
0 0.117920 0.641276 0.011230 0.011719
0 0.140625 0.642578 0.010000 0.013021
0 0.433350 0.637370 0.010000 0.010000
0 0.100000 0.644531 0.014160 0.015625
0 0.468750 0.639648 0.010000 0.010000
0 0.100000 0.640625 0.010000 0.010000
0 0.418213 0.641927 0.010000 0.010000
0 0.145996 0.644531 0.010000 0.010000
0 0.467041 0.648112 0.010000 0.016276
0 0.900000 0.641602 0.010000 0.010000
0 0.218994 0.642904 0.010000 0.010000
0 0.471680 0.650391 0.010000 0.018229
0 0.697510 0.646159 0.010000 0.010000
0 0.100000 0.644531 0.010000 0.010000
0 0.900000 0.647461 0.010000 0.010000
0 0.148926 0.646810 0.010000 0.010000
0 0.199463 0.646484 0.010000 0.010000
0 0.100000 0.648438 0.010000 0.010000
0 0.105225 0.651693 0.010000 0.013021
0 0.144531 0.649740 0.026367 0.010000
0 0.884521 0.647786 0.010000 0.010000
0 0.900000 0.660807 0.016602 0.028646
0 0.137451 0.652995 0.010254 0.010000
0 0.206543 0.650065 0.010000 0.010000
0 0.175049 0.652669 0.010000 0.010000
0 0.545410 0.653971 0.010000 0.010000
0 0.900000 0.657878 0.019531 0.014974
0 0.187988 0.656901 0.010000 0.010417
0 0.541992 0.655599 0.010000 0.010000
0 0.748779 0.655924 0.012207 0.010000
0 0.168457 0.653971 0.011719 0.010000
0 0.185059 0.656576 0.010000 0.010000
0 0.445068 0.675781 0.039551 0.045573
0 0.535156 0.654297 0.010000 0.010000
0 0.546143 0.653646 0.010000 0.010000
0 0.150146 0.655924 0.012207 0.010000
0 0.464844 0.656576 0.010000 0.010000
0 0.661133 0.659180 0.010000 0.010000
0 0.153564 0.658529 0.010000 0.010000
0 0.388184 0.673503 0.018555 0.033203
0 0.190430 0.662760 0.010000 0.010000
0 0.467041 0.661784 0.010000 0.010000
0 0.120117 0.667643 0.021484 0.016276
0 0.155518 0.662760 0.010000 0.010000
0 0.599854 0.661133 0.010000 0.010000
0 0.721924 0.664062 0.010000 0.010000
0 0.900000 0.662109 0.010000 0.010000
0 0.160645 0.664062 0.010000 0.010000
0 0.299316 0.664714 0.010000 0.010000
0 0.100000 0.669271 0.010000 0.010000
0 0.162598 0.666667 0.010000 0.010000
0 0.200195 0.668945 0.010000 0.010000
0 0.221680 0.665690 0.010000 0.010000
0 0.300781 0.668945 0.010000 0.010000
0 0.396973 0.667318 0.010000 0.010000
0 0.469971 0.676432 0.023926 0.023438
0 0.760986 0.669596 0.010000 0.010000
0 0.900000 0.668294 0.010000 0.010000
0 0.100000 0.669596 0.010000 0.010000
0 0.166504 0.667969 0.010000 0.010000
0 0.700928 0.669596 0.010000 0.010000
0 0.222900 0.667643 0.010000 0.010000
0 0.302979 0.672201 0.010000 0.010000
0 0.325928 0.668620 0.010000 0.010000
0 0.653320 0.673828 0.010000 0.014323
0 0.433838 0.671549 0.010000 0.010000
0 0.900000 0.700521 0.031250 0.065104
0 0.171143 0.675456 0.010254 0.012370
0 0.306396 0.675130 0.010000 0.011719
0 0.411865 0.672526 0.010000 0.010000
0 0.458252 0.672201 0.010000 0.010000
0 0.413574 0.676758 0.010000 0.011068
0 0.809814 0.672852 0.010000 0.010000
0 0.206543 0.678711 0.010000 0.012370
0 0.306396 0.674805 0.010000 0.010000
0 0.416748 0.676107 0.010254 0.010000
0 0.419922 0.675781 0.010000 0.010000
0 0.100000 0.676432 0.010000 0.010000
0 0.167969 0.679688 0.014648 0.013021
0 0.425293 0.675781 0.010000 0.010000
0 0.900000 0.674154 0.010000 0.010000
0 0.900000 0.675456 0.010000 0.010000
0 0.100000 0.677083 0.010000 0.010000
0 0.412842 0.679688 0.010000 0.010000
0 0.900000 0.677083 0.010000 0.010000
0 0.308105 0.680664 0.010000 0.010000
0 0.409912 0.681315 0.010000 0.010000
0 0.431885 0.679688 0.010000 0.010000
0 0.462646 0.682943 0.010000 0.010000
0 0.900000 0.679688 0.010000 0.010000
0 0.408691 0.682943 0.010000 0.010000
0 0.900000 0.682292 0.010000 0.010000
0 0.310547 0.684245 0.010000 0.010000
0 0.404541 0.684896 0.010000 0.010000
0 0.409180 0.684896 0.010000 0.010000
0 0.801270 0.687500 0.010000 0.010000
0 0.402100 0.685547 0.010000 0.010000
0 0.854736 0.692383 0.010000 0.013672
0 0.315430 0.688802 0.010000 0.010000
0 0.900000 0.688802 0.010000 0.010000
0 0.209473 0.692383 0.010000 0.010000
0 0.511230 0.690430 0.010000 0.010000
0 0.733643 0.690104 0.010000 0.010000
0 0.736084 0.691081 0.010000 0.010000
0 0.320312 0.692383 0.010000 0.010000
0 0.410156 0.691406 0.010000 0.010000
0 0.473389 0.711914 0.046387 0.043620
0 0.900000 0.691732 0.010000 0.010000
0 0.115479 0.696615 0.010000 0.010417
0 0.410645 0.694010 0.010000 0.010000
0 0.741211 0.694010 0.010000 0.010000
0 0.859863 0.697266 0.010000 0.011719
0 0.124756 0.698893 0.010000 0.012370
0 0.515625 0.699219 0.013672 0.013021
0 0.873047 0.695638 0.010000 0.010000
0 0.410156 0.696289 0.010000 0.010000
0 0.100000 0.697266 0.010000 0.010000
0 0.513916 0.697591 0.010000 0.010000
0 0.900000 0.844401 0.190430 0.296875
0 0.100000 0.699870 0.010000 0.010000
0 0.462402 0.700846 0.010000 0.010000
0 0.463135 0.702148 0.010000 0.010000
0 0.900000 0.704753 0.010000 0.010000
0 0.900000 0.703451 0.010000 0.010000
0 0.114258 0.707031 0.010000 0.010000
0 0.140625 0.707357 0.010742 0.010000
0 0.318604 0.745768 0.042480 0.085286
0 0.384277 0.709635 0.010000 0.010000
0 0.385498 0.712240 0.010000 0.010417
0 0.820801 0.710938 0.010000 0.010000
0 0.868164 0.710286 0.010000 0.010000
0 0.900000 0.709635 0.010000 0.010000
0 0.144043 0.711589 0.016602 0.010000
0 0.218506 0.715820 0.010000 0.013672
0 0.314941 0.711914 0.010000 0.010000
0 0.817383 0.711263 0.010000 0.010000
0 0.385986 0.715495 0.010000 0.010417
0 0.150879 0.714518 0.012695 0.010000
0 0.822510 0.713867 0.010000 0.010000
0 0.324219 0.714518 0.010000 0.010000
0 0.482178 0.714844 0.010000 0.010000
0 0.307129 0.718750 0.010000 0.010000
0 0.443359 0.715169 0.010000 0.010000
0 0.436035 0.734375 0.028320 0.040365
0 0.100000 0.717122 0.010000 0.010000
0 0.155029 0.717773 0.010254 0.010000
0 0.280518 0.717122 0.010000 0.010000
0 0.138672 0.718099 0.013672 0.010000
0 0.356934 0.718750 0.010000 0.010000
0 0.679932 0.718424 0.010000 0.010000
0 0.900000 0.720703 0.010000 0.010000
0 0.145508 0.721354 0.010000 0.010000
0 0.686035 0.718424 0.010000 0.010000
0 0.690186 0.722005 0.010000 0.010000
0 0.100000 0.721354 0.010000 0.010000
0 0.130371 0.721680 0.010000 0.010000
0 0.133057 0.721680 0.010000 0.010000
0 0.156982 0.729492 0.022949 0.020182
0 0.489258 0.739258 0.041992 0.041016
0 0.700928 0.721029 0.010000 0.010000
0 0.137695 0.723958 0.011719 0.010000
0 0.359619 0.737630 0.018066 0.033854
0 0.692383 0.723307 0.010000 0.010000
0 0.110596 0.727865 0.010000 0.013021
0 0.124268 0.727214 0.010000 0.010417
0 0.480469 0.725586 0.010000 0.010000
0 0.698730 0.724609 0.010000 0.010000
0 0.900000 0.725586 0.010000 0.010000
0 0.100000 0.726562 0.010000 0.010000
0 0.126953 0.727539 0.010000 0.010000
0 0.309814 0.724935 0.010000 0.010000
0 0.461182 0.727214 0.010000 0.010000
0 0.900000 0.739583 0.039062 0.029948
0 0.471191 0.727214 0.010000 0.010000
0 0.861328 0.738281 0.010742 0.024740
0 0.100000 0.730143 0.010000 0.010000
0 0.862549 0.731445 0.010000 0.010000
0 0.100000 0.733398 0.010000 0.011068
0 0.163086 0.748047 0.024414 0.040365
0 0.121582 0.732422 0.010000 0.010000
0 0.779297 0.730469 0.010000 0.010000
0 0.851562 0.735677 0.010742 0.013021
0 0.864990 0.731771 0.010000 0.010000
0 0.504150 0.732096 0.010000 0.010000
0 0.888916 0.733724 0.010000 0.010000
0 0.100000 0.735352 0.010000 0.010000
0 0.120850 0.734701 0.010000 0.010000
0 0.301514 0.733073 0.010000 0.010000
0 0.733154 0.736328 0.010000 0.010000
0 0.803955 0.735677 0.010000 0.010000
0 0.196777 0.736979 0.010000 0.010000
0 0.900000 0.737305 0.010000 0.010000
0 0.118408 0.740234 0.010000 0.010417
0 0.873535 0.736654 0.010000 0.010000
0 0.122314 0.741211 0.010000 0.010000
0 0.156738 0.738281 0.010000 0.010000
0 0.212402 0.746419 0.011719 0.020182
0 0.701660 0.737305 0.010000 0.010000
0 0.729492 0.737630 0.010000 0.010000
0 0.875244 0.738607 0.010000 0.010000
0 0.900000 0.739258 0.010000 0.010000
0 0.704834 0.749674 0.027832 0.024089
0 0.719727 0.739258 0.010000 0.010000
0 0.900000 0.741536 0.010000 0.010000
0 0.900000 0.740234 0.010000 0.010000
0 0.217529 0.747721 0.010000 0.018880
0 0.848877 0.740234 0.010000 0.010000
0 0.875244 0.740560 0.011230 0.010000
0 0.900000 0.746094 0.010742 0.015625
0 0.846924 0.740885 0.010000 0.010000
0 0.900000 0.743164 0.010000 0.010000
0 0.765869 0.743490 0.010000 0.010000
0 0.873535 0.742188 0.010000 0.010000
0 0.472900 0.744792 0.010000 0.010000
0 0.861084 0.749349 0.010000 0.013021
0 0.900000 0.751302 0.010000 0.016927
0 0.220703 0.751302 0.010000 0.015625
0 0.532227 0.746419 0.010000 0.010000
0 0.765625 0.746745 0.010000 0.010000
0 0.783936 0.746745 0.010000 0.010000
0 0.119385 0.746419 0.010000 0.010000
0 0.718750 0.751953 0.010000 0.014323
0 0.391357 0.748372 0.010000 0.010000
0 0.393311 0.753255 0.010000 0.013021
0 0.612793 0.748698 0.010000 0.010000
0 0.700439 0.750977 0.010000 0.010000
0 0.118408 0.749674 0.010000 0.010000
0 0.347900 0.751628 0.010000 0.010000
0 0.351074 0.752279 0.010000 0.010000
0 0.719482 0.755208 0.010000 0.013021
0 0.719971 0.760091 0.011230 0.018880
0 0.738770 0.755208 0.010000 0.010000
0 0.117188 0.753255 0.010000 0.010000
0 0.119141 0.754557 0.010000 0.010000
0 0.224854 0.758789 0.010000 0.014974
0 0.229736 0.767253 0.010000 0.030599
0 0.359619 0.752279 0.010000 0.010000
0 0.419922 0.759115 0.013672 0.015625
0 0.708740 0.754557 0.010000 0.010000
0 0.739258 0.753581 0.010000 0.010000
0 0.121826 0.753906 0.010000 0.010000
0 0.484619 0.756510 0.013184 0.010000
0 0.752686 0.757812 0.010000 0.010000
0 0.792969 0.755534 0.010000 0.010000
0 0.122070 0.755208 0.010000 0.010000
0 0.791992 0.756510 0.010000 0.010000
0 0.900000 0.766602 0.012207 0.024089
0 0.900000 0.757161 0.010000 0.010000
0 0.191650 0.756836 0.010000 0.010000
0 0.271484 0.757487 0.010000 0.010000
0 0.479736 0.757812 0.010000 0.010000
0 0.692627 0.760091 0.010000 0.010000
0 0.730469 0.768555 0.021484 0.025391
0 0.900000 0.763021 0.010000 0.015625
0 0.900000 0.757812 0.010000 0.010000
0 0.122803 0.758138 0.010000 0.010000
0 0.266602 0.757812 0.010000 0.010000
0 0.900000 0.760091 0.010000 0.010000
0 0.100000 0.760417 0.010000 0.010000
0 0.121338 0.761393 0.010000 0.010000
0 0.193604 0.762370 0.010000 0.010000
0 0.708984 0.758464 0.010000 0.010000
0 0.391357 0.761068 0.010000 0.010000
0 0.420654 0.760091 0.010000 0.010000
0 0.687988 0.762044 0.010000 0.010000
0 0.802490 0.762044 0.010000 0.010000
0 0.868408 0.761719 0.010000 0.010000
0 0.900000 0.762370 0.010000 0.010000
0 0.100000 0.762370 0.010000 0.010000
0 0.268555 0.763346 0.010000 0.010000
0 0.272461 0.763346 0.010000 0.010000
0 0.474121 0.763021 0.010000 0.010000
0 0.475830 0.762695 0.010000 0.010000
0 0.869629 0.762695 0.010000 0.010000
0 0.128174 0.764974 0.010000 0.010000
0 0.161621 0.769857 0.010000 0.014974
0 0.274414 0.763672 0.010000 0.010000
0 0.355957 0.861654 0.172852 0.198568
0 0.466797 0.770508 0.021484 0.016276
0 0.900000 0.765299 0.010000 0.010000
0 0.167480 0.770182 0.010000 0.013021
0 0.222656 0.765951 0.010000 0.010000
0 0.502197 0.766927 0.010000 0.010000
0 0.518799 0.823568 0.225098 0.119792
0 0.803711 0.765625 0.010000 0.010000
0 0.156982 0.767904 0.010000 0.010000
0 0.504150 0.769206 0.010000 0.010000
0 0.900000 0.769206 0.010000 0.010000
0 0.900000 0.767578 0.010000 0.010000
0 0.100000 0.771159 0.010000 0.010000
0 0.100000 0.769857 0.010000 0.010000
0 0.121582 0.767578 0.010000 0.010000
0 0.147461 0.767904 0.010000 0.010000
0 0.193115 0.769206 0.010000 0.010000
0 0.697266 0.767904 0.010000 0.010000
0 0.806885 0.770508 0.010000 0.010000
0 0.900000 0.768880 0.010742 0.010000
0 0.900000 0.770508 0.010000 0.010000
0 0.100000 0.771159 0.010000 0.010000
0 0.100000 0.768555 0.010000 0.010000
0 0.157227 0.770833 0.010000 0.010000
0 0.485596 0.768229 0.010000 0.010000
0 0.521973 0.771159 0.010000 0.010000
0 0.141846 0.770833 0.010000 0.010000
0 0.196045 0.778971 0.014160 0.020182
0 0.486328 0.774414 0.010000 0.011068
0 0.514893 0.781250 0.011230 0.024740
0 0.900000 0.771484 0.010000 0.010000
0 0.900000 0.771484 0.010000 0.010000
0 0.100000 0.776042 0.010000 0.010417
0 0.100000 0.773112 0.010000 0.010000
0 0.142090 0.778971 0.010000 0.014974
0 0.824463 0.803711 0.031738 0.065755
0 0.900000 0.773763 0.010000 0.010000
0 0.900000 0.778646 0.010000 0.013021
0 0.900000 0.774089 0.010000 0.010000
0 0.129395 0.776042 0.010000 0.010000
0 0.163818 0.777995 0.010000 0.010000
0 0.769531 0.813151 0.072266 0.078125
0 0.900000 0.775716 0.010000 0.010000
0 0.100000 0.776693 0.010000 0.010000
0 0.900000 0.785156 0.011230 0.016927
0 0.489502 0.780273 0.010000 0.010000
0 0.787842 0.781576 0.010000 0.010000
0 0.141846 0.781576 0.010000 0.010000
0 0.164062 0.781250 0.010000 0.010000
0 0.789307 0.781901 0.010000 0.010000
0 0.851318 0.780599 0.010000 0.010000
0 0.266602 0.781250 0.010000 0.010000
0 0.342041 0.782227 0.010000 0.010000
0 0.490723 0.783529 0.010000 0.010000
0 0.719971 0.780924 0.010000 0.010000
0 0.790527 0.783529 0.010000 0.010000
0 0.793701 0.784180 0.010000 0.010000
0 0.900000 0.787435 0.010000 0.013672
0 0.100000 0.810547 0.080566 0.058594
0 0.165527 0.791992 0.010000 0.020182
0 0.709229 0.784831 0.010000 0.010000
0 0.619141 0.789714 0.010000 0.014323
0 0.795166 0.784505 0.010000 0.010000
0 0.900000 0.783854 0.010000 0.010000
0 0.900000 0.785482 0.010000 0.010000
0 0.900000 0.786458 0.010000 0.010000
0 0.270020 0.786784 0.010000 0.010000
0 0.713867 0.787760 0.010000 0.010000
0 0.100000 0.795573 0.015625 0.020833
0 0.194092 0.788411 0.010000 0.010000
0 0.163818 0.787760 0.010000 0.010000
0 0.203369 0.791341 0.010000 0.010000
0 0.297852 0.788086 0.010000 0.010000
0 0.411865 0.828776 0.042480 0.083333
0 0.798584 0.791016 0.010000 0.010000
0 0.900000 0.789714 0.010000 0.010000
0 0.100000 0.788737 0.010000 0.010000
0 0.109619 0.795247 0.018066 0.013672
0 0.194092 0.791016 0.010000 0.010000
0 0.239990 0.790039 0.010000 0.010000
0 0.275391 0.789388 0.010000 0.010000
0 0.390869 0.792318 0.010000 0.010000
0 0.900000 0.791667 0.010000 0.010000
0 0.204590 0.791341 0.010000 0.010000
0 0.270752 0.791992 0.010000 0.010000
0 0.271729 0.792318 0.010000 0.010000
0 0.635742 0.794922 0.011719 0.011719
0 0.801025 0.791341 0.010000 0.010000
0 0.888184 0.793945 0.010742 0.010000
0 0.193848 0.793294 0.010000 0.010000
0 0.243896 0.793294 0.010000 0.010000
0 0.252441 0.796224 0.010000 0.010417
0 0.269287 0.792318 0.010000 0.010000
0 0.272461 0.793620 0.010000 0.010000
0 0.731201 0.792969 0.010000 0.010000
0 0.318848 0.799154 0.010000 0.014974
0 0.658691 0.816081 0.023438 0.048828
0 0.900000 0.794596 0.010000 0.010000
0 0.108643 0.802083 0.012207 0.016927
0 0.729248 0.795247 0.010000 0.010000
0 0.783447 0.795898 0.010000 0.010000
0 0.900000 0.796224 0.010000 0.010000
0 0.249512 0.803060 0.011719 0.017578
0 0.839111 0.795898 0.010000 0.010000
0 0.900000 0.796549 0.010000 0.010000
0 0.900000 0.798828 0.010000 0.010000
0 0.729980 0.797852 0.010000 0.010000
0 0.900000 0.799154 0.010000 0.010000
0 0.806885 0.805013 0.013184 0.014974
0 0.100000 0.800781 0.010000 0.010000
0 0.100000 0.801432 0.010000 0.010000
0 0.900000 0.804688 0.018066 0.013021
0 0.900000 0.802734 0.010000 0.010000
0 0.100000 0.821615 0.034180 0.044271
0 0.190918 0.801758 0.010000 0.010000
0 0.633301 0.800781 0.010000 0.010000
0 0.900000 0.808919 0.010000 0.014974
0 0.900000 0.803060 0.010000 0.010000
0 0.172363 0.805990 0.010000 0.010000
0 0.241455 0.806641 0.010000 0.010000
0 0.876709 0.807292 0.010000 0.010000
0 0.900000 0.814453 0.015137 0.022135
0 0.722168 0.806966 0.010000 0.010000
0 0.347900 0.808268 0.010000 0.010000
0 0.614014 0.822917 0.023926 0.033854
0 0.813232 0.807292 0.010000 0.010000
0 0.900000 0.815104 0.012207 0.016927
0 0.139893 0.810221 0.010000 0.010000
0 0.320068 0.808919 0.010000 0.010000
0 0.900000 0.811523 0.010000 0.010000
0 0.900000 0.812174 0.010000 0.010000
0 0.351807 0.813477 0.010000 0.010000
0 0.900000 0.815755 0.010000 0.010417
0 0.639893 0.814453 0.010000 0.010000
0 0.734863 0.812826 0.010000 0.010000
0 0.756592 0.815430 0.010000 0.010000
0 0.900000 0.815430 0.010000 0.010000
0 0.900000 0.817057 0.010000 0.010417
0 0.347168 0.813802 0.010000 0.010000
0 0.731689 0.815755 0.010000 0.010000
0 0.754883 0.818034 0.010000 0.010000
0 0.854980 0.815430 0.010000 0.010000
0 0.900000 0.816732 0.010000 0.010000
0 0.900000 0.817383 0.010000 0.010000
0 0.900000 0.816081 0.010000 0.010000
0 0.900000 0.824219 0.013184 0.022135
0 0.100586 0.816081 0.010000 0.010000
0 0.900000 0.822266 0.014160 0.016927
0 0.639648 0.817057 0.010000 0.010000
0 0.751709 0.825195 0.016113 0.020182
0 0.900000 0.821615 0.010000 0.011719
0 0.900000 0.821615 0.010000 0.013021
0 0.639160 0.818685 0.010000 0.010000
0 0.100000 0.829102 0.010000 0.010000
0 0.727539 0.826172 0.010000 0.010000
0 0.201904 0.832682 0.010000 0.010417
0 0.843506 0.848307 0.046387 0.041667
0 0.844482 0.830078 0.010000 0.010000
0 0.900000 0.829427 0.010000 0.010000
0 0.668457 0.834635 0.010000 0.010417
0 0.900000 0.834310 0.010000 0.010000
0 0.491699 0.839844 0.010000 0.015625
0 0.551758 0.839193 0.010000 0.013021
0 0.624268 0.835938 0.010000 0.010000
0 0.129150 0.836914 0.010000 0.010000
0 0.900000 0.836263 0.010000 0.010000
0 0.285645 0.837891 0.010000 0.010000
0 0.643799 0.852539 0.020020 0.031901
0 0.812744 0.841471 0.012207 0.011068
0 0.127197 0.841471 0.010000 0.010000
0 0.251953 0.839844 0.010000 0.010000
0 0.593750 0.839518 0.010000 0.010000
0 0.900000 0.844727 0.010000 0.013672
0 0.524902 0.857096 0.014648 0.037109
0 0.806641 0.842448 0.010000 0.010000
0 0.100000 0.843750 0.010000 0.010000
0 0.100000 0.843099 0.010000 0.010000
0 0.100000 0.863281 0.034180 0.042969
0 0.252686 0.846029 0.010000 0.010000
0 0.900000 0.846029 0.010000 0.010000
0 0.900000 0.848958 0.010000 0.011719
0 0.900000 0.845378 0.010000 0.010000
0 0.121338 0.849609 0.013184 0.010417
0 0.741699 0.844727 0.010000 0.010000
0 0.788330 0.845378 0.010000 0.010000
0 0.252930 0.851562 0.010000 0.011719
0 0.530029 0.847982 0.010000 0.010000
0 0.791016 0.851562 0.014648 0.013021
0 0.100000 0.900000 0.072754 0.152344
0 0.126709 0.852214 0.010000 0.011719
0 0.783691 0.850260 0.010000 0.010000
0 0.811279 0.855794 0.017090 0.018880
0 0.900000 0.850586 0.010000 0.010000
0 0.498535 0.866211 0.028320 0.037109
0 0.551270 0.855143 0.010000 0.014974
0 0.900000 0.856120 0.010000 0.015625
0 0.112793 0.854167 0.015625 0.010417
0 0.114990 0.853516 0.011230 0.010000
0 0.106689 0.855794 0.010000 0.011068
0 0.299316 0.855794 0.010000 0.010000
0 0.314453 0.855469 0.011719 0.010000
0 0.680664 0.852214 0.010000 0.010000
0 0.695557 0.900000 0.105957 0.149089
0 0.303467 0.857422 0.010000 0.010417
0 0.348877 0.852214 0.010000 0.010000
0 0.546631 0.854167 0.010000 0.010000
0 0.682617 0.855469 0.010000 0.010000
0 0.687744 0.855794 0.010000 0.010000
0 0.166016 0.857096 0.010000 0.010000
0 0.231689 0.859701 0.013184 0.011068
0 0.715576 0.855794 0.010000 0.010000
0 0.100000 0.861328 0.013184 0.011719
0 0.129150 0.858398 0.010000 0.010000
0 0.900000 0.859375 0.010000 0.010000
0 0.100000 0.866211 0.010000 0.018880
0 0.100000 0.862956 0.014648 0.011068
0 0.254395 0.860026 0.010000 0.010000
0 0.316650 0.860026 0.011230 0.010000
0 0.311279 0.865560 0.010254 0.011068
0 0.531982 0.864583 0.010000 0.010000
0 0.252930 0.865234 0.010000 0.010000
0 0.278809 0.865234 0.010000 0.010000
0 0.355225 0.868164 0.010000 0.012370
0 0.123291 0.868815 0.010000 0.010000
0 0.319336 0.865560 0.010000 0.010000
0 0.321289 0.866862 0.010000 0.010000
0 0.355469 0.868164 0.010000 0.010000
0 0.376221 0.865885 0.010000 0.010000
0 0.583252 0.866862 0.010000 0.010000
0 0.129639 0.879232 0.015137 0.025391
0 0.322998 0.868164 0.010000 0.010000
0 0.598633 0.888021 0.029297 0.042969
0 0.100000 0.868164 0.010000 0.010000
0 0.375977 0.871094 0.010000 0.010000
0 0.831787 0.868490 0.010000 0.010000
0 0.278320 0.870768 0.010000 0.010000
0 0.316895 0.872721 0.010000 0.010000
0 0.605469 0.900000 0.106445 0.130208
0 0.774414 0.870768 0.010000 0.010000
0 0.775635 0.871745 0.010000 0.010000
0 0.776611 0.872396 0.010000 0.010000
0 0.900000 0.869792 0.010000 0.010000
0 0.523438 0.875000 0.010000 0.010417
0 0.541992 0.875326 0.010000 0.011068
0 0.778076 0.873372 0.010000 0.010000
0 0.792480 0.871094 0.010000 0.010000
0 0.900000 0.875000 0.010000 0.010000
0 0.100000 0.873698 0.010000 0.010000
0 0.253906 0.872721 0.010000 0.010000
0 0.277832 0.874023 0.010000 0.010000
0 0.439697 0.872721 0.010000 0.010000
0 0.440918 0.873372 0.010000 0.010000
0 0.785400 0.879883 0.021973 0.017578
0 0.100000 0.875326 0.010000 0.010000
0 0.320068 0.876953 0.010000 0.010000
0 0.321289 0.880208 0.010000 0.013021
0 0.333252 0.876302 0.011230 0.010000
0 0.355225 0.875651 0.010254 0.010000
0 0.377441 0.878906 0.010000 0.010000
0 0.322998 0.880859 0.010000 0.011719
0 0.800781 0.876953 0.010000 0.010000
0 0.858643 0.876953 0.010000 0.010000
0 0.861084 0.884440 0.013184 0.017578
0 0.280518 0.878255 0.010000 0.010000
0 0.330322 0.881185 0.018066 0.010000
0 0.775146 0.881510 0.010000 0.010000
0 0.805908 0.889323 0.020996 0.026042
0 0.185547 0.880859 0.010000 0.010000
0 0.326660 0.881836 0.010000 0.010000
0 0.333008 0.886393 0.013672 0.016276
0 0.603760 0.879232 0.010000 0.010000
0 0.281494 0.882487 0.010000 0.010000
0 0.815918 0.882487 0.010000 0.010000
0 0.152832 0.886719 0.010000 0.011719
0 0.289307 0.889323 0.010000 0.016927
0 0.378418 0.883789 0.010000 0.010000
0 0.849854 0.886068 0.019043 0.010417
0 0.871582 0.882812 0.010000 0.010000
0 0.900000 0.887695 0.010000 0.013672
0 0.131836 0.883789 0.010000 0.010000
0 0.197021 0.887370 0.013184 0.011719
0 0.283691 0.894857 0.017578 0.026693
0 0.521729 0.883138 0.010000 0.010000
0 0.870361 0.885091 0.010000 0.010000
0 0.100000 0.886719 0.010000 0.010000
0 0.131836 0.886068 0.010000 0.010000
0 0.444580 0.900000 0.041504 0.055990
0 0.505371 0.886393 0.010000 0.010000
0 0.519287 0.893229 0.013184 0.020833
0 0.845215 0.885417 0.010000 0.010000
0 0.856689 0.888346 0.010254 0.010000
0 0.875732 0.884440 0.010000 0.010000
0 0.100000 0.885742 0.010000 0.010000
0 0.339111 0.887044 0.010000 0.010000
0 0.900000 0.886719 0.010000 0.010000
0 0.210938 0.890299 0.010000 0.010000
0 0.494873 0.900000 0.053223 0.077474
0 0.100000 0.890625 0.010000 0.010000
0 0.205078 0.892578 0.010000 0.011719
0 0.806885 0.893555 0.010254 0.012370
0 0.823730 0.888672 0.010000 0.010000
0 0.139648 0.894206 0.010000 0.012370
0 0.829102 0.894531 0.012695 0.013021
0 0.504150 0.892904 0.010000 0.010000
0 0.131836 0.893880 0.010000 0.010000
0 0.337646 0.892253 0.010000 0.010000
0 0.337158 0.893229 0.010000 0.010000
0 0.361328 0.891602 0.010000 0.010000
0 0.814697 0.897786 0.010000 0.010417
0 0.864746 0.893229 0.010000 0.010000
0 0.299561 0.894857 0.010000 0.010000
0 0.300781 0.895833 0.010000 0.010000
0 0.363037 0.900000 0.010254 0.014974
0 0.865234 0.895182 0.010000 0.010000
0 0.325195 0.900000 0.061523 0.064453
0 0.503174 0.896484 0.010000 0.010000
0 0.866943 0.896810 0.010000 0.010000
0 0.136963 0.900000 0.012207 0.013672
0 0.821289 0.900000 0.010000 0.012370
0 0.824951 0.899740 0.010000 0.010000
0 0.867920 0.899089 0.010000 0.010000
0 0.344971 0.900000 0.012207 0.031901
0 0.542480 0.900000 0.012695 0.019531
0 0.827393 0.900000 0.020020 0.034505
0 0.100000 0.900000 0.010000 0.010000
0 0.293213 0.900000 0.010000 0.010417
0 0.344482 0.900000 0.010000 0.010000
0 0.100000 0.900000 0.010000 0.010000
0 0.100000 0.900000 0.032715 0.038411
0 0.790039 0.900000 0.010000 0.010000
0 0.854492 0.900000 0.010000 0.010000
0 0.216309 0.900000 0.010000 0.010000
0 0.225586 0.900000 0.010000 0.010417
0 0.788818 0.900000 0.010000 0.010000
0 0.136719 0.900000 0.010000 0.014323
0 0.221924 0.900000 0.010000 0.010000
0 0.586670 0.900000 0.010000 0.010000
0 0.787109 0.900000 0.010000 0.010000
0 0.854248 0.900000 0.010000 0.010000
0 0.230469 0.900000 0.010000 0.013021
0 0.373535 0.900000 0.010000 0.010000
0 0.583740 0.900000 0.010000 0.010000
0 0.785156 0.900000 0.010000 0.010000
0 0.303711 0.900000 0.010000 0.010000
0 0.373291 0.900000 0.010254 0.014974
0 0.854736 0.900000 0.010000 0.010000
0 0.232422 0.900000 0.010000 0.014323
0 0.681396 0.900000 0.015137 0.022135
0 0.688477 0.900000 0.010000 0.010000
0 0.837646 0.900000 0.010000 0.010000
0 0.100000 0.900000 0.020996 0.018229
0 0.113770 0.900000 0.010000 0.010000
0 0.297852 0.900000 0.010000 0.010000
0 0.100000 0.900000 0.010000 0.010000
0 0.537354 0.900000 0.105957 0.083333
0 0.127686 0.900000 0.010000 0.010000
0 0.141846 0.900000 0.010000 0.010000
0 0.153809 0.900000 0.010000 0.010000
0 0.204102 0.900000 0.010742 0.015625
0 0.845459 0.900000 0.010000 0.011068
0 0.900000 0.900000 0.010000 0.010000
0 0.376465 0.900000 0.010742 0.010000
0 0.843506 0.900000 0.010000 0.010000
0 0.205566 0.900000 0.019531 0.020182
0 0.803467 0.900000 0.010000 0.010000
0 0.900000 0.900000 0.010000 0.010000
0 0.900000 0.900000 0.010000 0.010000
0 0.900000 0.900000 0.010000 0.010000
0 0.900000 0.900000 0.010000 0.010000
0 0.801025 0.900000 0.010000 0.010000
0 0.805908 0.900000 0.010000 0.010000
0 0.847900 0.900000 0.010000 0.010000
0 0.900000 0.900000 0.010000 0.010000
0 0.900000 0.900000 0.010000 0.010000
0 0.100000 0.900000 0.010000 0.010000
0 0.121582 0.900000 0.010000 0.014974
0 0.282715 0.900000 0.010000 0.010000
0 0.809082 0.900000 0.018555 0.010000
0 0.900000 0.900000 0.010000 0.010000
0 0.208740 0.900000 0.027832 0.037760
0 0.282715 0.900000 0.010000 0.010000
0 0.490479 0.900000 0.010000 0.010000
0 0.861572 0.900000 0.023926 0.018229
0 0.281738 0.900000 0.010000 0.010000
0 0.342773 0.900000 0.010000 0.010000
0 0.396973 0.900000 0.010742 0.013672
0 0.339355 0.900000 0.010000 0.010000
0 0.900000 0.900000 0.010000 0.010000
0 0.900000 0.900000 0.010000 0.010000
0 0.342285 0.900000 0.010000 0.010000
0 0.582764 0.900000 0.010000 0.010000
0 0.100000 0.900000 0.010000 0.011719
0 0.282471 0.900000 0.011230 0.017578
0 0.100000 0.900000 0.010000 0.014974
0 0.121826 0.900000 0.010000 0.010000
0 0.227539 0.900000 0.012695 0.011068
0 0.840088 0.900000 0.042480 0.051432
0 0.863770 0.900000 0.010000 0.010000
0 0.886475 0.900000 0.010000 0.013021
0 0.884521 0.900000 0.010000 0.014323
0 0.100000 0.900000 0.010000 0.010000
0 0.374268 0.900000 0.010000 0.010000
0 0.825928 0.900000 0.010000 0.010000
0 0.826904 0.900000 0.010000 0.010000
0 0.232178 0.900000 0.010000 0.010000
0 0.399658 0.900000 0.010254 0.018229
0 0.445557 0.900000 0.015137 0.029948
0 0.728027 0.900000 0.010000 0.010417
0 0.882568 0.900000 0.010000 0.010000
0 0.234375 0.900000 0.010000 0.010000
0 0.373779 0.900000 0.010254 0.027344
0 0.235596 0.900000 0.010000 0.010000
0 0.134766 0.900000 0.016602 0.014323
0 0.235840 0.900000 0.010000 0.010000
0 0.412109 0.900000 0.011719 0.011719
0 0.125000 0.900000 0.011719 0.014323
0 0.244141 0.900000 0.017578 0.037760
0 0.866455 0.900000 0.010000 0.010000
0 0.368164 0.900000 0.010000 0.018880
0 0.211914 0.900000 0.010000 0.010000
0 0.307861 0.900000 0.015137 0.042318
0 0.580566 0.900000 0.010000 0.010000
0 0.442383 0.900000 0.010000 0.015625
0 0.485107 0.900000 0.010000 0.010000
0 0.900000 0.900000 0.010000 0.010000
0 0.399658 0.900000 0.010000 0.010000
0 0.445068 0.900000 0.010000 0.017578
0 0.446777 0.900000 0.010000 0.010000
0 0.806396 0.900000 0.020020 0.023438
0 0.282959 0.900000 0.010000 0.010000
0 0.324707 0.900000 0.010000 0.010000
0 0.326416 0.900000 0.010000 0.010000
0 0.455322 0.900000 0.014160 0.023438
0 0.411377 0.900000 0.010000 0.010000
0 0.788086 0.900000 0.010000 0.010000
0 0.900000 0.900000 0.010000 0.010000
0 0.100000 0.900000 0.039062 0.046224
0 0.238770 0.900000 0.010000 0.010000
0 0.762207 0.900000 0.010000 0.010000
0 0.880615 0.900000 0.010000 0.012370
0 0.900000 0.900000 0.010000 0.010000
0 0.239014 0.900000 0.010000 0.010000
0 0.312744 0.900000 0.010000 0.017578
0 0.412598 0.900000 0.011719 0.010000
0 0.763672 0.900000 0.010000 0.010000
0 0.304199 0.900000 0.010000 0.010000
0 0.347412 0.900000 0.010000 0.010000
0 0.765381 0.900000 0.010000 0.010000
0 0.887207 0.900000 0.010742 0.021484
0 0.900000 0.900000 0.051270 0.041667
0 0.281494 0.900000 0.010000 0.010000
0 0.352051 0.900000 0.010000 0.010000
0 0.900000 0.900000 0.010000 0.010000
0 0.150879 0.900000 0.010000 0.015625
0 0.148926 0.900000 0.010000 0.011719
0 0.154053 0.900000 0.010000 0.012370
0 0.216309 0.900000 0.042969 0.035156
0 0.900000 0.900000 0.010000 0.010000
0 0.321533 0.900000 0.011230 0.027995
0 0.321289 0.900000 0.010000 0.010000
0 0.356689 0.900000 0.010000 0.010000
0 0.461426 0.900000 0.010000 0.010417
0 0.794678 0.900000 0.018066 0.016927
0 0.900000 0.900000 0.011719 0.019531
0 0.144043 0.900000 0.010000 0.010000
0 0.464355 0.900000 0.010000 0.010417
0 0.467041 0.900000 0.010000 0.016276
0 0.840332 0.900000 0.010000 0.010000
0 0.469482 0.900000 0.010000 0.019531
0 0.771973 0.900000 0.011719 0.017578
0 0.114502 0.900000 0.010000 0.010000
0 0.814697 0.900000 0.010000 0.010000
0 0.829102 0.900000 0.016602 0.022135
0 0.129395 0.900000 0.010000 0.027995
0 0.338379 0.900000 0.042969 0.027344
0 0.707520 0.900000 0.010000 0.010000
0 0.802734 0.900000 0.010000 0.010000
0 0.165771 0.900000 0.010000 0.010000
0 0.249023 0.900000 0.010000 0.010000
0 0.373047 0.900000 0.010000 0.010000
0 0.118164 0.900000 0.010000 0.010000
0 0.168213 0.900000 0.010000 0.011719
0 0.357910 0.900000 0.010000 0.010000
0 0.881348 0.900000 0.012695 0.011068
0 0.100000 0.900000 0.010000 0.010000
0 0.119873 0.900000 0.010000 0.011719
0 0.172119 0.900000 0.010000 0.010000
0 0.248291 0.900000 0.010000 0.010000
0 0.375732 0.900000 0.010254 0.013672
0 0.424561 0.900000 0.010000 0.010000
0 0.874512 0.900000 0.010000 0.010000
0 0.100000 0.900000 0.014160 0.022786
0 0.115967 0.900000 0.010000 0.012370
0 0.170654 0.900000 0.010000 0.011719
0 0.551025 0.900000 0.010000 0.010000
0 0.237305 0.900000 0.010000 0.010000
0 0.248535 0.900000 0.010000 0.010000
0 0.291260 0.900000 0.010000 0.010000
0 0.382812 0.900000 0.017578 0.010000
0 0.710449 0.900000 0.010000 0.010000
0 0.832764 0.900000 0.010000 0.010000
0 0.292725 0.900000 0.010000 0.010000
0 0.348877 0.900000 0.010000 0.010000
0 0.475586 0.900000 0.010000 0.010417
0 0.100000 0.900000 0.020508 0.016276
0 0.234863 0.900000 0.010000 0.010000
0 0.288818 0.900000 0.010000 0.010000
0 0.780518 0.900000 0.010000 0.015625
0 0.781006 0.900000 0.010000 0.010000
0 0.816650 0.900000 0.011230 0.014323
0 0.393799 0.900000 0.013184 0.010000
0 0.695801 0.900000 0.010000 0.013672
0 0.771240 0.900000 0.010000 0.010000
0 0.248291 0.900000 0.010000 0.010000
0 0.692139 0.900000 0.010000 0.010000
0 0.112549 0.900000 0.013184 0.011068
0 0.842041 0.900000 0.010000 0.011068
0 0.798584 0.900000 0.010000 0.010000
0 0.317139 0.900000 0.010000 0.010000
0 0.712158 0.900000 0.010000 0.010000
0 0.871826 0.900000 0.011230 0.010000
0 0.258789 0.900000 0.010000 0.010000
0 0.260498 0.900000 0.010000 0.010000
0 0.843018 0.900000 0.010000 0.010000
0 0.889893 0.900000 0.010000 0.010000
0 0.129883 0.900000 0.010000 0.010000
0 0.211426 0.900000 0.011719 0.010000
0 0.216553 0.900000 0.010000 0.010000
0 0.256592 0.900000 0.010000 0.010000
0 0.314209 0.900000 0.010000 0.010000
0 0.355957 0.900000 0.010000 0.010000
0 0.402832 0.900000 0.010000 0.010000
0 0.894043 0.900000 0.010000 0.010000
0 0.900000 0.900000 0.017090 0.010000
0 0.152100 0.900000 0.010000 0.010000
0 0.155518 0.900000 0.010000 0.010000
0 0.158447 0.900000 0.010000 0.010000
0 0.203857 0.900000 0.010000 0.010000
0 0.232910 0.900000 0.010000 0.010000
0 0.265381 0.900000 0.010000 0.010000
0 0.267090 0.900000 0.010000 0.010000
0 0.276367 0.900000 0.010000 0.010000
0 0.370117 0.900000 0.010000 0.010000
0 0.406250 0.900000 0.010000 0.010000
0 0.408447 0.900000 0.010000 0.010000
0 0.459473 0.900000 0.010000 0.010000
0 0.479492 0.900000 0.010000 0.010000
0 0.100000 0.900000 0.010000 0.010000
0 0.100000 0.900000 0.010000 0.010000
0 0.169922 0.900000 0.010000 0.010000
0 0.209717 0.900000 0.010000 0.010000
0 0.244385 0.900000 0.016113 0.010000
0 0.268799 0.900000 0.010000 0.010000
0 0.273438 0.900000 0.010000 0.010000
0 0.359375 0.900000 0.010000 0.010000
0 0.365234 0.900000 0.010000 0.010000
0 0.396973 0.900000 0.010000 0.010000
0 0.445801 0.900000 0.010000 0.010000
0 0.482910 0.900000 0.010000 0.010000
0 0.592529 0.900000 0.010000 0.010000
0 0.796143 0.900000 0.010000 0.010000
0 0.420654 0.900000 0.010000 0.010000
0 0.455566 0.900000 0.010000 0.010000
0 0.843018 0.900000 0.010000 0.010000
0 0.866699 0.900000 0.010000 0.010000
