1 0.500000 0.500000 0.500000 0.500000
0 0.588379 0.100000 0.010000 0.010000
0 0.777344 0.100000 0.010000 0.010000
0 0.784424 0.100000 0.010000 0.010000
0 0.804688 0.100000 0.010000 0.010000
0 0.100000 0.100000 0.010000 0.010000
0 0.316650 0.100000 0.010000 0.010000
0 0.472168 0.100000 0.010000 0.010000
0 0.435791 0.100000 0.010000 0.010000
0 0.491699 0.100000 0.010000 0.010000
0 0.240479 0.100000 0.010000 0.010000
0 0.493408 0.100000 0.010000 0.010000
0 0.855469 0.100000 0.010000 0.010000
0 0.235352 0.100000 0.010000 0.010000
0 0.878662 0.100000 0.010000 0.010000
0 0.248779 0.100000 0.010000 0.010000
0 0.228760 0.100000 0.010000 0.010000
0 0.658691 0.100000 0.010000 0.010000
0 0.888672 0.100000 0.010000 0.010000
0 0.702637 0.100000 0.010000 0.010000
0 0.492188 0.100000 0.010000 0.010000
0 0.483154 0.100000 0.010000 0.010000
0 0.870361 0.100000 0.010000 0.010000
0 0.467773 0.100000 0.010000 0.010417
0 0.406494 0.101237 0.010000 0.010000
0 0.900000 0.103841 0.010000 0.010000
0 0.100000 0.107747 0.010000 0.010000
0 0.391113 0.108398 0.010000 0.010000
0 0.352295 0.110026 0.010000 0.010000
0 0.559082 0.117188 0.010000 0.010000
0 0.697998 0.120117 0.010000 0.010000
0 0.547119 0.130859 0.010000 0.010000
0 0.646240 0.135417 0.010000 0.010000
0 0.608643 0.141927 0.010000 0.010000
0 0.755371 0.141276 0.010000 0.010000
0 0.100000 0.145182 0.010000 0.010000
0 0.789062 0.158854 0.010000 0.010000
0 0.430908 0.160156 0.010000 0.010000
0 0.787598 0.159831 0.010000 0.010000
0 0.230469 0.159831 0.010000 0.010000
0 0.177246 0.161784 0.010000 0.010000
0 0.890381 0.161133 0.010254 0.010000
0 0.717529 0.180013 0.010000 0.010000
0 0.566406 0.189453 0.010000 0.010000
0 0.649414 0.191081 0.010000 0.010000
0 0.236816 0.196289 0.010000 0.010000
0 0.291260 0.200521 0.010000 0.010000
0 0.893066 0.208659 0.010000 0.010000
0 0.535156 0.211589 0.010000 0.010000
0 0.872070 0.219076 0.010000 0.010000
0 0.492920 0.225260 0.010000 0.010000
0 0.739746 0.233073 0.010000 0.010000
0 0.375244 0.245768 0.010000 0.010000
0 0.769287 0.248698 0.010000 0.010000
0 0.900000 0.250000 0.010000 0.010000
0 0.100000 0.258789 0.010000 0.010000
0 0.209229 0.255208 0.010000 0.010000
0 0.900000 0.260742 0.010000 0.011068
0 0.164062 0.262044 0.010000 0.010000
0 0.100000 0.267253 0.010000 0.010000
0 0.782959 0.267253 0.010000 0.010000
0 0.900000 0.271484 0.010000 0.010000
0 0.741211 0.282227 0.010000 0.010000
0 0.290771 0.284180 0.010000 0.010000
0 0.163330 0.284505 0.010000 0.010000
0 0.383057 0.284831 0.010000 0.010000
0 0.771973 0.285807 0.010000 0.010000
0 0.900000 0.285807 0.010000 0.010000
0 0.342773 0.294922 0.010000 0.010000
0 0.250488 0.303060 0.010000 0.010000
0 0.222412 0.304688 0.010000 0.010000
0 0.638184 0.314128 0.010000 0.010000
0 0.116211 0.324870 0.010000 0.010000
0 0.100000 0.327148 0.010000 0.010000
0 0.350830 0.329427 0.010000 0.010000
0 0.900000 0.331380 0.010000 0.010000
0 0.834229 0.332357 0.010000 0.010000
0 0.100000 0.331706 0.010000 0.010000
0 0.371338 0.334310 0.010000 0.010000
0 0.900000 0.336263 0.010000 0.010000
0 0.703369 0.342122 0.010000 0.010000
0 0.900000 0.343099 0.010000 0.010000
0 0.681885 0.347656 0.010000 0.010000
0 0.490234 0.351888 0.010000 0.010000
0 0.100000 0.361003 0.010000 0.010000
0 0.866699 0.360352 0.010000 0.010000
0 0.783447 0.364258 0.010000 0.010000
0 0.100000 0.371745 0.010000 0.010000
0 0.717773 0.371419 0.010000 0.010000
0 0.240967 0.373047 0.010000 0.010000
0 0.100000 0.376628 0.010000 0.010000
0 0.106934 0.378581 0.010000 0.010000
0 0.474609 0.382812 0.010000 0.010000
0 0.393066 0.387044 0.010000 0.010000
0 0.900000 0.386719 0.010000 0.010000
0 0.900000 0.386068 0.010000 0.010000
0 0.134277 0.388672 0.010000 0.010000
0 0.401367 0.390625 0.010000 0.010000
0 0.871094 0.391602 0.010000 0.010000
0 0.128662 0.395833 0.010000 0.010000
0 0.126953 0.395508 0.010000 0.010000
0 0.130127 0.397461 0.010000 0.010000
0 0.417480 0.399414 0.010000 0.010000
0 0.510742 0.403320 0.010000 0.010000
0 0.702148 0.404948 0.010000 0.010000
0 0.309082 0.404948 0.010000 0.010000
0 0.900000 0.410156 0.010000 0.010000
0 0.900000 0.412109 0.010000 0.010000
0 0.388428 0.419596 0.010000 0.010000
0 0.389648 0.419271 0.010000 0.010000
0 0.392090 0.418945 0.010000 0.010000
0 0.900000 0.430339 0.029785 0.027344
0 0.509521 0.423177 0.010000 0.010000
0 0.775391 0.435221 0.010000 0.010000
0 0.551514 0.440104 0.010000 0.010000
0 0.100000 0.447266 0.010000 0.016927
0 0.538086 0.442383 0.010000 0.010000
0 0.100000 0.456055 0.022949 0.027995
0 0.100000 0.445312 0.010000 0.010000
0 0.542725 0.444336 0.010000 0.010000
0 0.569336 0.444661 0.010000 0.010000
0 0.652344 0.446940 0.010000 0.010000
0 0.514160 0.450846 0.010000 0.010000
0 0.643066 0.448568 0.010000 0.010000
0 0.100000 0.453125 0.010000 0.010000
0 0.100000 0.453451 0.010000 0.010000
0 0.811279 0.452474 0.010000 0.010000
0 0.666992 0.454427 0.010000 0.010000
0 0.890625 0.458984 0.010000 0.010000
0 0.518799 0.460612 0.010000 0.010000
0 0.894775 0.463867 0.010000 0.010000
0 0.100000 0.469727 0.010000 0.010000
0 0.100000 0.471680 0.010000 0.010000
0 0.391846 0.473958 0.010000 0.010000
0 0.900000 0.474284 0.010000 0.010000
0 0.900000 0.482747 0.010000 0.018880
0 0.808350 0.484375 0.010000 0.010000
0 0.854248 0.485352 0.010000 0.010000
0 0.332031 0.485352 0.010000 0.010000
0 0.231689 0.489583 0.010000 0.010000
0 0.100000 0.496419 0.010000 0.010000
0 0.400879 0.496419 0.010000 0.010000
0 0.492432 0.500000 0.010000 0.010000
0 0.900000 0.501302 0.010000 0.010000
0 0.735596 0.505208 0.010000 0.010000
0 0.489746 0.509115 0.010000 0.010000
0 0.492188 0.508789 0.010000 0.010000
0 0.900000 0.509115 0.010000 0.010000
0 0.268311 0.515625 0.010000 0.010000
0 0.677979 0.515625 0.010000 0.010000
0 0.214600 0.518229 0.010000 0.010000
0 0.797363 0.532227 0.010000 0.010000
0 0.900000 0.543620 0.010000 0.010000
0 0.708984 0.543294 0.010000 0.010000
0 0.455811 0.545898 0.010000 0.010000
0 0.380127 0.550130 0.010000 0.010000
0 0.454346 0.555013 0.010000 0.010000
0 0.115723 0.554362 0.010000 0.010000
0 0.450928 0.554362 0.010000 0.010000
0 0.100000 0.555990 0.010000 0.010000
0 0.864258 0.557617 0.010000 0.010000
0 0.100000 0.555339 0.010000 0.010000
0 0.142578 0.556641 0.010000 0.010000
0 0.439697 0.558919 0.010000 0.010000
0 0.888428 0.565104 0.010000 0.010000
0 0.644043 0.572591 0.010000 0.010000
0 0.739746 0.571940 0.010000 0.010000
0 0.194824 0.573893 0.010000 0.010000
0 0.662109 0.572591 0.010000 0.010000
0 0.104492 0.579102 0.010000 0.010000
0 0.204590 0.577148 0.010000 0.010000
0 0.646729 0.580729 0.010000 0.010000
0 0.506348 0.591797 0.010000 0.010000
0 0.713867 0.601562 0.010000 0.010417
0 0.854492 0.601888 0.010000 0.010000
0 0.799072 0.608724 0.010000 0.010000
0 0.583252 0.607747 0.010000 0.010000
0 0.709961 0.608073 0.010000 0.010000
0 0.100000 0.609375 0.010000 0.010000
0 0.677246 0.614258 0.014648 0.011068
0 0.416992 0.618164 0.010000 0.010000
0 0.900000 0.620117 0.010000 0.010000
0 0.317627 0.620768 0.010000 0.010000
0 0.854736 0.622721 0.010000 0.010000
0 0.900000 0.627604 0.010000 0.010000
0 0.645020 0.638346 0.010000 0.010000
0 0.469482 0.639974 0.010000 0.010000
0 0.631104 0.642904 0.010000 0.010000
0 0.639160 0.641927 0.010000 0.010000
0 0.636475 0.644206 0.010000 0.010000
0 0.621582 0.646159 0.010000 0.010000
0 0.629395 0.647135 0.010742 0.010000
0 0.637451 0.650391 0.010000 0.010000
0 0.385742 0.660482 0.015625 0.014974
0 0.410645 0.658854 0.010000 0.010000
0 0.639648 0.658203 0.010000 0.010000
0 0.687012 0.659505 0.010000 0.010000
0 0.758545 0.675130 0.010000 0.010417
0 0.565186 0.677409 0.010000 0.010000
0 0.600586 0.679362 0.010000 0.010000
0 0.762695 0.676432 0.010000 0.010000
0 0.573486 0.679362 0.010000 0.010000
0 0.697754 0.678385 0.010000 0.010000
0 0.588623 0.683268 0.010000 0.010000
0 0.570557 0.690430 0.010000 0.010000
0 0.597168 0.690755 0.010000 0.010000
0 0.900000 0.690755 0.010000 0.010000
0 0.563721 0.694661 0.010000 0.010000
0 0.442139 0.698893 0.010000 0.010000
0 0.538086 0.700846 0.010000 0.010000
0 0.445312 0.703451 0.010000 0.010000
0 0.442139 0.705078 0.010000 0.010000
0 0.603027 0.707357 0.010000 0.010000
0 0.605225 0.712565 0.010000 0.010000
0 0.100000 0.715169 0.010000 0.010000
0 0.403809 0.713216 0.010000 0.010000
0 0.822266 0.713542 0.010000 0.010000
0 0.768066 0.716797 0.010000 0.010000
0 0.151367 0.719076 0.010000 0.010000
0 0.298096 0.741536 0.014160 0.010000
0 0.312744 0.746094 0.010000 0.010000
0 0.500244 0.746094 0.010000 0.010000
0 0.523682 0.748698 0.010000 0.010000
0 0.900000 0.753255 0.010000 0.010000
0 0.879395 0.755859 0.010000 0.010000
0 0.100000 0.756836 0.010000 0.010000
0 0.222412 0.757161 0.010000 0.010000
0 0.878174 0.759115 0.010000 0.010000
0 0.295654 0.760091 0.010000 0.010000
0 0.295898 0.762695 0.010000 0.010000
0 0.496094 0.759766 0.010000 0.010000
0 0.900000 0.761719 0.010000 0.010000
0 0.651123 0.764974 0.010000 0.010000
0 0.723389 0.762044 0.010000 0.010000
0 0.826660 0.766276 0.010000 0.010000
0 0.900000 0.764648 0.010000 0.010000
0 0.248291 0.765951 0.010000 0.010000
0 0.583496 0.768555 0.010000 0.010000
0 0.588623 0.771484 0.010000 0.010000
0 0.251709 0.774089 0.010000 0.010000
0 0.594482 0.774089 0.010000 0.010000
0 0.585693 0.776693 0.010000 0.010000
0 0.353516 0.778320 0.010000 0.010000
0 0.358887 0.779297 0.010000 0.010000
0 0.900000 0.779297 0.010000 0.010000
0 0.576904 0.778971 0.010000 0.010000
0 0.900000 0.780273 0.010000 0.010000
0 0.351807 0.783854 0.010000 0.010417
0 0.242920 0.783854 0.010000 0.010000
0 0.347900 0.785156 0.010000 0.010000
0 0.431152 0.784180 0.010000 0.010000
0 0.422607 0.786458 0.010000 0.010000
0 0.537842 0.786133 0.010000 0.010000
0 0.843750 0.795573 0.010000 0.010000
0 0.429932 0.797852 0.010000 0.010000
0 0.536865 0.798503 0.010000 0.010000
0 0.429443 0.800456 0.010000 0.010000
0 0.814941 0.801758 0.010000 0.010000
0 0.895996 0.801432 0.010000 0.010000
0 0.900000 0.801107 0.010000 0.010000
0 0.207520 0.803060 0.010000 0.010000
0 0.429199 0.804362 0.010000 0.010000
0 0.526855 0.806315 0.010000 0.011068
0 0.254883 0.803385 0.010000 0.010000
0 0.900000 0.803385 0.010000 0.010000
0 0.433594 0.804362 0.010000 0.010000
0 0.900000 0.805664 0.010000 0.010000
0 0.900000 0.804362 0.010000 0.010000
0 0.519043 0.807292 0.010000 0.010000
0 0.595215 0.807292 0.010000 0.010000
0 0.900000 0.819336 0.014160 0.020182
0 0.900000 0.812174 0.010000 0.010000
0 0.100000 0.814128 0.010000 0.010000
0 0.424316 0.817383 0.010000 0.010000
0 0.591797 0.820312 0.010000 0.010000
0 0.748291 0.819336 0.010000 0.010000
0 0.900000 0.819661 0.010000 0.010000
0 0.661133 0.821289 0.010000 0.010000
0 0.371338 0.825521 0.010000 0.010000
0 0.370117 0.830729 0.010000 0.010000
0 0.592041 0.831380 0.010000 0.010000
0 0.120850 0.830729 0.010000 0.010000
0 0.333740 0.833984 0.010000 0.011719
0 0.371338 0.831380 0.010000 0.010000
0 0.592041 0.831380 0.010000 0.010000
0 0.662109 0.831055 0.010000 0.010000
0 0.900000 0.841797 0.010000 0.023438
0 0.541260 0.835612 0.010000 0.010000
0 0.900000 0.836263 0.010000 0.010000
0 0.100000 0.836589 0.010000 0.010000
0 0.544922 0.838867 0.010000 0.010000
0 0.100000 0.836914 0.010000 0.010000
0 0.338135 0.838542 0.010000 0.010000
0 0.547119 0.840495 0.010000 0.010000
0 0.626221 0.838542 0.010000 0.010000
0 0.100000 0.841797 0.010000 0.010000
0 0.594971 0.841146 0.010000 0.010000
0 0.484863 0.841146 0.010000 0.010000
0 0.100000 0.843424 0.010000 0.010000
0 0.387939 0.842448 0.010000 0.010000
0 0.153320 0.845378 0.010000 0.010000
0 0.288818 0.845052 0.010000 0.010000
0 0.722656 0.844727 0.010000 0.010000
0 0.472900 0.847005 0.010000 0.010000
0 0.612793 0.848633 0.010000 0.010000
0 0.710938 0.848633 0.010000 0.010000
0 0.726807 0.853190 0.010000 0.010000
0 0.545898 0.854167 0.010000 0.010000
0 0.284424 0.855143 0.010000 0.010000
0 0.638672 0.856445 0.010000 0.010000
0 0.100000 0.861003 0.010000 0.010000
0 0.100000 0.858073 0.010000 0.010000
0 0.599609 0.860677 0.010000 0.010000
0 0.747803 0.861654 0.010000 0.010000
0 0.100000 0.863281 0.010000 0.010000
0 0.641846 0.870443 0.010000 0.011719
0 0.856201 0.867188 0.010000 0.010000
0 0.900000 0.866862 0.010000 0.010000
0 0.100000 0.867188 0.010000 0.010000
0 0.179688 0.873047 0.010000 0.010000
0 0.161865 0.884115 0.010000 0.024740
0 0.160645 0.875326 0.010000 0.010000
0 0.900000 0.879883 0.010000 0.010000
0 0.339355 0.882487 0.010000 0.010000
0 0.171143 0.885742 0.010000 0.010000
0 0.338379 0.883464 0.010000 0.010000
0 0.336670 0.887044 0.010000 0.010000
0 0.100000 0.887695 0.010000 0.010000
0 0.900000 0.887695 0.010000 0.010000
0 0.459473 0.887370 0.010000 0.010000
0 0.525391 0.898112 0.017578 0.018880
0 0.403076 0.891276 0.010000 0.010000
0 0.322266 0.893555 0.010000 0.010000
0 0.614502 0.893555 0.010000 0.010000
0 0.161865 0.896484 0.010000 0.010000
0 0.102539 0.897135 0.010000 0.010000
0 0.250000 0.896810 0.010000 0.010000
0 0.338135 0.899089 0.010000 0.010000
0 0.533447 0.898438 0.010000 0.010000
0 0.900000 0.896810 0.010000 0.010000
0 0.229004 0.900000 0.010000 0.010000
0 0.644043 0.900000 0.010000 0.010000
0 0.100000 0.900000 0.010000 0.010000
0 0.254395 0.900000 0.010000 0.010000
0 0.762695 0.900000 0.010000 0.010000
0 0.568604 0.900000 0.020020 0.025391
0 0.249268 0.900000 0.010000 0.010000
0 0.711182 0.900000 0.010000 0.010000
0 0.294922 0.900000 0.010000 0.010000
0 0.470947 0.900000 0.010000 0.013021
0 0.100000 0.900000 0.010000 0.010000
0 0.900000 0.900000 0.010000 0.010000
0 0.100000 0.900000 0.010000 0.010000
0 0.900000 0.900000 0.019531 0.046224
0 0.543457 0.900000 0.010000 0.010000
0 0.759277 0.900000 0.010000 0.010000
0 0.247803 0.900000 0.016113 0.022135
0 0.752197 0.900000 0.010000 0.010000
0 0.787598 0.900000 0.010000 0.010000
0 0.158447 0.900000 0.010000 0.010000
0 0.234375 0.900000 0.010000 0.010000
0 0.747803 0.900000 0.010000 0.016276
0 0.100000 0.900000 0.010000 0.010000
0 0.254395 0.900000 0.010000 0.011719
0 0.304443 0.900000 0.012207 0.018880
0 0.752441 0.900000 0.010000 0.010000
0 0.100000 0.900000 0.010000 0.010000
0 0.100000 0.900000 0.010000 0.010000
0 0.105225 0.900000 0.010000 0.010000
0 0.259277 0.900000 0.010000 0.010000
0 0.239746 0.900000 0.010000 0.010000
0 0.410645 0.900000 0.010000 0.010000
0 0.751465 0.900000 0.010000 0.010000
0 0.739990 0.900000 0.010000 0.010000
0 0.284424 0.900000 0.010000 0.010000
0 0.549316 0.900000 0.010000 0.010000
0 0.266602 0.900000 0.010000 0.010000
0 0.824707 0.900000 0.010000 0.010000
0 0.610107 0.900000 0.010000 0.010000
0 0.826416 0.900000 0.010254 0.017578
0 0.100000 0.900000 0.010000 0.010000
0 0.567139 0.900000 0.010000 0.010000
0 0.509521 0.900000 0.010000 0.011719
0 0.507812 0.900000 0.010000 0.010000
0 0.505127 0.900000 0.010000 0.010000
0 0.704834 0.900000 0.010000 0.010000
0 0.763672 0.900000 0.010000 0.010000
0 0.768799 0.900000 0.015137 0.013021
0 0.542969 0.900000 0.011719 0.010000
0 0.179688 0.900000 0.010000 0.010000
0 0.499512 0.900000 0.010000 0.010000
0 0.549072 0.900000 0.010000 0.010000
0 0.891357 0.900000 0.010000 0.010000
0 0.712646 0.900000 0.010000 0.010000
0 0.778809 0.900000 0.010000 0.010000
0 0.450439 0.900000 0.010000 0.010000
0 0.455322 0.900000 0.010000 0.010000
0 0.202393 0.900000 0.010000 0.010000
0 0.348877 0.900000 0.010000 0.010000
0 0.713379 0.900000 0.010000 0.010000
0 0.410156 0.900000 0.010000 0.010000
0 0.552246 0.900000 0.010000 0.010000
0 0.642822 0.900000 0.010000 0.010000
0 0.764404 0.900000 0.010000 0.010000
0 0.714355 0.900000 0.010000 0.010000
0 0.761963 0.900000 0.010000 0.010000
