0 0.741211 0.135742 0.048828 0.041016
0 0.381836 0.272461 0.041016 0.041016
0 0.108398 0.294922 0.048828 0.046875
0 0.273438 0.309570 0.066406 0.068359
0 0.382812 0.389648 0.074219 0.072266
0 0.132812 0.408203 0.039062 0.039062
0 0.545898 0.416992 0.044922 0.041016
0 0.100000 0.453125 0.039062 0.039062
0 0.100000 0.536133 0.044922 0.041016
0 0.848633 0.577148 0.044922 0.041016
0 0.252930 0.631836 0.048828 0.044922
0 0.733398 0.715820 0.041016 0.041016
0 0.870117 0.741211 0.076172 0.083984
0 0.114258 0.801758 0.080078 0.080078
0 0.364258 0.827148 0.048828 0.048828
0 0.323242 0.900000 0.041016 0.039062
