1 0.500000 0.500000 0.500000 0.500000
0 0.365723 0.100000 0.010000 0.010000
0 0.805664 0.100000 0.010000 0.010000
0 0.143066 0.100000 0.010000 0.010000
0 0.100000 0.100000 0.010000 0.010000
0 0.100000 0.100000 0.010000 0.010000
0 0.174805 0.100000 0.010000 0.010000
0 0.100000 0.100000 0.010000 0.010000
0 0.673828 0.100000 0.010000 0.010000
0 0.503662 0.100000 0.010000 0.010000
0 0.100000 0.100000 0.010000 0.010000
0 0.292969 0.100000 0.010000 0.010000
0 0.100000 0.100000 0.010000 0.010000
0 0.134277 0.100000 0.010000 0.010000
0 0.530273 0.100000 0.010000 0.010000
0 0.672607 0.100000 0.010000 0.010000
0 0.100000 0.100000 0.010000 0.010000
0 0.896484 0.100000 0.010000 0.010000
0 0.100000 0.100000 0.010000 0.010000
0 0.248047 0.100911 0.010000 0.010000
0 0.248047 0.100586 0.010000 0.010000
0 0.150879 0.103516 0.010000 0.010000
0 0.100000 0.103516 0.010000 0.010000
0 0.192871 0.106445 0.010000 0.010000
0 0.287354 0.116211 0.010000 0.010000
0 0.900000 0.119141 0.010000 0.010000
0 0.709473 0.122721 0.010000 0.010000
0 0.568848 0.124023 0.010000 0.010000
0 0.637207 0.123698 0.010000 0.010000
0 0.169189 0.126302 0.010000 0.010000
0 0.114258 0.126628 0.010000 0.010000
0 0.285400 0.126953 0.010000 0.010000
0 0.453125 0.129883 0.010000 0.010000
0 0.781982 0.129883 0.010000 0.010000
0 0.100000 0.134115 0.010000 0.010000
0 0.375000 0.136068 0.010000 0.010000
0 0.100000 0.136719 0.010000 0.010000
0 0.591309 0.138997 0.010000 0.010000
0 0.663574 0.140299 0.010000 0.010000
0 0.419189 0.141927 0.010000 0.010000
0 0.163330 0.149089 0.010000 0.010000
0 0.770752 0.152669 0.010000 0.010000
0 0.900000 0.154622 0.010000 0.010000
0 0.354248 0.161133 0.010000 0.010000
0 0.457520 0.163737 0.010000 0.010000
0 0.254395 0.170247 0.010000 0.010000
0 0.173340 0.172201 0.010000 0.010000
0 0.824219 0.173177 0.010000 0.010000
0 0.195068 0.175456 0.010000 0.010000
0 0.482666 0.182943 0.010000 0.010000
0 0.649170 0.184896 0.010000 0.010000
0 0.240967 0.187826 0.010000 0.010000
0 0.588623 0.189128 0.010000 0.010000
0 0.208740 0.195964 0.010000 0.010000
0 0.900000 0.196615 0.010000 0.010000
0 0.374756 0.200846 0.010000 0.010000
0 0.618652 0.200521 0.010000 0.010000
0 0.255371 0.201497 0.010000 0.010000
0 0.795654 0.206055 0.010000 0.010000
0 0.162598 0.209635 0.010000 0.010000
0 0.900000 0.209961 0.010000 0.010000
0 0.730225 0.211589 0.010000 0.010000
0 0.100000 0.213216 0.010000 0.010000
0 0.100000 0.213867 0.010000 0.010000
0 0.315430 0.216471 0.010000 0.010000
0 0.666504 0.217122 0.010000 0.010000
0 0.707275 0.219401 0.010000 0.010000
0 0.900000 0.224284 0.010000 0.010000
0 0.772705 0.226237 0.010000 0.010000
0 0.178467 0.230469 0.010000 0.010000
0 0.449463 0.232096 0.010000 0.010000
0 0.397949 0.234375 0.010000 0.010000
0 0.591064 0.236979 0.010000 0.010000
0 0.900000 0.236328 0.010000 0.010000
0 0.106934 0.246094 0.010000 0.010000
0 0.268311 0.247070 0.010000 0.010000
0 0.303223 0.250977 0.010000 0.010000
0 0.175781 0.251302 0.010000 0.010000
0 0.669189 0.254883 0.010000 0.010000
0 0.734619 0.254883 0.010000 0.010000
0 0.378662 0.253906 0.010000 0.010000
0 0.567871 0.258464 0.010000 0.010000
0 0.453613 0.262370 0.010000 0.010000
0 0.433594 0.266927 0.010000 0.010000
0 0.725098 0.265299 0.010000 0.010000
0 0.289307 0.267904 0.010000 0.010000
0 0.362793 0.270182 0.010000 0.010000
0 0.262207 0.272461 0.010000 0.010000
0 0.326904 0.271810 0.010000 0.010000
0 0.471436 0.271810 0.010000 0.010000
0 0.694336 0.273112 0.010000 0.010000
0 0.900000 0.277669 0.010000 0.010000
0 0.900000 0.277018 0.010000 0.010000
0 0.900000 0.275716 0.010000 0.010000
0 0.659180 0.283529 0.010000 0.010000
0 0.831299 0.285807 0.010000 0.010000
0 0.575195 0.291341 0.010000 0.010000
0 0.888428 0.297526 0.010000 0.010000
0 0.791504 0.298177 0.010000 0.010000
0 0.513184 0.304036 0.010000 0.010000
0 0.900000 0.302083 0.010000 0.010000
0 0.654297 0.309570 0.010000 0.010000
0 0.100000 0.311198 0.010000 0.010000
0 0.261475 0.315430 0.010000 0.010000
0 0.849121 0.313151 0.010000 0.010000
0 0.604248 0.312826 0.010000 0.010000
0 0.867432 0.329753 0.010000 0.010000
0 0.844482 0.333984 0.010000 0.010000
0 0.365234 0.334310 0.010000 0.010000
0 0.203857 0.344401 0.010000 0.010000
0 0.453857 0.344076 0.010000 0.010000
0 0.436035 0.347656 0.010000 0.010000
0 0.483643 0.347982 0.010000 0.010000
0 0.737305 0.350586 0.010000 0.010000
0 0.900000 0.353841 0.010000 0.010000
0 0.400391 0.357096 0.010000 0.010000
0 0.571777 0.357747 0.010000 0.010000
0 0.900000 0.362630 0.010000 0.010000
0 0.100000 0.363932 0.010000 0.010000
0 0.876221 0.365560 0.010000 0.010000
0 0.239502 0.376953 0.010000 0.010000
0 0.562744 0.378906 0.010000 0.010000
0 0.900000 0.377279 0.010000 0.010000
0 0.452148 0.384766 0.010000 0.010000
0 0.356201 0.389323 0.010000 0.010000
0 0.774170 0.391927 0.010000 0.010000
0 0.613281 0.396484 0.010000 0.010000
0 0.311279 0.398112 0.010000 0.010000
0 0.465332 0.401367 0.010000 0.010000
0 0.613281 0.401693 0.010000 0.010000
0 0.730225 0.405924 0.010000 0.010000
0 0.442139 0.408854 0.010000 0.010000
0 0.101318 0.410156 0.010000 0.010000
0 0.508301 0.437500 0.020508 0.044271
0 0.758057 0.428385 0.010000 0.010000
0 0.258301 0.433919 0.010000 0.010000
0 0.900000 0.438477 0.010000 0.010000
0 0.547363 0.436849 0.010000 0.010000
0 0.277344 0.441081 0.010000 0.010000
0 0.114746 0.442057 0.010000 0.010000
0 0.100000 0.445964 0.010000 0.010000
0 0.859619 0.444987 0.010000 0.010000
0 0.886475 0.444010 0.010000 0.010000
0 0.900000 0.447266 0.010000 0.010000
0 0.102051 0.446940 0.010000 0.010000
0 0.446289 0.446615 0.010000 0.010000
0 0.515625 0.453451 0.010000 0.010000
0 0.464600 0.468750 0.010000 0.010000
0 0.698730 0.468750 0.010000 0.010000
0 0.276611 0.471029 0.010000 0.010000
0 0.367188 0.491211 0.010000 0.010000
0 0.900000 0.492188 0.010000 0.010000
0 0.360107 0.491536 0.010000 0.010000
0 0.744629 0.495443 0.010000 0.010000
0 0.213623 0.504557 0.010000 0.010000
0 0.100000 0.506836 0.010000 0.010000
0 0.241211 0.505859 0.010000 0.010000
0 0.100000 0.507161 0.010000 0.010000
0 0.165527 0.508464 0.010000 0.010000
0 0.784424 0.508789 0.010000 0.010000
0 0.699951 0.530924 0.010000 0.010000
0 0.719727 0.528646 0.010000 0.010000
0 0.275146 0.543945 0.010000 0.010000
0 0.759521 0.542643 0.010000 0.010000
0 0.233887 0.547201 0.010000 0.010000
0 0.576416 0.549154 0.010000 0.010000
0 0.161621 0.551758 0.010000 0.010000
0 0.720459 0.557292 0.010000 0.010000
0 0.100000 0.556315 0.010000 0.010000
0 0.609131 0.557943 0.010000 0.010000
0 0.100000 0.567708 0.010000 0.010000
0 0.804443 0.567708 0.010000 0.010000
0 0.403076 0.582031 0.010000 0.010000
0 0.100000 0.585612 0.010000 0.010000
0 0.104980 0.588542 0.010000 0.010000
0 0.900000 0.589844 0.010000 0.010000
0 0.900000 0.594727 0.010000 0.010000
0 0.694824 0.603841 0.010000 0.010000
0 0.452637 0.604167 0.010000 0.010000
0 0.427490 0.606771 0.010000 0.010000
0 0.316406 0.614583 0.010000 0.010000
0 0.188477 0.617839 0.010000 0.010000
0 0.100000 0.618490 0.010000 0.010000
0 0.392822 0.622721 0.010000 0.010000
0 0.441406 0.626302 0.010000 0.010000
0 0.889893 0.629232 0.010000 0.010000
0 0.171387 0.633138 0.010000 0.010000
0 0.528320 0.634766 0.010000 0.010000
0 0.639160 0.632812 0.010000 0.010000
0 0.144043 0.641276 0.010000 0.010000
0 0.781006 0.643555 0.010000 0.010000
0 0.556641 0.648763 0.010000 0.010000
0 0.234375 0.651693 0.010000 0.010000
0 0.766113 0.654297 0.010000 0.010000
0 0.682617 0.659505 0.010000 0.010000
0 0.100000 0.661133 0.010000 0.010000
0 0.480225 0.663737 0.010000 0.010000
0 0.583984 0.664062 0.010000 0.010000
0 0.836182 0.662760 0.010000 0.010000
0 0.900000 0.672201 0.010000 0.010000
0 0.570557 0.677409 0.010000 0.010000
0 0.840332 0.681641 0.010000 0.010000
0 0.900000 0.681315 0.010000 0.010000
0 0.743164 0.683268 0.010000 0.010000
0 0.900000 0.690755 0.010000 0.010000
0 0.900000 0.689453 0.010000 0.010000
0 0.489990 0.697591 0.010000 0.010000
0 0.222656 0.701172 0.010000 0.010000
0 0.865723 0.703451 0.010000 0.010000
0 0.893311 0.706380 0.010000 0.010000
0 0.537354 0.707031 0.010000 0.010000
0 0.837402 0.708333 0.010000 0.010000
0 0.200928 0.712565 0.010000 0.010000
0 0.350830 0.725260 0.010000 0.010000
0 0.726807 0.725586 0.010000 0.010000
0 0.677246 0.734701 0.010000 0.010000
0 0.630371 0.736003 0.010000 0.010000
0 0.329102 0.738281 0.010000 0.010000
0 0.900000 0.741211 0.010000 0.010000
0 0.655029 0.742188 0.010000 0.010000
0 0.763916 0.741211 0.010000 0.010000
0 0.176270 0.744792 0.010000 0.010000
0 0.137451 0.750326 0.010000 0.010000
0 0.372070 0.754557 0.010000 0.010417
0 0.497070 0.755859 0.010000 0.010000
0 0.510498 0.761068 0.010000 0.010000
0 0.704590 0.763346 0.010000 0.010000
0 0.457520 0.765299 0.010000 0.010000
0 0.323730 0.776367 0.010000 0.010000
0 0.770264 0.781901 0.010000 0.010417
0 0.162598 0.783854 0.010000 0.010000
0 0.554932 0.793294 0.010000 0.013672
0 0.900000 0.789062 0.010254 0.010000
0 0.853760 0.803711 0.010000 0.010000
0 0.617432 0.806641 0.010000 0.010000
0 0.502441 0.813477 0.010000 0.010000
0 0.579346 0.816732 0.010000 0.010000
0 0.900000 0.817057 0.010000 0.010000
0 0.101807 0.825846 0.010000 0.010000
0 0.267090 0.830404 0.010000 0.010000
0 0.552002 0.829753 0.010000 0.010000
0 0.444092 0.834310 0.010000 0.010000
0 0.900000 0.837240 0.010000 0.010000
0 0.656250 0.850586 0.010000 0.010000
0 0.440430 0.876302 0.010000 0.010000
0 0.341064 0.887370 0.010000 0.010000
0 0.376221 0.896810 0.010000 0.010000
0 0.391602 0.899414 0.010000 0.010000
0 0.172607 0.900000 0.010000 0.010000
0 0.443359 0.900000 0.010000 0.010000
0 0.612549 0.900000 0.010000 0.010000
0 0.175537 0.900000 0.010000 0.010000
0 0.100000 0.900000 0.010000 0.011068
0 0.203857 0.900000 0.010000 0.015625
0 0.115479 0.900000 0.010000 0.010000
0 0.248047 0.900000 0.010000 0.010000
0 0.536133 0.900000 0.010000 0.010000
0 0.900000 0.900000 0.010000 0.010000
0 0.352051 0.900000 0.010000 0.010000
0 0.831543 0.900000 0.010000 0.010000
0 0.369873 0.900000 0.010000 0.010000
0 0.176514 0.900000 0.010000 0.010000
0 0.701904 0.900000 0.010000 0.010000
0 0.214111 0.900000 0.010000 0.010000
0 0.345703 0.900000 0.010000 0.010000
0 0.100000 0.900000 0.010000 0.010000
0 0.572754 0.900000 0.010000 0.010000
0 0.668457 0.900000 0.010000 0.010000
0 0.786621 0.900000 0.010000 0.010000
0 0.641113 0.900000 0.010000 0.010000
0 0.100000 0.900000 0.010000 0.010000
0 0.276855 0.900000 0.010000 0.010000
0 0.122070 0.900000 0.010000 0.010000
