1 0.500000 0.500000 0.500000 0.500000
0 0.145020 0.100000 0.012695 0.010000
0 0.152832 0.100000 0.010000 0.010000
0 0.204346 0.100000 0.010000 0.010000
0 0.312256 0.100000 0.010000 0.010000
0 0.625244 0.100000 0.010000 0.010000
0 0.630127 0.100000 0.010000 0.010000
0 0.677734 0.100000 0.012695 0.010000
0 0.684814 0.100000 0.010000 0.010000
0 0.309326 0.100000 0.010000 0.010000
0 0.536377 0.100000 0.010000 0.010000
0 0.537598 0.100000 0.010000 0.010000
0 0.611816 0.100000 0.010000 0.010000
0 0.496826 0.100000 0.010000 0.010000
0 0.900000 0.100000 0.010000 0.010000
0 0.549805 0.100000 0.010000 0.010000
0 0.900000 0.100000 0.010000 0.010000
0 0.900000 0.100000 0.010000 0.010000
0 0.726562 0.100000 0.010000 0.010000
0 0.768311 0.100000 0.010000 0.010000
0 0.900000 0.100000 0.013672 0.016276
0 0.668701 0.100000 0.010000 0.010000
0 0.228027 0.100000 0.010000 0.010000
0 0.706543 0.100000 0.010000 0.010000
0 0.900000 0.100000 0.010000 0.010000
0 0.197021 0.100000 0.010000 0.010000
0 0.188721 0.100000 0.010000 0.010000
0 0.344238 0.100000 0.010000 0.010000
0 0.100000 0.100000 0.010000 0.010000
0 0.224609 0.100000 0.010000 0.010000
0 0.398193 0.100000 0.010000 0.010000
0 0.595215 0.100000 0.010000 0.010000
0 0.170410 0.100000 0.010000 0.010000
0 0.100000 0.100000 0.010000 0.010000
0 0.601318 0.100000 0.010000 0.010000
0 0.187012 0.100000 0.010000 0.010000
0 0.335693 0.100000 0.010000 0.010000
0 0.573975 0.100000 0.010000 0.010000
0 0.188477 0.100000 0.010000 0.010000
0 0.583740 0.100000 0.010000 0.010000
0 0.420654 0.100000 0.010000 0.016276
0 0.206787 0.100000 0.010000 0.010000
0 0.599854 0.100000 0.010000 0.010000
0 0.607666 0.100000 0.017090 0.018880
0 0.222900 0.100000 0.010000 0.010000
0 0.706787 0.100000 0.010254 0.013021
0 0.478271 0.100000 0.010000 0.010000
0 0.884766 0.100000 0.010000 0.010000
0 0.900000 0.100000 0.010000 0.010000
0 0.432373 0.100000 0.010000 0.010000
0 0.610840 0.104167 0.010000 0.015625
0 0.895752 0.100000 0.010000 0.010000
0 0.887695 0.101888 0.010000 0.010000
0 0.840088 0.106445 0.010000 0.010000
0 0.338379 0.108724 0.010000 0.010417
0 0.363037 0.110026 0.011230 0.011719
0 0.338623 0.108724 0.010000 0.010000
0 0.619385 0.115885 0.010000 0.010000
0 0.366211 0.124349 0.010000 0.010000
0 0.286621 0.124349 0.010000 0.010000
0 0.543213 0.127604 0.010000 0.010000
0 0.612061 0.126628 0.010000 0.010000
0 0.769043 0.131185 0.010000 0.010000
0 0.390869 0.135417 0.010000 0.010000
0 0.318848 0.144206 0.011719 0.012370
0 0.401611 0.139323 0.010000 0.010000
0 0.895020 0.139648 0.010000 0.010000
0 0.557861 0.142904 0.010000 0.010000
0 0.299561 0.144531 0.010000 0.010000
0 0.895508 0.143880 0.010000 0.010000
0 0.451416 0.144206 0.010000 0.010000
0 0.392822 0.147461 0.010000 0.010000
0 0.657471 0.147461 0.010000 0.010000
0 0.415283 0.151693 0.010000 0.010000
0 0.655762 0.155599 0.010000 0.010000
0 0.306152 0.162760 0.010000 0.010000
0 0.663574 0.162760 0.010000 0.010000
0 0.586670 0.164388 0.010000 0.010000
0 0.669189 0.168294 0.010000 0.010000
0 0.660400 0.176758 0.012207 0.021484
0 0.672852 0.169271 0.010000 0.010000
0 0.294922 0.174154 0.010000 0.010000
0 0.674316 0.189128 0.019531 0.021484
0 0.425049 0.184245 0.010000 0.010000
0 0.664307 0.185872 0.010000 0.010000
0 0.425537 0.188477 0.010000 0.010000
0 0.706543 0.190104 0.010000 0.010000
0 0.694336 0.191406 0.010000 0.010000
0 0.109619 0.194987 0.010000 0.010000
0 0.706055 0.203451 0.010000 0.017578
0 0.100000 0.200521 0.010000 0.010000
0 0.472656 0.200521 0.010000 0.010000
0 0.702148 0.206380 0.010000 0.015625
0 0.393799 0.210612 0.020996 0.022786
0 0.435547 0.201172 0.010000 0.010000
0 0.100000 0.207357 0.010000 0.010000
0 0.668945 0.206055 0.010000 0.010000
0 0.387207 0.207357 0.010000 0.010000
0 0.696777 0.208333 0.010000 0.010000
0 0.711182 0.207682 0.010000 0.010000
0 0.673096 0.209635 0.010000 0.010000
0 0.697998 0.216797 0.020996 0.018229
0 0.675537 0.210612 0.010000 0.010000
0 0.100000 0.211914 0.010000 0.010000
0 0.679199 0.214518 0.010742 0.010000
0 0.591797 0.216146 0.010000 0.010000
0 0.638184 0.219401 0.010000 0.010000
0 0.702393 0.220052 0.010000 0.010000
0 0.529053 0.223958 0.010000 0.010000
0 0.354980 0.227214 0.010000 0.010000
0 0.746582 0.232096 0.010000 0.010000
0 0.100000 0.238281 0.013672 0.013021
0 0.216064 0.239583 0.010000 0.010000
0 0.412598 0.240560 0.010000 0.010000
0 0.807373 0.238281 0.010000 0.010000
0 0.397217 0.246745 0.010000 0.010000
0 0.478516 0.249023 0.010000 0.010000
0 0.900000 0.252604 0.010000 0.010000
0 0.484863 0.271810 0.023438 0.042318
0 0.807617 0.252604 0.010000 0.010000
0 0.751953 0.256836 0.010000 0.010000
0 0.813477 0.255859 0.010000 0.010000
0 0.124756 0.262044 0.010000 0.010000
0 0.510498 0.262370 0.010000 0.010000
0 0.468750 0.263672 0.010000 0.010000
0 0.227295 0.270182 0.010000 0.010000
0 0.752686 0.271159 0.010000 0.010000
0 0.480713 0.276367 0.010000 0.010000
0 0.479980 0.281576 0.010000 0.011068
0 0.479980 0.281250 0.010000 0.010000
0 0.247314 0.284505 0.010000 0.010000
0 0.382812 0.284505 0.010000 0.010000
0 0.387939 0.289388 0.012207 0.013672
0 0.102783 0.288411 0.010000 0.010000
0 0.478516 0.291992 0.010000 0.010000
0 0.878418 0.295573 0.010000 0.010000
0 0.162354 0.304362 0.010000 0.010000
0 0.900000 0.303385 0.010000 0.010000
0 0.194336 0.305990 0.010000 0.010000
0 0.900000 0.305339 0.010000 0.010000
0 0.208496 0.310872 0.010000 0.010000
0 0.440918 0.310547 0.010000 0.010000
0 0.100342 0.321615 0.010000 0.011719
0 0.900000 0.319336 0.010000 0.010000
0 0.440674 0.321289 0.010000 0.010000
0 0.100000 0.324219 0.010000 0.010000
0 0.483887 0.323568 0.010000 0.010000
0 0.100000 0.331055 0.010000 0.010000
0 0.667480 0.334310 0.010000 0.010000
0 0.501953 0.336263 0.010000 0.010000
0 0.666992 0.337891 0.010000 0.010000
0 0.767090 0.341146 0.010000 0.010000
0 0.100000 0.343424 0.010000 0.010000
0 0.100000 0.351237 0.010000 0.010000
0 0.445557 0.348633 0.010000 0.010000
0 0.877930 0.360026 0.010000 0.013021
0 0.669189 0.356445 0.010000 0.010000
0 0.672363 0.355469 0.010000 0.010000
0 0.900000 0.355794 0.010000 0.010000
0 0.509033 0.361003 0.010000 0.010000
0 0.670410 0.359375 0.010000 0.010000
0 0.391113 0.366211 0.010000 0.010000
0 0.874023 0.366536 0.010000 0.010000
0 0.900000 0.367513 0.010000 0.010000
0 0.215332 0.369141 0.010000 0.010000
0 0.503418 0.379883 0.017578 0.021484
0 0.808105 0.369466 0.010000 0.010000
0 0.885254 0.370768 0.010000 0.010000
0 0.504150 0.376953 0.010000 0.011719
0 0.869385 0.374023 0.010000 0.010000
0 0.872070 0.374023 0.010000 0.010000
0 0.211182 0.377930 0.010000 0.010000
0 0.633057 0.377930 0.010000 0.010000
0 0.691406 0.379232 0.010000 0.010000
0 0.512207 0.380534 0.010000 0.010000
0 0.209717 0.381836 0.010000 0.010000
0 0.220459 0.383464 0.010000 0.010000
0 0.657227 0.389323 0.010000 0.010000
0 0.522217 0.391602 0.010000 0.010000
0 0.597412 0.396810 0.018066 0.014974
0 0.596436 0.392253 0.010000 0.010000
0 0.657227 0.394531 0.010000 0.010000
0 0.100000 0.402344 0.010000 0.013021
0 0.528320 0.401367 0.010000 0.010000
0 0.838867 0.397135 0.010000 0.010000
0 0.100000 0.419271 0.022949 0.035156
0 0.219482 0.403971 0.010000 0.010000
0 0.787598 0.403646 0.010000 0.010000
0 0.891113 0.406576 0.010000 0.010000
0 0.660645 0.416016 0.010000 0.018229
0 0.498047 0.413411 0.010000 0.010000
0 0.654785 0.421224 0.010000 0.010000
0 0.649902 0.420898 0.010000 0.010000
0 0.651367 0.425130 0.010000 0.010000
0 0.293701 0.429362 0.010000 0.010000
0 0.155273 0.426432 0.010000 0.010000
0 0.291748 0.427734 0.010000 0.010000
0 0.900000 0.430013 0.010000 0.010000
0 0.900000 0.431966 0.010000 0.010000
0 0.362793 0.435221 0.010000 0.010000
0 0.428711 0.434896 0.010000 0.010000
0 0.100000 0.440104 0.010000 0.010000
0 0.428711 0.440104 0.010000 0.010000
0 0.563965 0.444661 0.010000 0.010000
0 0.530762 0.446940 0.010000 0.010000
0 0.631592 0.450846 0.010000 0.010000
0 0.560303 0.448242 0.010000 0.010000
0 0.562012 0.448568 0.010000 0.010000
0 0.262939 0.449870 0.010000 0.010000
0 0.291992 0.454753 0.010000 0.010000
0 0.900000 0.478516 0.015625 0.055990
0 0.291992 0.454753 0.010000 0.010000
0 0.300293 0.455078 0.010000 0.010000
0 0.616211 0.455404 0.010000 0.010000
0 0.627197 0.461914 0.010254 0.016276
0 0.565918 0.457031 0.010000 0.010000
0 0.627197 0.462565 0.010000 0.010000
0 0.234619 0.463542 0.010000 0.010000
0 0.271973 0.464518 0.010000 0.010000
0 0.330078 0.465169 0.010000 0.010000
0 0.816895 0.465169 0.010000 0.010000
0 0.556885 0.467122 0.010000 0.010000
0 0.536377 0.468750 0.010000 0.010000
0 0.817383 0.467448 0.010000 0.010000
0 0.241455 0.470378 0.010000 0.010000
0 0.537598 0.470703 0.010000 0.010000
0 0.607910 0.472005 0.010000 0.010000
0 0.100000 0.474935 0.010000 0.010000
0 0.337891 0.476237 0.010000 0.010000
0 0.883301 0.474609 0.010000 0.010000
0 0.896484 0.478516 0.010000 0.010000
0 0.900000 0.484701 0.010000 0.014974
0 0.250244 0.481771 0.010000 0.010000
0 0.297119 0.481771 0.010000 0.010000
0 0.100000 0.484701 0.010000 0.010000
0 0.454102 0.486328 0.010000 0.010000
0 0.413818 0.489258 0.010000 0.010000
0 0.100000 0.492188 0.010000 0.010000
0 0.435303 0.491536 0.010000 0.010000
0 0.883789 0.494466 0.010000 0.010000
0 0.248047 0.495117 0.010000 0.010000
0 0.356445 0.497070 0.010000 0.010000
0 0.440186 0.498047 0.010000 0.010000
0 0.547852 0.501302 0.010000 0.010000
0 0.664795 0.511068 0.010000 0.010000
0 0.772949 0.514323 0.010000 0.013021
0 0.144287 0.513672 0.010000 0.010000
0 0.900000 0.521484 0.010000 0.010000
0 0.610352 0.523438 0.010000 0.010000
0 0.900000 0.525065 0.010000 0.010000
0 0.198975 0.526693 0.010000 0.010000
0 0.900000 0.526367 0.010000 0.010000
0 0.157471 0.527344 0.010000 0.010000
0 0.672852 0.527995 0.010000 0.010000
0 0.890869 0.532227 0.010000 0.010000
0 0.618164 0.535807 0.010000 0.010000
0 0.175049 0.536784 0.010000 0.010000
0 0.629150 0.537435 0.010000 0.010000
0 0.836914 0.539062 0.010000 0.010000
0 0.165771 0.539714 0.010000 0.010000
0 0.637695 0.540690 0.010000 0.010000
0 0.836914 0.543945 0.010000 0.010000
0 0.820312 0.544271 0.010000 0.010000
0 0.127197 0.545573 0.010000 0.010000
0 0.526855 0.547201 0.010000 0.010000
0 0.529785 0.547526 0.010000 0.010000
0 0.478516 0.550456 0.010000 0.010000
0 0.259766 0.557617 0.010000 0.010000
0 0.257324 0.558268 0.010000 0.010000
0 0.685059 0.562500 0.014648 0.011719
0 0.860107 0.558268 0.010000 0.010000
0 0.247314 0.558594 0.010000 0.010000
0 0.256104 0.558594 0.010000 0.010000
0 0.100000 0.567057 0.010254 0.014323
0 0.343750 0.566406 0.010000 0.013021
0 0.685059 0.562500 0.010000 0.010000
0 0.470947 0.563802 0.010000 0.010000
0 0.284424 0.566081 0.010000 0.010000
0 0.871094 0.567708 0.010000 0.010000
0 0.900000 0.569336 0.010000 0.010000
0 0.597900 0.568685 0.010000 0.010000
0 0.284912 0.570312 0.010000 0.010000
0 0.375000 0.570312 0.010000 0.010000
0 0.900000 0.572266 0.010000 0.010000
0 0.403076 0.575521 0.010000 0.010000
0 0.232422 0.581380 0.010000 0.010000
0 0.502197 0.579102 0.010000 0.010000
0 0.229736 0.581380 0.010000 0.010000
0 0.455078 0.586914 0.010000 0.012370
0 0.503906 0.586914 0.010000 0.012370
0 0.229248 0.583333 0.010000 0.010000
0 0.464600 0.587565 0.010000 0.011068
0 0.505371 0.586914 0.010000 0.010000
0 0.844971 0.588542 0.010000 0.013021
0 0.900000 0.584635 0.010000 0.010000
0 0.839355 0.590495 0.010742 0.013021
0 0.506348 0.586914 0.010000 0.010000
0 0.493408 0.590820 0.010000 0.010000
0 0.634766 0.586589 0.010000 0.010000
0 0.833740 0.591797 0.010000 0.010000
0 0.493408 0.591146 0.010000 0.010000
0 0.499512 0.595378 0.010000 0.010000
0 0.900000 0.596680 0.010000 0.010000
0 0.605713 0.601888 0.010000 0.013672
0 0.900000 0.599609 0.010000 0.010000
0 0.900000 0.601888 0.010000 0.010000
0 0.491943 0.603516 0.010000 0.010000
0 0.668213 0.601237 0.010000 0.010000
0 0.813477 0.601562 0.010000 0.010000
0 0.263428 0.621094 0.012207 0.027344
0 0.831299 0.616536 0.020996 0.015625
0 0.823242 0.613607 0.010000 0.010000
0 0.653809 0.613607 0.010000 0.010000
0 0.823486 0.613607 0.010000 0.010000
0 0.900000 0.612956 0.010000 0.010000
0 0.667236 0.616211 0.010000 0.010000
0 0.900000 0.614258 0.010000 0.010000
0 0.900000 0.617188 0.010000 0.010000
0 0.900000 0.617513 0.010000 0.010000
0 0.272217 0.621094 0.010000 0.010000
0 0.900000 0.620117 0.010000 0.010000
0 0.321777 0.620768 0.010000 0.010000
0 0.315430 0.629557 0.021484 0.018229
0 0.328125 0.623698 0.010000 0.010000
0 0.623779 0.622396 0.010000 0.010000
0 0.100000 0.626302 0.010254 0.010000
0 0.308594 0.625000 0.010000 0.010000
0 0.328857 0.627604 0.010000 0.010000
0 0.100000 0.631185 0.010000 0.010000
0 0.384277 0.631836 0.010000 0.010000
0 0.372070 0.635742 0.010000 0.010000
0 0.574707 0.635091 0.010000 0.010000
0 0.655762 0.641276 0.010000 0.010000
0 0.146484 0.643555 0.010000 0.010000
0 0.584229 0.642904 0.010000 0.010000
0 0.900000 0.643229 0.010000 0.010000
0 0.899902 0.646810 0.010000 0.010000
0 0.900000 0.647461 0.010000 0.010000
0 0.900000 0.647786 0.010000 0.010000
0 0.598877 0.653971 0.014160 0.013672
0 0.900000 0.650391 0.010000 0.010000
0 0.597656 0.655924 0.010000 0.010000
0 0.129395 0.657552 0.010000 0.010000
0 0.646484 0.660156 0.010000 0.010000
0 0.128906 0.660482 0.010000 0.010000
0 0.119141 0.661458 0.010000 0.010000
0 0.645508 0.663737 0.010000 0.010000
0 0.900000 0.663086 0.010000 0.010000
0 0.176270 0.666016 0.010000 0.010000
0 0.710693 0.666016 0.010000 0.010000
0 0.811279 0.665690 0.010000 0.010000
0 0.900000 0.666341 0.010000 0.010000
0 0.706299 0.666992 0.010000 0.010000
0 0.602051 0.668945 0.010000 0.010000
0 0.597900 0.670573 0.010000 0.010000
0 0.633057 0.671875 0.010000 0.010000
0 0.593262 0.672526 0.010000 0.010000
0 0.599854 0.672852 0.010000 0.010000
0 0.663574 0.678385 0.010000 0.010000
0 0.261230 0.687826 0.020508 0.021484
0 0.661865 0.680990 0.010000 0.010000
0 0.738037 0.683594 0.010000 0.010000
0 0.250000 0.683919 0.010000 0.010000
0 0.659912 0.685547 0.010000 0.010000
0 0.252686 0.691732 0.010000 0.016276
0 0.662109 0.685547 0.010000 0.010000
0 0.100000 0.686523 0.010000 0.010000
0 0.258545 0.692057 0.011230 0.010417
0 0.124756 0.692708 0.010000 0.010000
0 0.660645 0.691406 0.010000 0.010000
0 0.258789 0.692383 0.010000 0.010000
0 0.249512 0.697591 0.010000 0.010000
0 0.259277 0.703125 0.010000 0.010000
0 0.186279 0.712565 0.010000 0.010000
0 0.134766 0.711914 0.010000 0.010000
0 0.188965 0.714518 0.010000 0.010000
0 0.214111 0.722656 0.010000 0.010000
0 0.721924 0.725260 0.010000 0.010000
0 0.246826 0.730143 0.010000 0.010000
0 0.215576 0.740885 0.010000 0.010000
0 0.160156 0.744141 0.010000 0.010000
0 0.708008 0.744466 0.010000 0.010000
0 0.266846 0.747721 0.010000 0.010000
0 0.158203 0.748698 0.010000 0.010000
0 0.295654 0.751628 0.012207 0.010000
0 0.739502 0.751302 0.010000 0.010000
0 0.100000 0.753255 0.010000 0.010000
0 0.139160 0.755859 0.010000 0.010000
0 0.263916 0.756185 0.010000 0.010000
0 0.811523 0.758789 0.010000 0.010000
0 0.204102 0.759115 0.010000 0.010000
0 0.639160 0.758464 0.010000 0.010000
0 0.895264 0.760091 0.010000 0.010000
0 0.900000 0.760417 0.010000 0.010000
0 0.632324 0.768229 0.017578 0.014323
0 0.306152 0.766276 0.010000 0.010000
0 0.448486 0.765299 0.010000 0.010000
0 0.639893 0.768555 0.010000 0.010000
0 0.340088 0.771159 0.010000 0.010000
0 0.100000 0.775716 0.010000 0.010000
0 0.100000 0.777018 0.010000 0.010000
0 0.683594 0.780273 0.010000 0.010000
0 0.900000 0.781250 0.010000 0.010000
0 0.374268 0.782878 0.010000 0.010000
0 0.739258 0.785807 0.010000 0.010000
0 0.731689 0.787109 0.010000 0.010000
0 0.100000 0.798177 0.015137 0.024740
0 0.100000 0.790039 0.010000 0.010000
0 0.221191 0.787109 0.010000 0.010000
0 0.348633 0.786784 0.010000 0.010000
0 0.100000 0.792969 0.010000 0.010000
0 0.900000 0.792318 0.010000 0.010000
0 0.364258 0.791016 0.010000 0.010000
0 0.100000 0.795247 0.010000 0.010000
0 0.100000 0.794596 0.010000 0.010000
0 0.100000 0.804036 0.010000 0.010000
0 0.100000 0.803711 0.010000 0.010000
0 0.332520 0.808268 0.010000 0.010000
0 0.175537 0.813802 0.010000 0.010000
0 0.472412 0.816406 0.010000 0.010000
0 0.885254 0.821615 0.014648 0.010000
0 0.710449 0.820964 0.010000 0.010000
0 0.451660 0.830078 0.010000 0.010000
0 0.473633 0.831380 0.010000 0.010000
0 0.439209 0.834310 0.010000 0.010000
0 0.100000 0.849935 0.010000 0.010000
0 0.100000 0.852539 0.010000 0.010000
0 0.383545 0.879557 0.045410 0.050781
0 0.596924 0.856445 0.010000 0.010000
0 0.628906 0.857096 0.010000 0.010000
0 0.327881 0.861654 0.010000 0.010000
0 0.469727 0.879232 0.015625 0.020182
0 0.246338 0.871745 0.010000 0.010000
0 0.472168 0.873047 0.010000 0.010000
0 0.110352 0.879557 0.010000 0.010000
0 0.369141 0.880859 0.010000 0.010000
0 0.392822 0.882487 0.010000 0.010000
0 0.866699 0.888021 0.010000 0.010000
0 0.900000 0.890625 0.010000 0.010000
0 0.215576 0.891276 0.010000 0.010000
0 0.299072 0.892578 0.010000 0.010000
0 0.100000 0.894531 0.010000 0.010000
0 0.303223 0.895182 0.010000 0.010000
0 0.900000 0.896159 0.010000 0.010000
0 0.298584 0.895182 0.010000 0.010000
0 0.900000 0.893880 0.010000 0.010000
0 0.900000 0.898438 0.010000 0.010000
0 0.394531 0.900000 0.010000 0.010000
0 0.562744 0.900000 0.010000 0.010000
0 0.335693 0.900000 0.010000 0.010000
0 0.900000 0.900000 0.010000 0.010000
0 0.644531 0.900000 0.010000 0.010000
0 0.637939 0.900000 0.010000 0.010000
0 0.152832 0.900000 0.010000 0.010000
0 0.150146 0.900000 0.010000 0.010000
0 0.650635 0.900000 0.010000 0.010000
0 0.823730 0.900000 0.010000 0.010000
0 0.824463 0.900000 0.010000 0.011068
0 0.275879 0.900000 0.010000 0.010000
0 0.824707 0.900000 0.010000 0.010000
0 0.900000 0.900000 0.010000 0.010000
0 0.274414 0.900000 0.010000 0.010000
0 0.297852 0.900000 0.010000 0.010000
0 0.265381 0.900000 0.010000 0.010000
0 0.286621 0.900000 0.010000 0.010000
0 0.433105 0.900000 0.010000 0.010000
0 0.825195 0.900000 0.010000 0.010000
0 0.179932 0.900000 0.010000 0.010000
0 0.716309 0.900000 0.010000 0.010000
0 0.388184 0.900000 0.010000 0.010000
0 0.209961 0.900000 0.010000 0.010000
0 0.390625 0.900000 0.010000 0.010000
0 0.425049 0.900000 0.057129 0.035156
0 0.833496 0.900000 0.010000 0.010000
0 0.837646 0.900000 0.010000 0.010000
0 0.237305 0.900000 0.010000 0.010000
0 0.869385 0.900000 0.010000 0.010000
0 0.100000 0.900000 0.010000 0.010000
0 0.707764 0.900000 0.010000 0.010000
0 0.832275 0.900000 0.010000 0.010000
0 0.850586 0.900000 0.010000 0.010000
0 0.862061 0.900000 0.010000 0.010000
0 0.687988 0.900000 0.010000 0.010000
0 0.833008 0.900000 0.010000 0.010000
0 0.183838 0.900000 0.010000 0.010000
0 0.467529 0.900000 0.010000 0.010000
0 0.762939 0.900000 0.010000 0.010000
0 0.900000 0.900000 0.010000 0.010000
0 0.307129 0.900000 0.010000 0.010000
0 0.743164 0.900000 0.010000 0.010000
0 0.900000 0.900000 0.010000 0.010000
0 0.454590 0.900000 0.010000 0.010000
0 0.460449 0.900000 0.010000 0.010000
