1 0.500000 0.500000 0.500000 0.500000
0 0.460938 0.100000 0.010000 0.010000
0 0.460938 0.100000 0.010000 0.010000
0 0.847168 0.100000 0.010000 0.010000
0 0.851074 0.100000 0.010000 0.010000
0 0.853271 0.100000 0.010000 0.010000
0 0.100000 0.100000 0.010000 0.010000
0 0.119141 0.100000 0.010000 0.010000
0 0.126709 0.100000 0.010000 0.010000
0 0.664062 0.100000 0.010000 0.010000
0 0.137939 0.100000 0.010000 0.010000
0 0.800781 0.100000 0.010000 0.010000
0 0.720459 0.100000 0.010000 0.010000
0 0.699951 0.100000 0.010000 0.011719
0 0.394775 0.100000 0.010000 0.010000
0 0.100000 0.100000 0.010000 0.010000
0 0.592285 0.105794 0.010000 0.010000
0 0.100000 0.108073 0.010000 0.010000
0 0.685059 0.110677 0.010000 0.010417
0 0.576660 0.130534 0.010000 0.010000
0 0.223633 0.132487 0.010000 0.010000
0 0.100000 0.134115 0.010000 0.010000
0 0.132568 0.141276 0.010000 0.010000
0 0.896729 0.143880 0.010000 0.010000
0 0.701660 0.148763 0.010000 0.010000
0 0.129150 0.145833 0.010000 0.010000
0 0.138184 0.149089 0.010000 0.010000
0 0.100000 0.153971 0.010000 0.010000
0 0.100000 0.157552 0.010000 0.010000
0 0.138916 0.164714 0.010000 0.010417
0 0.453369 0.160482 0.010000 0.010000
0 0.773682 0.160482 0.010000 0.010000
0 0.106934 0.175130 0.010000 0.010000
0 0.248047 0.175781 0.010000 0.010000
0 0.671143 0.179688 0.010000 0.010000
0 0.255127 0.178385 0.010000 0.010000
0 0.279297 0.178711 0.010000 0.010000
0 0.298828 0.178711 0.010000 0.010000
0 0.285156 0.180339 0.010000 0.010000
0 0.433350 0.221029 0.010000 0.010000
0 0.718750 0.227214 0.010000 0.010000
0 0.810547 0.226562 0.010000 0.010000
0 0.719238 0.227865 0.010000 0.010000
0 0.140625 0.239909 0.010000 0.010000
0 0.373779 0.265951 0.010000 0.010000
0 0.424561 0.279948 0.010000 0.010000
0 0.483643 0.284180 0.010000 0.010000
0 0.150146 0.292318 0.010000 0.010000
0 0.130371 0.314453 0.010000 0.010000
0 0.297607 0.313802 0.010000 0.010000
0 0.125977 0.317057 0.010000 0.010000
0 0.183350 0.318685 0.010000 0.010000
0 0.185547 0.319661 0.010000 0.010000
0 0.210938 0.329102 0.010000 0.010000
0 0.499023 0.336914 0.010000 0.010000
0 0.172119 0.346680 0.010000 0.010000
0 0.140137 0.351237 0.010000 0.010000
0 0.106689 0.356445 0.010000 0.010000
0 0.512695 0.357747 0.010000 0.010000
0 0.426270 0.373372 0.022461 0.021484
0 0.100000 0.376628 0.010000 0.010000
0 0.100000 0.378906 0.010000 0.010000
0 0.557617 0.376953 0.010000 0.010000
0 0.443848 0.379883 0.010000 0.010000
0 0.441162 0.384766 0.010000 0.010417
0 0.468750 0.393229 0.010000 0.010000
0 0.308594 0.397786 0.010000 0.010000
0 0.224609 0.420573 0.010000 0.010000
0 0.689697 0.427409 0.010000 0.010000
0 0.736572 0.429688 0.010000 0.010000
0 0.556152 0.435221 0.010000 0.010000
0 0.310791 0.441081 0.010000 0.010000
0 0.823242 0.445638 0.010000 0.010000
0 0.822998 0.450521 0.010000 0.010000
0 0.279053 0.456706 0.010000 0.010000
0 0.563477 0.458659 0.010000 0.010000
0 0.859863 0.459635 0.010000 0.010000
0 0.610107 0.473633 0.014160 0.022786
0 0.860840 0.468099 0.010000 0.010000
0 0.810303 0.472331 0.010000 0.010000
0 0.525635 0.477214 0.010000 0.011719
0 0.867188 0.472656 0.011719 0.010000
0 0.766113 0.474609 0.010000 0.010000
0 0.343994 0.483724 0.010000 0.010000
0 0.892578 0.492839 0.010000 0.010000
0 0.399414 0.507812 0.010000 0.010000
0 0.740479 0.507812 0.010000 0.010000
0 0.900000 0.512044 0.010000 0.010000
0 0.674316 0.513672 0.010000 0.010000
0 0.526855 0.517904 0.010000 0.012370
0 0.854004 0.514648 0.010000 0.010000
0 0.173828 0.513672 0.010000 0.010000
0 0.900000 0.516927 0.010000 0.010000
0 0.257080 0.590169 0.010000 0.010000
0 0.519287 0.596029 0.010000 0.010000
0 0.446045 0.601237 0.010000 0.010000
0 0.447998 0.603190 0.010000 0.010000
0 0.244629 0.602539 0.010000 0.010000
0 0.411133 0.604818 0.010000 0.010000
0 0.704346 0.616862 0.010000 0.010000
0 0.388428 0.624674 0.010000 0.010000
0 0.900000 0.630208 0.010000 0.010000
0 0.366699 0.633464 0.010000 0.010000
0 0.534424 0.640299 0.010000 0.010000
0 0.100000 0.652344 0.010000 0.010000
0 0.537354 0.651367 0.010000 0.010000
0 0.489258 0.650716 0.010000 0.010000
0 0.475830 0.663411 0.010000 0.010000
0 0.527832 0.665365 0.010000 0.010000
0 0.178467 0.690430 0.010000 0.010000
0 0.432617 0.695964 0.010000 0.010000
0 0.100000 0.700195 0.010000 0.010000
0 0.561035 0.705729 0.010000 0.010000
0 0.423828 0.713867 0.010000 0.010000
0 0.521240 0.736003 0.010000 0.010000
0 0.406006 0.766276 0.010000 0.010000
0 0.452393 0.771484 0.012207 0.013021
0 0.786865 0.766276 0.010000 0.010000
0 0.430664 0.779622 0.030273 0.014974
0 0.446045 0.777344 0.010000 0.010000
0 0.900000 0.780599 0.010000 0.010000
0 0.100000 0.788737 0.010000 0.010000
0 0.698242 0.790039 0.010000 0.010000
0 0.551514 0.805990 0.010000 0.014323
0 0.696289 0.801758 0.010000 0.010000
0 0.628662 0.809570 0.010000 0.010000
0 0.692383 0.808594 0.010000 0.010000
0 0.100000 0.821615 0.010000 0.010000
0 0.373779 0.823568 0.010000 0.010000
0 0.100000 0.834310 0.010000 0.010000
0 0.122559 0.834961 0.010000 0.010000
0 0.449951 0.834635 0.010000 0.010000
0 0.485840 0.836589 0.010000 0.010000
0 0.449707 0.838216 0.010000 0.010000
0 0.833740 0.851888 0.010000 0.010000
0 0.364014 0.856771 0.010000 0.010000
0 0.363037 0.861328 0.010000 0.010000
0 0.712402 0.862630 0.010000 0.010000
0 0.152344 0.867839 0.010000 0.010000
0 0.516846 0.873372 0.010000 0.010000
0 0.521973 0.873372 0.010000 0.010000
0 0.612793 0.879557 0.010000 0.010417
0 0.645264 0.876302 0.010000 0.010000
0 0.320312 0.875977 0.010000 0.010000
0 0.361084 0.878581 0.010000 0.010000
0 0.774902 0.879232 0.010000 0.010000
0 0.473145 0.896159 0.010000 0.010000
0 0.154053 0.899740 0.010000 0.010000
0 0.428223 0.900000 0.010000 0.010000
0 0.493164 0.900000 0.010000 0.010000
0 0.551270 0.900000 0.010000 0.010000
0 0.735596 0.900000 0.010000 0.010000
0 0.543945 0.900000 0.010000 0.010000
0 0.223145 0.900000 0.010000 0.010000
0 0.481201 0.900000 0.010000 0.010000
0 0.224854 0.900000 0.010000 0.010000
0 0.591309 0.900000 0.010000 0.010000
0 0.426270 0.900000 0.010000 0.010000
0 0.557617 0.900000 0.087891 0.046875
0 0.688965 0.900000 0.010000 0.010000
0 0.599121 0.900000 0.010000 0.010000
0 0.243896 0.900000 0.010000 0.010000
0 0.793457 0.900000 0.010000 0.010000
0 0.488525 0.900000 0.010000 0.010000
0 0.408936 0.900000 0.010000 0.010000
0 0.377686 0.900000 0.017090 0.010000
0 0.369141 0.900000 0.010000 0.010000
0 0.591064 0.900000 0.010000 0.010000
0 0.487305 0.900000 0.010000 0.010000
0 0.373779 0.900000 0.010000 0.010000
