1 0.500000 0.500000 0.500000 0.500000
0 0.315430 0.100000 0.010000 0.010000
0 0.666504 0.100000 0.012695 0.010000
0 0.821289 0.100000 0.010000 0.010000
0 0.735596 0.100000 0.010000 0.010000
0 0.458984 0.100000 0.010000 0.010000
0 0.452148 0.100000 0.010000 0.010000
0 0.454346 0.100000 0.010000 0.010000
0 0.143555 0.100000 0.010000 0.010000
0 0.728271 0.100000 0.010000 0.010000
0 0.900000 0.100000 0.010000 0.010000
0 0.335693 0.100000 0.010000 0.010000
0 0.337646 0.100000 0.010000 0.010000
0 0.900000 0.100000 0.010000 0.010000
0 0.900000 0.100000 0.010000 0.010000
0 0.178955 0.100000 0.010000 0.010000
0 0.380859 0.100000 0.010000 0.010000
0 0.159912 0.100000 0.010000 0.010000
0 0.201660 0.100000 0.010000 0.010000
0 0.175049 0.100000 0.010000 0.010000
0 0.900000 0.100000 0.010000 0.010000
0 0.868896 0.100000 0.010000 0.010000
0 0.891602 0.100000 0.010000 0.010000
0 0.343506 0.100000 0.010000 0.010000
0 0.141357 0.100000 0.010000 0.010000
0 0.835205 0.100000 0.010000 0.010000
0 0.104736 0.100000 0.010000 0.010000
0 0.140869 0.100000 0.010000 0.010000
0 0.297119 0.100000 0.010000 0.010000
0 0.225830 0.109375 0.010000 0.010000
0 0.568115 0.114258 0.010000 0.010000
0 0.900000 0.115560 0.010000 0.010000
0 0.113281 0.118490 0.010000 0.010000
0 0.756348 0.124023 0.010000 0.010000
0 0.540283 0.132161 0.010000 0.010000
0 0.592773 0.130859 0.010000 0.010000
0 0.614746 0.135742 0.010000 0.013672
0 0.900000 0.136719 0.010000 0.010000
0 0.164062 0.138346 0.010000 0.010000
0 0.794189 0.146159 0.010000 0.010000
0 0.825195 0.144531 0.010000 0.010000
0 0.551758 0.149414 0.010000 0.010000
0 0.212891 0.162109 0.010000 0.010000
0 0.100000 0.165365 0.010000 0.010000
0 0.267578 0.166992 0.010000 0.010000
0 0.612305 0.168620 0.010000 0.010000
0 0.239990 0.170247 0.010000 0.010000
0 0.900000 0.169922 0.010000 0.010000
0 0.432617 0.175781 0.010000 0.010000
0 0.745850 0.180664 0.010000 0.010000
0 0.339111 0.182617 0.010000 0.010000
0 0.100000 0.185547 0.010000 0.010000
0 0.742920 0.185872 0.010000 0.010000
0 0.740723 0.192383 0.010000 0.010000
0 0.741699 0.192383 0.010000 0.010000
0 0.102783 0.194336 0.010000 0.010000
0 0.826904 0.201497 0.010000 0.010000
0 0.476074 0.205404 0.010000 0.010000
0 0.839600 0.207357 0.010000 0.010000
0 0.698242 0.210286 0.010000 0.010000
0 0.641357 0.224935 0.010000 0.010000
0 0.513428 0.238932 0.010000 0.010000
0 0.160645 0.241211 0.010000 0.010000
0 0.318115 0.242839 0.010000 0.010000
0 0.820068 0.248047 0.010000 0.010000
0 0.819824 0.247721 0.010000 0.010000
0 0.644531 0.265299 0.010000 0.010000
0 0.694824 0.266927 0.010000 0.010000
0 0.787354 0.269206 0.010000 0.010000
0 0.689209 0.275065 0.010000 0.010000
0 0.900000 0.276367 0.010000 0.010000
0 0.143311 0.277669 0.010000 0.010000
0 0.662109 0.278320 0.010000 0.010000
0 0.284668 0.285482 0.018555 0.014974
0 0.319092 0.289714 0.010000 0.010000
0 0.319336 0.295573 0.010000 0.010000
0 0.100000 0.311523 0.010000 0.010000
0 0.714600 0.319987 0.010000 0.010000
0 0.505615 0.324870 0.010000 0.010000
0 0.182129 0.340820 0.010000 0.010000
0 0.296143 0.357422 0.010000 0.010000
0 0.100000 0.357747 0.010000 0.010000
0 0.187500 0.361654 0.010000 0.010000
0 0.193848 0.362305 0.012695 0.010000
0 0.193359 0.362305 0.010000 0.010000
0 0.100000 0.367188 0.010000 0.010000
0 0.186035 0.367188 0.010000 0.010000
0 0.699951 0.369792 0.010000 0.010000
0 0.900000 0.370443 0.010000 0.010000
0 0.488281 0.374023 0.010000 0.010000
0 0.802002 0.376628 0.010000 0.010000
0 0.610107 0.376628 0.010000 0.010000
0 0.634277 0.380859 0.010000 0.010417
0 0.604004 0.378581 0.010000 0.010000
0 0.632568 0.381836 0.010000 0.010000
0 0.628174 0.382812 0.010000 0.010000
0 0.625488 0.384440 0.010000 0.010000
0 0.100000 0.384440 0.010000 0.010000
0 0.329346 0.388672 0.010000 0.010000
0 0.626465 0.395182 0.010000 0.010000
0 0.771973 0.397135 0.010000 0.010000
0 0.881104 0.398763 0.010000 0.010000
0 0.436279 0.398763 0.010000 0.010000
0 0.367432 0.408854 0.010000 0.010000
0 0.610840 0.406901 0.010000 0.010000
0 0.235107 0.413411 0.010000 0.010000
0 0.620605 0.418945 0.010000 0.010000
0 0.597168 0.423177 0.010000 0.010000
0 0.377686 0.427083 0.010000 0.010000
0 0.233643 0.431966 0.010000 0.010000
0 0.400146 0.449544 0.010000 0.010000
0 0.303711 0.448568 0.010000 0.010000
0 0.402588 0.450846 0.010000 0.011068
0 0.900000 0.450195 0.010000 0.010000
0 0.289307 0.449219 0.010000 0.010000
0 0.399902 0.449870 0.010000 0.010000
0 0.659668 0.451497 0.010000 0.010000
0 0.411865 0.454753 0.010000 0.010000
0 0.300293 0.456380 0.010000 0.010000
0 0.900000 0.458659 0.010000 0.010000
0 0.377441 0.465495 0.010000 0.010000
0 0.586182 0.467122 0.010000 0.010000
0 0.698242 0.465820 0.010000 0.010000
0 0.210205 0.465495 0.010000 0.010000
0 0.330078 0.473633 0.010000 0.010000
0 0.272949 0.474935 0.010000 0.010000
0 0.272461 0.476562 0.010000 0.010000
0 0.802979 0.477214 0.010000 0.010000
0 0.518799 0.479492 0.010000 0.010000
0 0.788818 0.487305 0.010000 0.010000
0 0.100000 0.489258 0.010000 0.010000
0 0.351318 0.495443 0.010000 0.011719
0 0.864746 0.493164 0.010000 0.010000
0 0.900000 0.495768 0.010000 0.010000
0 0.900000 0.492188 0.010000 0.010000
0 0.358398 0.495443 0.010000 0.010000
0 0.338135 0.495443 0.010000 0.010000
0 0.352783 0.500326 0.010000 0.010000
0 0.687744 0.501953 0.010000 0.010000
0 0.365234 0.503906 0.010000 0.010000
0 0.610107 0.504883 0.010000 0.010000
0 0.369629 0.505534 0.010000 0.010000
0 0.900000 0.512044 0.010000 0.011068
0 0.798096 0.509115 0.010000 0.010000
0 0.257080 0.510417 0.010000 0.010000
0 0.613525 0.512044 0.010000 0.010000
0 0.900000 0.525065 0.015137 0.016276
0 0.335938 0.520508 0.010000 0.010000
0 0.100000 0.527995 0.010000 0.010000
0 0.174561 0.527018 0.010000 0.010000
0 0.175293 0.525716 0.010000 0.010000
0 0.100000 0.529297 0.010000 0.010000
0 0.283203 0.529948 0.010000 0.010000
0 0.100000 0.530599 0.010000 0.010000
0 0.100000 0.531576 0.010000 0.010000
0 0.104248 0.532878 0.010000 0.010000
0 0.178223 0.534831 0.010000 0.010000
0 0.100000 0.545247 0.010000 0.011068
0 0.900000 0.542643 0.010000 0.010000
0 0.662842 0.550781 0.010000 0.014323
0 0.100000 0.545247 0.010000 0.010000
0 0.100000 0.547852 0.010000 0.010000
0 0.254639 0.558268 0.020020 0.024089
0 0.207520 0.550781 0.010000 0.010000
0 0.100000 0.559245 0.010000 0.010000
0 0.100000 0.564453 0.010000 0.010000
0 0.100000 0.586589 0.039062 0.046875
0 0.619873 0.567708 0.010000 0.010000
0 0.100000 0.564453 0.010000 0.010000
0 0.263916 0.569987 0.010000 0.010000
0 0.239014 0.572917 0.010000 0.010000
0 0.159668 0.573242 0.010000 0.010000
0 0.237061 0.575195 0.010000 0.010000
0 0.617432 0.575846 0.010000 0.010000
0 0.171875 0.580078 0.010000 0.010000
0 0.100000 0.582031 0.010000 0.010000
0 0.232178 0.583984 0.010000 0.010000
0 0.303467 0.595703 0.010000 0.010000
0 0.305176 0.595703 0.010000 0.010000
0 0.695068 0.599609 0.010000 0.010000
0 0.813965 0.600911 0.010000 0.010000
0 0.100000 0.601237 0.010000 0.010000
0 0.143311 0.606445 0.010000 0.012370
0 0.184082 0.605469 0.010000 0.010000
0 0.658936 0.606120 0.010000 0.010000
0 0.100000 0.613932 0.010000 0.010000
0 0.747803 0.624674 0.010000 0.010000
0 0.228271 0.625651 0.010000 0.010000
0 0.350342 0.626628 0.010000 0.010000
0 0.350098 0.628255 0.010000 0.010000
0 0.641357 0.629883 0.010000 0.010000
0 0.719482 0.632161 0.010000 0.010000
0 0.634033 0.632812 0.010000 0.010000
0 0.349854 0.633789 0.010000 0.010000
0 0.247070 0.640299 0.010000 0.010000
0 0.158447 0.637695 0.010000 0.010000
0 0.249756 0.642904 0.010000 0.010000
0 0.433838 0.645508 0.010000 0.010000
0 0.429199 0.650716 0.010000 0.010000
0 0.100000 0.653320 0.010000 0.010000
0 0.295166 0.655273 0.010000 0.010000
0 0.385498 0.661784 0.010000 0.010000
0 0.389160 0.661784 0.010000 0.010000
0 0.100000 0.663411 0.010000 0.010000
0 0.718018 0.670573 0.010000 0.010000
0 0.487793 0.677083 0.010000 0.010000
0 0.100000 0.681641 0.010000 0.010000
0 0.203857 0.684896 0.010000 0.010000
0 0.637939 0.684245 0.010000 0.010000
0 0.502197 0.690104 0.010000 0.010000
0 0.623779 0.698242 0.010000 0.010000
0 0.834229 0.708333 0.010000 0.010000
0 0.900000 0.718750 0.010000 0.011719
0 0.732178 0.721680 0.010000 0.010000
0 0.182373 0.726888 0.010000 0.011068
0 0.375000 0.724609 0.010000 0.010000
0 0.100000 0.727539 0.010000 0.010000
0 0.319336 0.734049 0.010000 0.010000
0 0.900000 0.736003 0.010000 0.010000
0 0.342041 0.735677 0.010000 0.010000
0 0.884766 0.746419 0.010000 0.010000
0 0.100000 0.760417 0.010000 0.010000
0 0.129395 0.764974 0.010000 0.010000
0 0.114990 0.774089 0.018066 0.018229
0 0.885742 0.769857 0.010000 0.010000
0 0.843750 0.788411 0.010000 0.010000
0 0.276611 0.791016 0.010000 0.010000
0 0.808594 0.800456 0.010000 0.010000
0 0.794678 0.804362 0.010000 0.010000
0 0.203369 0.824219 0.010000 0.010000
0 0.379395 0.831706 0.010000 0.010000
0 0.652100 0.833333 0.010000 0.010000
0 0.154785 0.831055 0.010000 0.010000
0 0.580566 0.833333 0.010000 0.010000
0 0.652100 0.833333 0.010000 0.010000
0 0.597656 0.836589 0.010000 0.010000
0 0.621582 0.844401 0.010000 0.010000
0 0.702393 0.861979 0.010000 0.010000
0 0.548340 0.864583 0.010000 0.010000
0 0.158203 0.877604 0.010000 0.010000
0 0.100000 0.880208 0.010000 0.010000
0 0.900000 0.884766 0.010000 0.010000
0 0.733887 0.893555 0.010000 0.010000
0 0.424561 0.894206 0.010000 0.010000
0 0.327881 0.900000 0.010000 0.010000
0 0.120850 0.900000 0.010000 0.010000
0 0.100000 0.900000 0.010000 0.010000
0 0.397705 0.900000 0.010000 0.010000
0 0.900000 0.900000 0.010000 0.010000
0 0.100000 0.900000 0.010000 0.010000
0 0.135986 0.900000 0.010000 0.010000
0 0.738281 0.900000 0.010000 0.010000
0 0.770508 0.900000 0.010000 0.010000
0 0.900000 0.900000 0.010000 0.010000
0 0.900000 0.900000 0.010000 0.010000
0 0.541260 0.900000 0.010000 0.010000
