1 0.500000 0.500000 0.500000 0.500000
0 0.216064 0.100000 0.010000 0.010000
0 0.218018 0.100000 0.010000 0.010000
0 0.900000 0.100000 0.016602 0.034505
0 0.100000 0.100000 0.010000 0.010000
0 0.503174 0.100000 0.010000 0.010000
0 0.364258 0.100000 0.010000 0.010000
0 0.477051 0.100000 0.010000 0.010000
0 0.236572 0.100000 0.010000 0.010000
0 0.100000 0.100000 0.010000 0.010000
0 0.407471 0.100000 0.010000 0.010000
0 0.542725 0.100000 0.010000 0.010000
0 0.282715 0.100000 0.010000 0.010000
0 0.499756 0.100000 0.010000 0.010000
0 0.388672 0.100000 0.010000 0.010000
0 0.709473 0.100000 0.010000 0.010000
0 0.887695 0.100000 0.010000 0.010000
0 0.100000 0.100000 0.010000 0.010000
0 0.787109 0.100000 0.010742 0.010000
0 0.813232 0.100000 0.010000 0.010000
0 0.220215 0.100000 0.010000 0.010000
0 0.667969 0.100000 0.010000 0.010000
0 0.100000 0.110352 0.010742 0.012370
0 0.100000 0.111003 0.010000 0.011068
0 0.100000 0.111328 0.010000 0.010000
0 0.674072 0.111003 0.010000 0.010000
0 0.100000 0.112305 0.010000 0.010000
0 0.633789 0.114909 0.010000 0.010000
0 0.900000 0.115234 0.010000 0.010000
0 0.516357 0.116862 0.010000 0.010000
0 0.146484 0.118815 0.010000 0.010000
0 0.770996 0.116862 0.010000 0.010000
0 0.762939 0.120117 0.010000 0.010000
0 0.100000 0.126628 0.018555 0.013672
0 0.900000 0.121745 0.010000 0.010000
0 0.900000 0.120768 0.010000 0.010000
0 0.847168 0.123698 0.010000 0.010000
0 0.538086 0.130208 0.010000 0.010000
0 0.100000 0.133138 0.010000 0.010000
0 0.899414 0.134766 0.010000 0.010000
0 0.158936 0.137044 0.010000 0.010000
0 0.900000 0.140299 0.010000 0.010000
0 0.591553 0.150716 0.010000 0.010000
0 0.831055 0.160482 0.010000 0.010000
0 0.346191 0.167969 0.010000 0.010000
0 0.687256 0.169271 0.010000 0.010000
0 0.694092 0.169922 0.011230 0.010000
0 0.177246 0.170573 0.010000 0.010000
0 0.705566 0.181641 0.010000 0.018229
0 0.702637 0.176107 0.010000 0.010000
0 0.106201 0.178385 0.010000 0.010000
0 0.818848 0.181315 0.010000 0.010000
0 0.700928 0.190755 0.010000 0.010000
0 0.100000 0.198893 0.010000 0.014974
0 0.900000 0.195312 0.010000 0.010000
0 0.563721 0.204753 0.010000 0.010000
0 0.670898 0.206055 0.010000 0.010000
0 0.597656 0.212891 0.010000 0.010000
0 0.422852 0.216797 0.010000 0.010000
0 0.808594 0.215169 0.010000 0.010000
0 0.900000 0.214844 0.010000 0.010000
0 0.100000 0.217122 0.010000 0.010000
0 0.702393 0.227539 0.010000 0.010000
0 0.557129 0.227539 0.010000 0.010000
0 0.438232 0.229818 0.010000 0.010000
0 0.900000 0.231445 0.010000 0.010000
0 0.572510 0.235677 0.010000 0.010000
0 0.749756 0.236003 0.010000 0.010000
0 0.666260 0.235352 0.010000 0.010000
0 0.293457 0.261719 0.010000 0.016927
0 0.386719 0.262044 0.010000 0.010000
0 0.673584 0.261068 0.010000 0.010000
0 0.772949 0.263346 0.010000 0.010000
0 0.620361 0.265625 0.010000 0.010000
0 0.256592 0.272135 0.010254 0.015625
0 0.791748 0.269531 0.010000 0.010000
0 0.390381 0.270833 0.010000 0.010000
0 0.460693 0.271484 0.010000 0.010000
0 0.900000 0.277018 0.010000 0.010000
0 0.742188 0.276693 0.010000 0.010000
0 0.100000 0.279622 0.010000 0.010000
0 0.776123 0.278646 0.010000 0.010000
0 0.784180 0.279297 0.010000 0.010000
0 0.900000 0.281901 0.010000 0.010000
0 0.158691 0.285482 0.010000 0.010000
0 0.801270 0.287435 0.010000 0.010000
0 0.637695 0.290365 0.010000 0.010000
0 0.605957 0.291667 0.010000 0.010000
0 0.813721 0.298503 0.010000 0.010000
0 0.516357 0.301758 0.010000 0.010000
0 0.144287 0.306315 0.010000 0.010000
0 0.698242 0.306641 0.010000 0.010000
0 0.362061 0.319661 0.010000 0.010000
0 0.363281 0.321940 0.010000 0.010000
0 0.713623 0.332031 0.010000 0.010000
0 0.613525 0.336914 0.010000 0.010000
0 0.100000 0.337240 0.010000 0.010000
0 0.900000 0.347331 0.010000 0.010000
0 0.217041 0.351562 0.010000 0.010000
0 0.899902 0.352214 0.010000 0.010000
0 0.340088 0.359375 0.010000 0.014323
0 0.872314 0.361003 0.010000 0.010000
0 0.458740 0.364909 0.010000 0.010000
0 0.805420 0.383789 0.010000 0.010000
0 0.433594 0.386393 0.018555 0.012370
0 0.740967 0.386068 0.010000 0.010000
0 0.427002 0.391276 0.010000 0.010000
0 0.178955 0.392253 0.010000 0.010000
0 0.766602 0.394531 0.010000 0.010000
0 0.398926 0.394857 0.010000 0.010000
0 0.413086 0.395182 0.010000 0.010000
0 0.181641 0.401042 0.010000 0.010000
0 0.598877 0.406576 0.010000 0.010000
0 0.179443 0.408203 0.010000 0.010000
0 0.196777 0.416341 0.023438 0.014974
0 0.900000 0.412760 0.010000 0.010000
0 0.450684 0.416341 0.010000 0.010000
0 0.900000 0.421875 0.010000 0.010000
0 0.868896 0.428385 0.010000 0.010000
0 0.763428 0.432617 0.010000 0.010000
0 0.900000 0.437174 0.010000 0.010000
0 0.108398 0.445964 0.010000 0.010000
0 0.515137 0.451823 0.011719 0.018229
0 0.900000 0.445964 0.010000 0.010000
0 0.728271 0.447591 0.010000 0.010000
0 0.460449 0.448568 0.010000 0.010000
0 0.643311 0.454753 0.010000 0.010000
0 0.569580 0.456380 0.010000 0.010000
0 0.509766 0.464518 0.010000 0.011068
0 0.519531 0.459635 0.010000 0.010000
0 0.521973 0.458984 0.010000 0.010000
0 0.734619 0.469076 0.010000 0.010000
0 0.605225 0.470378 0.010000 0.010000
0 0.244141 0.484701 0.010000 0.012370
0 0.239746 0.485677 0.010000 0.010000
0 0.580811 0.486979 0.010000 0.010000
0 0.272217 0.495443 0.010000 0.010000
0 0.197754 0.497396 0.010000 0.010000
0 0.100000 0.502604 0.010000 0.010000
0 0.100000 0.505534 0.010000 0.010000
0 0.587402 0.512370 0.010000 0.010000
0 0.137451 0.513346 0.010000 0.010000
0 0.584229 0.512044 0.010000 0.010000
0 0.533936 0.517904 0.010000 0.010000
0 0.900000 0.521484 0.010000 0.010000
0 0.536865 0.522135 0.010000 0.010000
0 0.869873 0.527669 0.010000 0.010000
0 0.234375 0.534505 0.010742 0.014323
0 0.340820 0.537109 0.010000 0.015625
0 0.842041 0.543945 0.010000 0.010000
0 0.900000 0.541341 0.010000 0.010000
0 0.530518 0.550781 0.012207 0.015625
0 0.689209 0.549479 0.015137 0.010417
0 0.693115 0.548828 0.010000 0.010000
0 0.900000 0.558919 0.013184 0.011068
0 0.900000 0.559570 0.010000 0.010000
0 0.272949 0.561849 0.010000 0.010000
0 0.100000 0.570312 0.010000 0.010000
0 0.900000 0.579427 0.014160 0.018229
0 0.100000 0.574870 0.010000 0.010000
0 0.900000 0.579102 0.010000 0.010000
0 0.452393 0.583333 0.010000 0.011719
0 0.502930 0.579753 0.010000 0.010000
0 0.740234 0.580078 0.010000 0.010000
0 0.501465 0.587565 0.010000 0.010000
0 0.492188 0.602539 0.010000 0.010000
0 0.637451 0.610677 0.010254 0.022135
0 0.552490 0.619792 0.016113 0.027344
0 0.407715 0.608724 0.010000 0.010000
0 0.651123 0.613607 0.010000 0.011068
0 0.100000 0.611979 0.010000 0.010000
0 0.180420 0.615885 0.010254 0.011719
0 0.655762 0.613607 0.010000 0.010000
0 0.745605 0.613607 0.010000 0.010000
0 0.223389 0.614583 0.010000 0.010000
0 0.226807 0.625326 0.010254 0.018880
0 0.558838 0.622721 0.010000 0.010000
0 0.852295 0.628581 0.010000 0.010000
0 0.439453 0.635417 0.010000 0.010000
0 0.440918 0.636393 0.010000 0.010000
0 0.368652 0.638672 0.010000 0.010000
0 0.604492 0.642904 0.010000 0.010000
0 0.276611 0.663737 0.030762 0.043620
0 0.600830 0.643555 0.010000 0.010000
0 0.849121 0.647135 0.010000 0.010000
0 0.337402 0.651042 0.010000 0.011719
0 0.600098 0.646810 0.010000 0.010000
0 0.113281 0.649414 0.010000 0.010000
0 0.268311 0.651693 0.010000 0.010000
0 0.614258 0.664388 0.011719 0.013672
0 0.100000 0.661784 0.010000 0.010000
0 0.261475 0.665365 0.010000 0.010000
0 0.566406 0.680990 0.010000 0.010000
0 0.570801 0.678060 0.010000 0.010000
0 0.100000 0.680664 0.010000 0.010000
0 0.273438 0.679036 0.010000 0.010000
0 0.759521 0.683268 0.010000 0.010000
0 0.732910 0.690755 0.010000 0.018229
0 0.900000 0.686849 0.010000 0.010000
0 0.900000 0.689453 0.010000 0.010000
0 0.758301 0.688477 0.010000 0.010000
0 0.156250 0.693034 0.010000 0.010000
0 0.365967 0.698242 0.012207 0.011068
0 0.463867 0.703451 0.011719 0.018880
0 0.368652 0.708333 0.010000 0.010000
0 0.535889 0.708333 0.010000 0.010000
0 0.100000 0.712565 0.010000 0.010000
0 0.367188 0.712240 0.010000 0.010000
0 0.900000 0.715169 0.010000 0.010000
0 0.900000 0.720703 0.010000 0.010000
0 0.341309 0.725911 0.010000 0.010000
0 0.594482 0.725911 0.010000 0.010000
0 0.600342 0.738932 0.018066 0.024740
0 0.654053 0.736003 0.010000 0.010000
0 0.651367 0.736003 0.010000 0.010000
0 0.646484 0.736003 0.010000 0.010000
0 0.656982 0.738281 0.010000 0.010000
0 0.100000 0.742839 0.010000 0.010000
0 0.540527 0.763021 0.010000 0.010000
0 0.100000 0.773763 0.010000 0.010000
0 0.274170 0.777669 0.010000 0.010000
0 0.634033 0.778646 0.010000 0.010000
0 0.221680 0.790690 0.010000 0.010000
0 0.136963 0.801758 0.010000 0.010000
0 0.873047 0.802409 0.010000 0.010000
0 0.435547 0.802734 0.010000 0.010000
0 0.858643 0.802409 0.010000 0.010000
0 0.100000 0.804688 0.010000 0.010000
0 0.683105 0.808594 0.010000 0.010000
0 0.402100 0.808919 0.010000 0.010000
0 0.100000 0.816081 0.010000 0.010000
0 0.857178 0.821289 0.010000 0.010000
0 0.117676 0.825846 0.010000 0.010000
0 0.255371 0.825195 0.010000 0.010000
0 0.263428 0.828451 0.010000 0.010000
0 0.757568 0.829102 0.010000 0.010000
0 0.654785 0.829753 0.010000 0.010000
0 0.100000 0.837565 0.010000 0.010000
0 0.536133 0.837891 0.010000 0.010000
0 0.900000 0.839844 0.010000 0.010000
0 0.100000 0.846354 0.010000 0.010000
0 0.259521 0.858073 0.010000 0.010000
0 0.100000 0.865234 0.010000 0.010000
0 0.315918 0.864583 0.010000 0.010000
0 0.185059 0.869141 0.010000 0.010000
0 0.803711 0.867839 0.010000 0.010000
0 0.100000 0.870768 0.010000 0.010000
0 0.521729 0.873047 0.010000 0.010000
0 0.202637 0.881836 0.010000 0.010000
0 0.172607 0.885742 0.010000 0.010000
0 0.492188 0.890299 0.010000 0.010000
0 0.755371 0.893229 0.010000 0.010000
0 0.113770 0.899089 0.010000 0.010000
0 0.422607 0.899089 0.010000 0.010000
0 0.451660 0.900000 0.010000 0.010000
0 0.646484 0.900000 0.010000 0.010000
0 0.488525 0.900000 0.010000 0.010000
0 0.537598 0.900000 0.010000 0.010000
0 0.131836 0.900000 0.010000 0.010000
0 0.864990 0.900000 0.010000 0.010000
0 0.100000 0.900000 0.010000 0.010000
0 0.100000 0.900000 0.010000 0.010000
0 0.900000 0.900000 0.010000 0.010000
0 0.237061 0.900000 0.010000 0.010000
0 0.841309 0.900000 0.010000 0.010000
0 0.380371 0.900000 0.010000 0.010000
0 0.100000 0.900000 0.010000 0.010000
0 0.542236 0.900000 0.010000 0.010000
0 0.689453 0.900000 0.010000 0.010000
0 0.179443 0.900000 0.010000 0.010000
0 0.900000 0.900000 0.010000 0.010000
0 0.760254 0.900000 0.010000 0.010000
0 0.580322 0.900000 0.014160 0.017578
0 0.278564 0.900000 0.010000 0.010000
0 0.896240 0.900000 0.010000 0.010000
0 0.408447 0.900000 0.010000 0.010000
0 0.869873 0.900000 0.010000 0.010000
0 0.710693 0.900000 0.010000 0.010000
0 0.860352 0.900000 0.010000 0.010000
0 0.103516 0.900000 0.010000 0.010000
0 0.611084 0.900000 0.010000 0.010000
0 0.609619 0.900000 0.010000 0.010000
0 0.355957 0.900000 0.010000 0.010000
0 0.606445 0.900000 0.010000 0.010000
0 0.100000 0.900000 0.010000 0.011719
0 0.608398 0.900000 0.010000 0.010000
0 0.376953 0.900000 0.010000 0.010000
0 0.100000 0.900000 0.010000 0.010000
0 0.100000 0.900000 0.010000 0.010000
0 0.100000 0.900000 0.010000 0.010000
0 0.100000 0.900000 0.010000 0.010000
0 0.100000 0.900000 0.010000 0.010000
0 0.266113 0.900000 0.010000 0.010000
0 0.617920 0.900000 0.010000 0.010000
