1 0.500000 0.500000 0.500000 0.500000
0 0.777832 0.100000 0.010000 0.010000
0 0.783936 0.100000 0.010000 0.010000
0 0.779785 0.100000 0.010000 0.010000
0 0.788330 0.100000 0.010000 0.010000
0 0.898682 0.100000 0.010000 0.010000
0 0.795166 0.100000 0.010000 0.010000
0 0.900000 0.100000 0.010000 0.010000
0 0.100000 0.100000 0.010000 0.010000
0 0.130859 0.100000 0.010000 0.010000
0 0.182373 0.100000 0.010000 0.010000
0 0.803223 0.100000 0.010000 0.010000
0 0.900000 0.100000 0.010000 0.010000
0 0.765869 0.100000 0.010000 0.010000
0 0.651855 0.100000 0.011719 0.010000
0 0.250732 0.100000 0.010000 0.010000
0 0.100000 0.100000 0.010000 0.010000
0 0.900000 0.100000 0.010000 0.010000
0 0.158936 0.100000 0.010000 0.010000
0 0.900000 0.100000 0.011230 0.010000
0 0.900000 0.100000 0.010000 0.010000
0 0.754883 0.100000 0.010000 0.010000
0 0.801758 0.100000 0.010000 0.011068
0 0.801758 0.100000 0.010000 0.010000
0 0.437012 0.100000 0.010000 0.010000
0 0.197510 0.100000 0.010000 0.010000
0 0.488525 0.100586 0.010000 0.010000
0 0.100000 0.102214 0.010000 0.010000
0 0.900000 0.109701 0.010000 0.010000
0 0.100000 0.111003 0.010000 0.010000
0 0.215820 0.110026 0.010000 0.010000
0 0.178955 0.110677 0.010000 0.010000
0 0.325439 0.110677 0.010000 0.010000
0 0.231445 0.119792 0.012695 0.010000
0 0.856689 0.132161 0.010000 0.010000
0 0.563477 0.135417 0.010000 0.010000
0 0.760010 0.137370 0.010000 0.010000
0 0.900000 0.137370 0.010000 0.010000
0 0.471191 0.153646 0.010000 0.010000
0 0.207275 0.155599 0.010000 0.010000
0 0.379639 0.158854 0.010000 0.010000
0 0.124023 0.159180 0.010000 0.010000
0 0.629150 0.163737 0.010000 0.010000
0 0.525146 0.173828 0.010000 0.010000
0 0.770020 0.171549 0.010000 0.010000
0 0.100000 0.176107 0.010000 0.010000
0 0.651855 0.176432 0.010000 0.010000
0 0.667480 0.178711 0.010000 0.010000
0 0.791748 0.179362 0.010000 0.010000
0 0.616943 0.190430 0.010000 0.010000
0 0.900000 0.192708 0.010000 0.010000
0 0.885742 0.195312 0.010000 0.010000
0 0.707275 0.196940 0.010000 0.010000
0 0.656738 0.206706 0.010000 0.010000
0 0.508545 0.207682 0.010000 0.010000
0 0.809814 0.211263 0.010000 0.010000
0 0.795898 0.212240 0.010000 0.010000
0 0.100000 0.215820 0.010000 0.010000
0 0.100000 0.218424 0.010000 0.010000
0 0.100342 0.219727 0.010000 0.010000
0 0.100000 0.221354 0.010000 0.010000
0 0.100000 0.223633 0.010000 0.010000
0 0.100000 0.225260 0.010000 0.010000
0 0.100000 0.224284 0.010000 0.010000
0 0.648438 0.223307 0.010000 0.010000
0 0.119141 0.226237 0.010000 0.010000
0 0.443359 0.227539 0.010000 0.010000
0 0.100000 0.234701 0.010000 0.010000
0 0.353760 0.238932 0.010000 0.010000
0 0.533936 0.239258 0.010000 0.010000
0 0.598389 0.239258 0.010000 0.010000
0 0.100000 0.246745 0.010000 0.010000
0 0.124023 0.245443 0.010000 0.010000
0 0.222412 0.246419 0.010000 0.010000
0 0.852783 0.247721 0.010000 0.010000
0 0.129639 0.256185 0.010000 0.014974
0 0.126953 0.256836 0.010000 0.011068
0 0.872070 0.252279 0.010000 0.010000
0 0.124756 0.256510 0.010000 0.010000
0 0.284180 0.255534 0.010000 0.010000
0 0.114502 0.255859 0.010000 0.010000
0 0.403076 0.255859 0.010000 0.010000
0 0.681396 0.260091 0.010000 0.010000
0 0.271729 0.265951 0.010000 0.010000
0 0.748047 0.272135 0.010000 0.010000
0 0.676758 0.276042 0.010000 0.010000
0 0.262207 0.279297 0.010000 0.010000
0 0.211914 0.279297 0.010000 0.010000
0 0.385010 0.280924 0.010000 0.010000
0 0.480225 0.291016 0.010000 0.010000
0 0.100000 0.294596 0.010000 0.010000
0 0.705322 0.295898 0.010000 0.010000
0 0.727783 0.297852 0.010000 0.010000
0 0.837158 0.300456 0.010000 0.010000
0 0.350830 0.312174 0.010000 0.010000
0 0.421143 0.312500 0.010000 0.010000
0 0.498047 0.313477 0.010000 0.010000
0 0.300537 0.320312 0.010000 0.010000
0 0.428955 0.321940 0.010000 0.010000
0 0.900000 0.320638 0.010000 0.010000
0 0.446045 0.322917 0.010000 0.010000
0 0.900000 0.324544 0.010000 0.010000
0 0.900000 0.325521 0.010000 0.010000
0 0.240234 0.331706 0.010000 0.010000
0 0.243408 0.332031 0.010000 0.010000
0 0.638916 0.332031 0.010000 0.010000
0 0.224854 0.334961 0.010000 0.010000
0 0.441895 0.336914 0.010000 0.010000
0 0.227295 0.343424 0.010000 0.010000
0 0.231445 0.344076 0.010000 0.011068
0 0.720703 0.342448 0.010000 0.010000
0 0.226562 0.343424 0.010000 0.010000
0 0.235596 0.346354 0.010000 0.010417
0 0.848389 0.345052 0.010000 0.010000
0 0.107422 0.347005 0.010000 0.010000
0 0.292236 0.346354 0.011230 0.010000
0 0.100000 0.354492 0.010000 0.010000
0 0.288086 0.356120 0.010000 0.010000
0 0.314209 0.359701 0.010000 0.010000
0 0.309326 0.365560 0.010000 0.010000
0 0.312256 0.370443 0.010000 0.013021
0 0.307861 0.376628 0.010000 0.010000
0 0.357422 0.376628 0.010000 0.010000
0 0.593506 0.376953 0.010000 0.010000
0 0.100000 0.380859 0.010000 0.010000
0 0.593018 0.378581 0.010000 0.010000
0 0.594971 0.378255 0.010000 0.010000
0 0.900000 0.379557 0.010000 0.010000
0 0.597900 0.380859 0.010000 0.010000
0 0.625732 0.392253 0.011230 0.026693
0 0.100000 0.385417 0.010000 0.010000
0 0.622070 0.386719 0.010000 0.010000
0 0.614990 0.390299 0.010000 0.010000
0 0.612793 0.390299 0.010000 0.010000
0 0.611084 0.389974 0.010000 0.010000
0 0.900000 0.389974 0.010000 0.010000
0 0.409180 0.390299 0.010000 0.010000
0 0.900000 0.396159 0.010000 0.010000
0 0.100000 0.406901 0.010000 0.010000
0 0.533447 0.410807 0.010000 0.010000
0 0.900000 0.425456 0.010000 0.010000
0 0.100000 0.429688 0.010000 0.010000
0 0.584961 0.437500 0.010000 0.010000
0 0.402588 0.442383 0.010000 0.010000
0 0.310303 0.448242 0.010000 0.010000
0 0.549316 0.455729 0.010000 0.010000
0 0.230713 0.458659 0.010000 0.010000
0 0.895264 0.469076 0.010000 0.010000
0 0.373291 0.471680 0.010000 0.010000
0 0.900000 0.475586 0.010000 0.010000
0 0.100000 0.474935 0.010000 0.010000
0 0.877686 0.485352 0.010000 0.010000
0 0.528320 0.483724 0.010000 0.010000
0 0.799805 0.493815 0.010000 0.010000
0 0.900000 0.495768 0.010000 0.010000
0 0.589111 0.508789 0.019043 0.025391
0 0.804932 0.500651 0.010000 0.010000
0 0.664062 0.513672 0.010000 0.010000
0 0.202148 0.512370 0.010000 0.010000
0 0.665283 0.512695 0.010000 0.010000
0 0.603516 0.515951 0.010000 0.010000
0 0.786865 0.516602 0.010000 0.010000
0 0.831543 0.516602 0.010000 0.010000
0 0.900000 0.521810 0.010000 0.010000
0 0.859375 0.525391 0.010000 0.010000
0 0.444824 0.527344 0.010000 0.010000
0 0.512695 0.532227 0.010000 0.010000
0 0.513428 0.536458 0.010000 0.010000
0 0.525391 0.537109 0.010000 0.010000
0 0.694336 0.544271 0.010000 0.014323
0 0.704834 0.539062 0.010000 0.010000
0 0.179932 0.542318 0.010000 0.010000
0 0.195312 0.545573 0.010000 0.010000
0 0.100000 0.548503 0.010000 0.010000
0 0.100000 0.552409 0.010000 0.010000
0 0.100000 0.555013 0.010000 0.010000
0 0.100000 0.552734 0.010000 0.010000
0 0.839844 0.555664 0.010000 0.010000
0 0.100000 0.555664 0.010000 0.010000
0 0.100000 0.558268 0.010000 0.010000
0 0.601074 0.568685 0.010000 0.010000
0 0.100000 0.573568 0.010000 0.010000
0 0.892334 0.579427 0.010000 0.010000
0 0.862061 0.589518 0.010000 0.010000
0 0.716797 0.593099 0.010000 0.010000
0 0.101074 0.610026 0.010000 0.010000
0 0.422607 0.612956 0.010000 0.010000
0 0.176514 0.634766 0.010000 0.010000
0 0.900000 0.637695 0.010000 0.010000
0 0.691650 0.639323 0.010000 0.010000
0 0.361328 0.645182 0.010000 0.010000
0 0.295898 0.650391 0.010000 0.010000
0 0.900000 0.659505 0.010000 0.010417
0 0.396240 0.660482 0.010000 0.010000
0 0.165771 0.661133 0.010000 0.010000
0 0.185791 0.662435 0.010000 0.010000
0 0.712891 0.681966 0.010000 0.010000
0 0.434082 0.682617 0.010000 0.010000
0 0.859863 0.683919 0.010000 0.010000
0 0.100000 0.686849 0.010000 0.010000
0 0.367188 0.684896 0.010000 0.010000
0 0.100000 0.690755 0.010000 0.010000
0 0.312256 0.693685 0.010000 0.010000
0 0.196533 0.696615 0.010000 0.010000
0 0.100000 0.695964 0.010000 0.010000
0 0.879883 0.701497 0.010000 0.010000
0 0.100000 0.706380 0.010000 0.010000
0 0.900000 0.710612 0.010000 0.010000
0 0.119873 0.712891 0.010000 0.010000
0 0.100000 0.717448 0.010000 0.010000
0 0.236816 0.716797 0.010000 0.010000
0 0.148438 0.722656 0.010000 0.010000
0 0.900000 0.730794 0.010000 0.010000
0 0.286377 0.729167 0.010000 0.010000
0 0.746826 0.736654 0.013184 0.010000
0 0.754639 0.737956 0.010000 0.010000
0 0.163330 0.741211 0.010000 0.010000
0 0.100000 0.749674 0.010000 0.010000
0 0.163574 0.741211 0.010000 0.010000
0 0.741211 0.745443 0.010000 0.010000
0 0.550293 0.748047 0.010000 0.010000
0 0.378906 0.753906 0.010000 0.010000
0 0.741699 0.752930 0.010000 0.010000
0 0.742676 0.763021 0.010000 0.010000
0 0.900000 0.771810 0.010000 0.010000
0 0.593750 0.773438 0.010000 0.010000
0 0.445801 0.783203 0.010000 0.010000
0 0.553223 0.789388 0.010000 0.010000
0 0.224121 0.790039 0.010000 0.010000
0 0.875732 0.792969 0.010000 0.010000
0 0.140625 0.801432 0.010000 0.010000
0 0.244873 0.802409 0.010000 0.010000
0 0.900000 0.804688 0.010000 0.010000
0 0.900000 0.803385 0.010000 0.010000
0 0.205322 0.806966 0.010000 0.010000
0 0.177490 0.811198 0.010000 0.010000
0 0.590820 0.814128 0.010000 0.010000
0 0.591064 0.814453 0.010000 0.010000
0 0.450684 0.819661 0.010000 0.010000
0 0.423828 0.821940 0.010000 0.010000
0 0.900000 0.834635 0.010000 0.010000
0 0.833740 0.842773 0.010254 0.010000
0 0.100000 0.848958 0.010000 0.010000
0 0.234863 0.864583 0.010000 0.010000
0 0.447510 0.866862 0.011230 0.010000
0 0.303955 0.869141 0.010000 0.010000
0 0.100000 0.874349 0.010000 0.010417
0 0.677002 0.873047 0.010000 0.010000
0 0.343262 0.876628 0.010000 0.010000
0 0.625244 0.878255 0.010000 0.010000
0 0.458984 0.882487 0.010000 0.010000
0 0.663086 0.881510 0.010000 0.010000
0 0.877197 0.893229 0.010000 0.010000
0 0.512207 0.899740 0.010000 0.010000
0 0.527100 0.900000 0.010000 0.010000
0 0.266846 0.900000 0.010000 0.010000
0 0.724365 0.900000 0.010000 0.010000
0 0.284424 0.900000 0.010000 0.010000
0 0.100000 0.900000 0.010000 0.010000
0 0.500244 0.900000 0.010000 0.010000
0 0.900000 0.900000 0.010000 0.010000
0 0.408936 0.900000 0.010000 0.010000
0 0.298828 0.900000 0.010000 0.010000
0 0.825439 0.900000 0.010000 0.010000
0 0.329102 0.900000 0.010000 0.010000
0 0.889893 0.900000 0.010000 0.010000
0 0.403564 0.900000 0.010000 0.010000
0 0.497070 0.900000 0.010000 0.010000
0 0.900000 0.900000 0.010000 0.010000
0 0.687012 0.900000 0.010000 0.010000
