1 0.500000 0.500000 0.500000 0.500000
0 0.122070 0.100000 0.010000 0.010000
0 0.208740 0.100000 0.010000 0.010000
0 0.336182 0.100000 0.010000 0.010000
0 0.410645 0.100000 0.010000 0.010000
0 0.510742 0.100000 0.010000 0.010000
0 0.604492 0.100000 0.010000 0.010000
0 0.672852 0.100000 0.010000 0.010000
0 0.665527 0.100000 0.010000 0.010000
0 0.482666 0.100000 0.010000 0.010000
0 0.100000 0.100000 0.010000 0.010000
0 0.900000 0.100000 0.010000 0.010417
0 0.634033 0.100000 0.010000 0.010000
0 0.637695 0.100000 0.010000 0.010000
0 0.640381 0.100000 0.010000 0.010000
0 0.337891 0.100000 0.010000 0.010000
0 0.683105 0.100000 0.010000 0.010000
0 0.150391 0.100000 0.010000 0.010000
0 0.899170 0.100000 0.010000 0.010000
0 0.100000 0.100000 0.010000 0.010000
0 0.900000 0.100000 0.010000 0.010000
0 0.692383 0.100000 0.010000 0.010000
0 0.514160 0.100000 0.010000 0.010000
0 0.342285 0.100000 0.010000 0.010000
0 0.358643 0.100000 0.010000 0.010000
0 0.100000 0.100000 0.010000 0.010000
0 0.111328 0.101888 0.010000 0.010000
0 0.100000 0.102539 0.010000 0.010000
0 0.390137 0.112956 0.010000 0.010000
0 0.593018 0.116536 0.010000 0.010000
0 0.267090 0.121419 0.010000 0.010000
0 0.100000 0.123372 0.010000 0.010000
0 0.267090 0.121419 0.010000 0.010000
0 0.900000 0.123372 0.010000 0.010000
0 0.159912 0.127930 0.010000 0.010000
0 0.900000 0.128255 0.010000 0.010000
0 0.527588 0.131836 0.010000 0.010000
0 0.215332 0.135417 0.010000 0.010000
0 0.254883 0.136068 0.010000 0.010000
0 0.256348 0.137044 0.010000 0.010000
0 0.257568 0.139323 0.010000 0.010000
0 0.723877 0.151042 0.010000 0.010000
0 0.824951 0.155924 0.010000 0.010000
0 0.753174 0.167318 0.010000 0.010000
0 0.206543 0.166667 0.010000 0.010000
0 0.607910 0.174154 0.010000 0.010000
0 0.524902 0.181641 0.010000 0.010000
0 0.545654 0.183268 0.010000 0.010000
0 0.100000 0.186523 0.010000 0.010000
0 0.703857 0.188151 0.010000 0.010000
0 0.855957 0.189453 0.010000 0.010000
0 0.162354 0.190430 0.010000 0.010000
0 0.100000 0.200521 0.010000 0.010000
0 0.295898 0.200846 0.010000 0.010000
0 0.257080 0.205078 0.010000 0.010000
0 0.900000 0.203451 0.010000 0.010000
0 0.119141 0.212565 0.010000 0.010000
0 0.872070 0.221029 0.010000 0.017578
0 0.100000 0.216797 0.010000 0.010000
0 0.100000 0.219401 0.010000 0.010000
0 0.105713 0.228190 0.010000 0.010000
0 0.240234 0.228516 0.010000 0.010000
0 0.313965 0.232422 0.010000 0.010000
0 0.242188 0.233724 0.010000 0.010000
0 0.740479 0.245443 0.010000 0.010000
0 0.719727 0.254232 0.010000 0.010000
0 0.372559 0.261719 0.010000 0.010000
0 0.218506 0.269206 0.010000 0.010000
0 0.581299 0.282552 0.010000 0.010000
0 0.130127 0.286458 0.010000 0.010000
0 0.423584 0.286784 0.010000 0.010000
0 0.900000 0.289388 0.010000 0.010000
0 0.278320 0.293620 0.010000 0.010417
0 0.808838 0.303060 0.010000 0.010000
0 0.807373 0.304688 0.010000 0.010000
0 0.100000 0.329753 0.038086 0.043620
0 0.751465 0.313802 0.010000 0.010000
0 0.398193 0.316081 0.010000 0.010000
0 0.603271 0.317708 0.010000 0.010000
0 0.806641 0.324219 0.010000 0.010000
0 0.379883 0.335938 0.010000 0.010000
0 0.662598 0.346680 0.010000 0.010000
0 0.611328 0.346029 0.010000 0.010000
0 0.325928 0.356771 0.010000 0.010000
0 0.900000 0.366862 0.010000 0.010000
0 0.121582 0.370443 0.010000 0.010000
0 0.900000 0.373372 0.010000 0.010000
0 0.100000 0.374674 0.010000 0.010000
0 0.100000 0.381510 0.010000 0.010000
0 0.225830 0.382487 0.010000 0.010000
0 0.395508 0.381836 0.010000 0.010000
0 0.709229 0.416667 0.051270 0.074219
0 0.259033 0.385742 0.010000 0.010000
0 0.645508 0.387370 0.010000 0.010000
0 0.900000 0.396810 0.010000 0.012370
0 0.401611 0.396810 0.010000 0.010000
0 0.510254 0.397786 0.010000 0.010000
0 0.234131 0.408529 0.010000 0.010000
0 0.811279 0.408529 0.010000 0.010000
0 0.100000 0.412760 0.010000 0.010000
0 0.487793 0.414714 0.010000 0.010000
0 0.175781 0.428711 0.010000 0.010000
0 0.232178 0.430664 0.010000 0.010000
0 0.129883 0.434896 0.010000 0.010000
0 0.100000 0.437500 0.010000 0.010000
0 0.761230 0.437500 0.010000 0.010000
0 0.628906 0.440430 0.010000 0.010000
0 0.638428 0.447917 0.010000 0.010000
0 0.636230 0.449544 0.010000 0.010000
0 0.225586 0.452474 0.010000 0.010000
0 0.302490 0.455729 0.010000 0.010000
0 0.617188 0.457682 0.010000 0.010000
0 0.317627 0.464844 0.010000 0.010000
0 0.570312 0.464518 0.010000 0.010000
0 0.900000 0.471354 0.010000 0.010417
0 0.100000 0.472982 0.010000 0.010000
0 0.348633 0.475911 0.010000 0.010000
0 0.596680 0.491536 0.021484 0.026042
0 0.100000 0.486654 0.010000 0.010000
0 0.381836 0.489258 0.010000 0.010000
0 0.588867 0.503906 0.010000 0.010000
0 0.582275 0.508464 0.010000 0.010000
0 0.583496 0.506836 0.010000 0.010000
0 0.881836 0.507161 0.010000 0.010000
0 0.730225 0.507161 0.010000 0.010000
0 0.139648 0.511719 0.010000 0.010000
0 0.694580 0.513672 0.010000 0.010000
0 0.100000 0.516276 0.010000 0.010000
0 0.575684 0.517253 0.010000 0.010000
0 0.534668 0.546549 0.045898 0.052734
0 0.212891 0.527018 0.010000 0.010000
0 0.698730 0.527669 0.010000 0.010000
0 0.153320 0.531576 0.010000 0.010000
0 0.741455 0.530599 0.010000 0.010000
0 0.471436 0.537760 0.010000 0.010000
0 0.230713 0.537760 0.010000 0.010000
0 0.619385 0.541341 0.010000 0.010000
0 0.617432 0.543945 0.010000 0.010000
0 0.883789 0.550456 0.010000 0.010000
0 0.839844 0.551758 0.010000 0.010000
0 0.100000 0.555664 0.010000 0.010000
0 0.520752 0.555664 0.010000 0.010000
0 0.116943 0.556641 0.010000 0.010000
0 0.187012 0.565755 0.010000 0.010000
0 0.729492 0.567057 0.010000 0.010000
0 0.900000 0.572591 0.010000 0.010000
0 0.540283 0.571615 0.010000 0.010000
0 0.740967 0.575195 0.010000 0.010000
0 0.489014 0.576497 0.010000 0.010000
0 0.100000 0.577474 0.010000 0.010000
0 0.184570 0.576823 0.010000 0.010000
0 0.697266 0.579102 0.010000 0.010000
0 0.768066 0.589193 0.010000 0.010000
0 0.117188 0.589844 0.010000 0.010000
0 0.900000 0.591146 0.010000 0.010000
0 0.665771 0.591797 0.010000 0.010000
0 0.697266 0.593099 0.010000 0.010000
0 0.100000 0.603841 0.010000 0.010000
0 0.100000 0.611328 0.010000 0.013021
0 0.160889 0.606120 0.010000 0.010000
0 0.792725 0.618490 0.010000 0.010000
0 0.515869 0.619466 0.010000 0.010000
0 0.315674 0.627279 0.010000 0.010000
0 0.100000 0.630208 0.010000 0.010000
0 0.142334 0.631836 0.010000 0.010000
0 0.141846 0.635091 0.010000 0.010000
0 0.743164 0.638021 0.010000 0.010000
0 0.735596 0.643555 0.010000 0.010000
0 0.900000 0.643880 0.010000 0.010000
0 0.737305 0.643229 0.010000 0.010000
0 0.704834 0.645508 0.010000 0.010000
0 0.672363 0.654948 0.010000 0.010000
0 0.900000 0.662435 0.010000 0.021484
0 0.900000 0.666341 0.010000 0.010000
0 0.843506 0.666992 0.010000 0.010000
0 0.666260 0.675130 0.010000 0.010000
0 0.385986 0.678385 0.010000 0.010000
0 0.182373 0.679036 0.010000 0.010000
0 0.717041 0.680664 0.010000 0.010000
0 0.718994 0.683919 0.010000 0.010000
0 0.209229 0.684896 0.010000 0.010000
0 0.900000 0.684896 0.010000 0.010000
0 0.280762 0.689453 0.010000 0.010000
0 0.808105 0.689128 0.010000 0.010000
0 0.282715 0.690104 0.010000 0.010000
0 0.100000 0.694336 0.010000 0.010000
0 0.777832 0.702148 0.010000 0.010000
0 0.795898 0.713216 0.010000 0.010000
0 0.900000 0.716471 0.010000 0.010000
0 0.353271 0.720703 0.010000 0.010000
0 0.399902 0.728190 0.010000 0.010000
0 0.607666 0.729167 0.010000 0.010000
0 0.394531 0.734375 0.010000 0.010000
0 0.335938 0.737956 0.010000 0.010000
0 0.348145 0.748698 0.010000 0.010000
0 0.303467 0.748698 0.010000 0.010000
0 0.253174 0.752279 0.010000 0.010000
0 0.703613 0.754232 0.010000 0.010000
0 0.117920 0.753906 0.010000 0.010000
0 0.119873 0.756836 0.010000 0.010000
0 0.221924 0.763672 0.010000 0.010000
0 0.225830 0.766927 0.010000 0.010000
0 0.369141 0.769206 0.010000 0.010000
0 0.620117 0.771159 0.010000 0.010000
0 0.237793 0.776367 0.010000 0.010000
0 0.268066 0.784505 0.010000 0.010000
0 0.900000 0.788737 0.010000 0.010000
0 0.764160 0.789714 0.010000 0.010000
0 0.675049 0.791341 0.010000 0.010000
0 0.770264 0.794922 0.010000 0.010000
0 0.368896 0.795573 0.010000 0.010000
0 0.900000 0.804362 0.010000 0.010000
0 0.900000 0.811523 0.011230 0.018880
0 0.487549 0.806966 0.010000 0.010000
0 0.378662 0.807617 0.010000 0.010000
0 0.900000 0.817057 0.010000 0.010000
0 0.900000 0.816081 0.010000 0.010000
0 0.249023 0.817057 0.010000 0.010000
0 0.679932 0.819010 0.010000 0.010000
0 0.897705 0.825195 0.010000 0.010000
0 0.899902 0.824870 0.010000 0.010000
0 0.253662 0.825846 0.010000 0.010000
0 0.900000 0.828125 0.010000 0.010000
0 0.900000 0.828451 0.010000 0.010000
0 0.900000 0.828125 0.010000 0.010000
0 0.100000 0.832031 0.010000 0.010000
0 0.684082 0.837565 0.010000 0.010000
0 0.241943 0.838542 0.010000 0.010000
0 0.665527 0.838867 0.010000 0.010000
0 0.689453 0.837891 0.010000 0.010000
0 0.299805 0.848633 0.010000 0.010000
0 0.100000 0.851237 0.010000 0.010000
0 0.687744 0.861654 0.010000 0.010000
0 0.359619 0.866536 0.010000 0.010000
0 0.100000 0.872721 0.010000 0.010000
0 0.152344 0.877930 0.010000 0.010000
0 0.105225 0.876953 0.010000 0.010000
0 0.784668 0.880208 0.010000 0.010000
0 0.763184 0.880859 0.010000 0.010000
0 0.157959 0.883789 0.010000 0.010000
0 0.228516 0.885091 0.010000 0.010000
0 0.643066 0.888346 0.010000 0.010000
0 0.647705 0.889323 0.010000 0.010000
0 0.603516 0.889323 0.010000 0.010000
0 0.100000 0.896159 0.010000 0.010000
0 0.314697 0.899414 0.010000 0.010000
0 0.645508 0.900000 0.010000 0.011068
0 0.367432 0.900000 0.010000 0.010000
0 0.302979 0.900000 0.010000 0.010000
0 0.100000 0.900000 0.010000 0.010000
0 0.439941 0.900000 0.010000 0.010000
0 0.507812 0.900000 0.010000 0.010000
0 0.442627 0.900000 0.010000 0.010000
0 0.260742 0.900000 0.010000 0.010000
0 0.714844 0.900000 0.010000 0.010000
0 0.805908 0.900000 0.010000 0.010000
0 0.759766 0.900000 0.010000 0.010000
0 0.525146 0.900000 0.010000 0.010000
0 0.292725 0.900000 0.010000 0.010000
0 0.100000 0.900000 0.010000 0.010000
0 0.732178 0.900000 0.010000 0.010000
0 0.454834 0.900000 0.010000 0.010000
0 0.893799 0.900000 0.010000 0.010000
0 0.100000 0.900000 0.010000 0.010000
0 0.316406 0.900000 0.010000 0.010000
0 0.900000 0.900000 0.010000 0.010000
0 0.850830 0.900000 0.010000 0.010000
0 0.100000 0.900000 0.010000 0.010000
0 0.492432 0.900000 0.010000 0.010000
0 0.800049 0.900000 0.010000 0.010000
0 0.175781 0.900000 0.010000 0.010000
0 0.900000 0.900000 0.010000 0.010000
