1 0.500000 0.500000 0.500000 0.500000
0 0.112305 0.100000 0.010000 0.010000
0 0.147705 0.100000 0.010000 0.010000
0 0.154297 0.100000 0.010000 0.010000
0 0.215088 0.100000 0.010000 0.010000
0 0.385498 0.100000 0.010000 0.010000
0 0.518799 0.100000 0.010000 0.010000
0 0.523682 0.100000 0.010000 0.010000
0 0.872314 0.100000 0.010000 0.010000
0 0.900000 0.100000 0.032715 0.016927
0 0.100000 0.100000 0.010000 0.010000
0 0.246582 0.100000 0.010000 0.010000
0 0.100000 0.100000 0.010000 0.010000
0 0.100000 0.100000 0.010000 0.010000
0 0.103027 0.100000 0.010000 0.010000
0 0.496582 0.100000 0.010000 0.010000
0 0.558105 0.100000 0.010000 0.010000
0 0.100000 0.100000 0.010000 0.010000
0 0.665527 0.100000 0.010000 0.010000
0 0.390381 0.100000 0.013184 0.010000
0 0.611572 0.100000 0.010000 0.010000
0 0.100000 0.100000 0.010000 0.010000
0 0.287109 0.100000 0.010000 0.010000
0 0.412354 0.100000 0.010000 0.010000
0 0.896973 0.100000 0.010000 0.010000
0 0.355957 0.100000 0.010000 0.010000
0 0.325439 0.100000 0.010000 0.010000
0 0.100000 0.100000 0.010000 0.010000
0 0.317871 0.100000 0.010000 0.010000
0 0.808350 0.100000 0.010000 0.010000
0 0.100000 0.100000 0.010000 0.010000
0 0.619629 0.100000 0.010000 0.010000
0 0.827637 0.100000 0.010000 0.010000
0 0.100000 0.100000 0.010000 0.010417
0 0.340088 0.100000 0.010000 0.010417
0 0.780518 0.100000 0.010000 0.010000
0 0.340576 0.100000 0.010000 0.010000
0 0.161377 0.100000 0.010000 0.010000
0 0.900000 0.100000 0.010000 0.010000
0 0.415527 0.100000 0.010000 0.010000
0 0.271729 0.100000 0.010000 0.010000
0 0.100000 0.103841 0.010000 0.010000
0 0.299072 0.104167 0.010000 0.010000
0 0.419678 0.105143 0.010000 0.010000
0 0.558838 0.108724 0.010000 0.010000
0 0.104248 0.115560 0.010000 0.010000
0 0.371826 0.118164 0.010000 0.010000
0 0.869629 0.121094 0.010000 0.010000
0 0.100000 0.125977 0.010000 0.010000
0 0.100000 0.122070 0.010000 0.010000
0 0.480469 0.126302 0.010000 0.010000
0 0.364746 0.126628 0.010000 0.010000
0 0.100000 0.131510 0.010000 0.010000
0 0.844238 0.129557 0.010000 0.010000
0 0.721924 0.131836 0.010000 0.010000
0 0.100000 0.136068 0.010000 0.010000
0 0.535156 0.141276 0.010000 0.010000
0 0.100000 0.157552 0.010000 0.010000
0 0.900000 0.160482 0.010000 0.010000
0 0.100000 0.158854 0.010000 0.010000
0 0.296387 0.160807 0.010000 0.010000
0 0.900000 0.166016 0.010000 0.010000
0 0.900000 0.167969 0.010000 0.010000
0 0.660889 0.171224 0.010000 0.010000
0 0.900000 0.171549 0.010000 0.010000
0 0.100000 0.177409 0.010000 0.010000
0 0.213623 0.182617 0.010254 0.012370
0 0.218262 0.176432 0.010000 0.010000
0 0.900000 0.177409 0.010000 0.010000
0 0.218994 0.181315 0.010000 0.010000
0 0.576416 0.183268 0.010000 0.010000
0 0.208740 0.186198 0.010000 0.010000
0 0.299805 0.195312 0.010000 0.010000
0 0.204102 0.198242 0.010000 0.010000
0 0.900000 0.204102 0.010000 0.010000
0 0.900000 0.208333 0.010000 0.010000
0 0.900000 0.208659 0.010000 0.010000
0 0.241699 0.215169 0.010000 0.010000
0 0.243408 0.216471 0.010000 0.010000
0 0.490479 0.216146 0.010000 0.010000
0 0.237305 0.230143 0.027344 0.026693
0 0.224365 0.221354 0.010000 0.010000
0 0.122559 0.223633 0.010000 0.010000
0 0.373535 0.226562 0.010000 0.010000
0 0.108154 0.231771 0.010000 0.010000
0 0.685791 0.232747 0.010000 0.010000
0 0.692871 0.236328 0.010000 0.010000
0 0.335938 0.240560 0.010742 0.010000
0 0.343506 0.239258 0.010000 0.010000
0 0.100000 0.239583 0.010000 0.010000
0 0.355469 0.240885 0.010000 0.010000
0 0.240967 0.243164 0.010254 0.010000
0 0.247070 0.243815 0.010000 0.010000
0 0.133301 0.247070 0.010000 0.010000
0 0.781494 0.250977 0.010000 0.010000
0 0.807861 0.251953 0.010000 0.010000
0 0.810791 0.253581 0.010000 0.010000
0 0.100000 0.254232 0.010000 0.010000
0 0.162109 0.257161 0.010000 0.010000
0 0.362793 0.258138 0.010000 0.010000
0 0.630371 0.259766 0.010000 0.010000
0 0.259766 0.263672 0.010000 0.010000
0 0.301514 0.265951 0.010000 0.010000
0 0.538330 0.276693 0.010000 0.010000
0 0.379883 0.278320 0.010000 0.010000
0 0.100000 0.280599 0.010000 0.010000
0 0.523682 0.281901 0.010000 0.010000
0 0.100000 0.285156 0.010000 0.010000
0 0.686523 0.287760 0.010000 0.010000
0 0.643555 0.287435 0.010000 0.010000
0 0.250244 0.296549 0.010000 0.010000
0 0.281738 0.294922 0.010000 0.010000
0 0.290771 0.297201 0.010000 0.010000
0 0.100000 0.303711 0.010000 0.010000
0 0.483887 0.305339 0.010000 0.010000
0 0.681885 0.308268 0.010000 0.010000
0 0.702881 0.307617 0.010000 0.010000
0 0.345215 0.307617 0.010000 0.010000
0 0.160889 0.309245 0.010000 0.010000
0 0.516357 0.310547 0.010000 0.010000
0 0.846191 0.314453 0.010000 0.010000
0 0.865479 0.313151 0.010000 0.010000
0 0.874512 0.320638 0.010000 0.010000
0 0.263184 0.323893 0.010000 0.010000
0 0.658691 0.323893 0.010000 0.010000
0 0.870361 0.327474 0.010000 0.010000
0 0.401123 0.336914 0.012207 0.017578
0 0.403320 0.329753 0.010000 0.010000
0 0.498291 0.330078 0.010000 0.010000
0 0.508545 0.331380 0.010000 0.010000
0 0.690674 0.337891 0.010000 0.010000
0 0.368408 0.342773 0.010000 0.010000
0 0.883545 0.342122 0.010000 0.010000
0 0.100000 0.354492 0.010000 0.011068
0 0.702148 0.356120 0.010000 0.010000
0 0.873291 0.355143 0.010000 0.010000
0 0.486572 0.356445 0.010000 0.010000
0 0.589355 0.355469 0.010000 0.010000
0 0.161377 0.356120 0.010000 0.010000
0 0.123047 0.359049 0.010000 0.010000
0 0.477051 0.367188 0.010000 0.010000
0 0.443359 0.381510 0.010000 0.010000
0 0.883301 0.381185 0.010000 0.010000
0 0.900000 0.386393 0.010000 0.010000
0 0.895508 0.385417 0.010000 0.010000
0 0.900000 0.390299 0.010000 0.011068
0 0.371826 0.386719 0.010000 0.010000
0 0.626465 0.388672 0.010000 0.010000
0 0.674561 0.390625 0.010000 0.010000
0 0.511475 0.389648 0.010000 0.010000
0 0.146973 0.395833 0.010000 0.010000
0 0.573242 0.394857 0.010000 0.010000
0 0.435547 0.395182 0.010000 0.010000
0 0.511719 0.398763 0.010000 0.010000
0 0.709229 0.399740 0.010000 0.010000
0 0.900000 0.404948 0.010000 0.010000
0 0.900000 0.405273 0.010000 0.010000
0 0.448730 0.405924 0.010000 0.010000
0 0.663818 0.407227 0.010000 0.010000
0 0.867920 0.413411 0.010000 0.011719
0 0.900000 0.413737 0.010000 0.010000
0 0.100000 0.416667 0.010000 0.010000
0 0.900000 0.417318 0.010000 0.010000
0 0.100000 0.430339 0.010000 0.010000
0 0.668701 0.434245 0.010000 0.010000
0 0.100000 0.436198 0.010000 0.010000
0 0.620361 0.443685 0.010000 0.010000
0 0.537354 0.444661 0.010000 0.010000
0 0.683350 0.444661 0.010000 0.010000
0 0.566895 0.449870 0.010000 0.010000
0 0.730225 0.449870 0.010000 0.010000
0 0.395752 0.450195 0.010000 0.010000
0 0.513428 0.453125 0.010000 0.010000
0 0.863281 0.455078 0.010000 0.010000
0 0.554199 0.456706 0.010000 0.010000
0 0.555176 0.458659 0.010000 0.010000
0 0.374268 0.463867 0.011230 0.013672
0 0.636230 0.460286 0.010000 0.010000
0 0.370850 0.463542 0.010000 0.010000
0 0.412354 0.463867 0.010000 0.010000
0 0.191406 0.466146 0.010000 0.010000
0 0.636963 0.464518 0.010000 0.010000
0 0.374268 0.469076 0.010000 0.010000
0 0.404297 0.471029 0.010000 0.010000
0 0.374023 0.471354 0.010000 0.010000
0 0.666504 0.480469 0.010000 0.010000
0 0.900000 0.479818 0.010000 0.010000
0 0.294189 0.481120 0.010000 0.010000
0 0.524902 0.481445 0.010000 0.010000
0 0.665283 0.480469 0.010000 0.010000
0 0.569336 0.483073 0.010000 0.010000
0 0.523682 0.484049 0.010000 0.010000
0 0.582764 0.485026 0.010000 0.010000
0 0.584961 0.485352 0.010000 0.010000
0 0.308350 0.485677 0.010000 0.010000
0 0.359375 0.486654 0.010000 0.010000
0 0.534180 0.491862 0.010000 0.010000
0 0.554443 0.498698 0.010000 0.010000
0 0.557617 0.500000 0.010000 0.010000
0 0.155762 0.503581 0.010000 0.010000
0 0.555176 0.503906 0.010000 0.010000
0 0.265869 0.507487 0.010000 0.010000
0 0.900000 0.510091 0.010000 0.010000
0 0.100000 0.511393 0.010000 0.010000
0 0.900000 0.514323 0.010000 0.010000
0 0.738281 0.516927 0.010000 0.010000
0 0.259766 0.515951 0.010000 0.010000
0 0.739258 0.517904 0.010000 0.010000
0 0.100000 0.520833 0.010000 0.010000
0 0.169678 0.524740 0.010000 0.010000
0 0.294678 0.524740 0.010000 0.010000
0 0.268066 0.528646 0.010000 0.010000
0 0.900000 0.532878 0.011719 0.014974
0 0.100000 0.529622 0.010000 0.010000
0 0.368652 0.529297 0.010000 0.010000
0 0.243896 0.531576 0.010000 0.010000
0 0.667725 0.537435 0.010000 0.010000
0 0.672607 0.540039 0.010000 0.010000
0 0.900000 0.536784 0.010000 0.010000
0 0.669678 0.539062 0.010000 0.010000
0 0.676514 0.541016 0.010000 0.010000
0 0.678467 0.543294 0.010000 0.010000
0 0.168701 0.542318 0.010000 0.010000
0 0.590332 0.545573 0.010000 0.010000
0 0.765869 0.546224 0.010000 0.010000
0 0.679932 0.544922 0.010000 0.010000
0 0.763184 0.547526 0.010000 0.010000
0 0.417236 0.549805 0.010000 0.010000
0 0.534424 0.548503 0.010000 0.010000
0 0.589355 0.548503 0.010000 0.010000
0 0.539795 0.552734 0.010000 0.010000
0 0.311523 0.552083 0.010000 0.010000
0 0.419189 0.553060 0.010000 0.010000
0 0.418945 0.557292 0.010000 0.010000
0 0.421875 0.558919 0.010000 0.010000
0 0.640869 0.560221 0.010000 0.010000
0 0.237793 0.562826 0.010000 0.010000
0 0.729980 0.564779 0.010000 0.010000
0 0.586426 0.563802 0.010000 0.010000
0 0.766602 0.564128 0.010000 0.010000
0 0.900000 0.563151 0.010000 0.010000
0 0.900000 0.569010 0.010000 0.010000
0 0.233887 0.573568 0.010000 0.011719
0 0.233154 0.575521 0.010000 0.010000
0 0.643311 0.580729 0.010000 0.011719
0 0.643066 0.581055 0.010000 0.010000
0 0.390625 0.582682 0.010000 0.010000
0 0.763916 0.583659 0.010000 0.010000
0 0.318115 0.586914 0.010000 0.010000
0 0.174805 0.586914 0.010000 0.010000
0 0.647705 0.588216 0.010000 0.010000
0 0.839844 0.589518 0.010742 0.010000
0 0.325928 0.588542 0.010000 0.010000
0 0.490723 0.587891 0.010000 0.010000
0 0.323242 0.590820 0.010742 0.010000
0 0.211670 0.596680 0.010000 0.010000
0 0.327393 0.598307 0.010000 0.010000
0 0.209229 0.600586 0.010000 0.010000
0 0.558838 0.600260 0.010000 0.010000
0 0.258789 0.603841 0.010000 0.010000
0 0.338135 0.603516 0.010000 0.010000
0 0.560059 0.601562 0.010000 0.010000
0 0.257568 0.603516 0.010000 0.010000
0 0.334229 0.609701 0.010000 0.010000
0 0.100000 0.610677 0.010000 0.010000
0 0.576904 0.611328 0.010000 0.010000
0 0.496094 0.613932 0.010000 0.010000
0 0.900000 0.618490 0.010000 0.010000
0 0.441406 0.628255 0.010000 0.010000
0 0.763672 0.629883 0.010000 0.010000
0 0.763916 0.627930 0.010000 0.010000
0 0.102295 0.631510 0.010000 0.010000
0 0.892334 0.634440 0.010000 0.010000
0 0.563965 0.646810 0.010000 0.010000
0 0.754883 0.646159 0.010000 0.010000
0 0.526123 0.648763 0.010000 0.010000
0 0.382568 0.652669 0.010000 0.010000
0 0.389648 0.653320 0.010000 0.010000
0 0.516357 0.652995 0.010000 0.010000
0 0.388184 0.655599 0.010000 0.010000
0 0.853760 0.660807 0.010000 0.010000
0 0.443115 0.660482 0.010000 0.010000
0 0.472412 0.666667 0.010000 0.010000
0 0.482178 0.668294 0.010000 0.010000
0 0.102051 0.671875 0.010000 0.010000
0 0.756348 0.672852 0.010000 0.010000
0 0.775879 0.673177 0.010000 0.010000
0 0.149170 0.677734 0.010000 0.010000
0 0.557373 0.691406 0.010000 0.010000
0 0.537842 0.702148 0.010000 0.010000
0 0.168701 0.707682 0.010000 0.010000
0 0.671143 0.709635 0.010000 0.010000
0 0.203369 0.712891 0.010000 0.010000
0 0.569580 0.715169 0.010000 0.010000
0 0.657959 0.728190 0.010000 0.010000
0 0.767090 0.728516 0.010000 0.010000
0 0.100000 0.731120 0.010000 0.010000
0 0.751221 0.731771 0.010000 0.010000
0 0.557861 0.733724 0.010000 0.010000
0 0.371826 0.732747 0.010000 0.010000
0 0.557373 0.735677 0.010000 0.010000
0 0.489014 0.737630 0.010000 0.010000
0 0.491455 0.739583 0.010000 0.010000
0 0.553223 0.747396 0.010000 0.010000
0 0.900000 0.751302 0.010000 0.010000
0 0.481445 0.758464 0.010000 0.010000
0 0.241211 0.761068 0.010000 0.010000
0 0.863037 0.771484 0.010000 0.010000
0 0.100000 0.771159 0.010000 0.010000
0 0.531250 0.774414 0.010000 0.010000
0 0.319824 0.774414 0.010000 0.010000
0 0.612549 0.782552 0.010000 0.010000
0 0.900000 0.782552 0.010000 0.010000
0 0.431152 0.783529 0.010000 0.010000
0 0.564697 0.789388 0.010000 0.010000
0 0.142822 0.792969 0.010000 0.010000
0 0.613037 0.794596 0.010000 0.010000
0 0.135742 0.796549 0.010000 0.010000
0 0.645508 0.799479 0.010000 0.010000
0 0.900000 0.799805 0.010000 0.010000
0 0.646729 0.801758 0.010000 0.010000
0 0.649414 0.802734 0.010000 0.010000
0 0.657227 0.801758 0.010000 0.010000
0 0.884033 0.802734 0.012207 0.010000
0 0.453613 0.803060 0.010000 0.010000
0 0.635498 0.803060 0.010000 0.010000
0 0.900000 0.802083 0.010000 0.010000
0 0.645752 0.809570 0.010000 0.010000
0 0.610352 0.813151 0.010000 0.010000
0 0.319580 0.817383 0.010000 0.010000
0 0.100000 0.818359 0.010000 0.010000
0 0.600586 0.819010 0.010000 0.010000
0 0.100000 0.822591 0.010000 0.010000
0 0.512695 0.828125 0.010000 0.010000
0 0.180420 0.845378 0.010000 0.010000
0 0.249023 0.843099 0.010000 0.010000
0 0.554932 0.847982 0.010000 0.010000
0 0.396973 0.854492 0.010000 0.010000
0 0.100000 0.857096 0.010000 0.010000
0 0.441162 0.857747 0.010000 0.010000
0 0.855225 0.861003 0.010000 0.010000
0 0.663086 0.882161 0.010000 0.010000
0 0.467773 0.883789 0.010000 0.010000
0 0.467773 0.888346 0.010000 0.010000
0 0.473389 0.887695 0.010000 0.010000
0 0.601807 0.895182 0.010000 0.010000
0 0.549805 0.895833 0.010000 0.010000
0 0.461182 0.897461 0.010000 0.010000
0 0.451904 0.899089 0.010000 0.010000
0 0.446533 0.900000 0.010000 0.010000
0 0.461426 0.900000 0.010000 0.010000
0 0.457520 0.900000 0.010000 0.010000
0 0.450684 0.900000 0.010000 0.010000
0 0.900000 0.900000 0.010000 0.010000
0 0.544189 0.900000 0.010000 0.010000
0 0.463623 0.900000 0.010000 0.010000
0 0.370850 0.900000 0.010000 0.010000
0 0.468750 0.900000 0.010000 0.010000
0 0.457275 0.900000 0.010000 0.010000
0 0.733887 0.900000 0.010000 0.010000
0 0.867188 0.900000 0.010000 0.010000
0 0.103271 0.900000 0.010000 0.010000
0 0.254395 0.900000 0.020508 0.010000
0 0.775391 0.900000 0.010000 0.010000
0 0.701904 0.900000 0.010000 0.010000
0 0.673096 0.900000 0.010000 0.010000
0 0.200439 0.900000 0.010000 0.010000
0 0.782959 0.900000 0.010000 0.010000
0 0.519287 0.900000 0.011230 0.010000
0 0.201904 0.900000 0.010000 0.010000
0 0.612549 0.900000 0.010000 0.010000
0 0.186768 0.900000 0.010000 0.010000
0 0.625000 0.900000 0.010000 0.010000
0 0.619141 0.900000 0.010000 0.010000
0 0.621582 0.900000 0.010000 0.010000
0 0.634521 0.900000 0.010000 0.010000
0 0.639648 0.900000 0.010000 0.010000
0 0.218750 0.900000 0.010000 0.010000
0 0.221680 0.900000 0.010000 0.010000
0 0.421387 0.900000 0.010000 0.010000
0 0.424072 0.900000 0.010000 0.010000
0 0.636719 0.900000 0.010000 0.010000
