1 0.500000 0.500000 0.500000 0.500000
0 0.100000 0.100000 0.010000 0.010000
0 0.100000 0.100000 0.010000 0.010000
0 0.100000 0.100000 0.010000 0.010000
0 0.525391 0.100000 0.010000 0.010000
0 0.770264 0.100000 0.010000 0.010000
0 0.812012 0.100000 0.010000 0.010000
0 0.900000 0.100000 0.010000 0.010000
0 0.361816 0.100000 0.010000 0.010000
0 0.100000 0.100000 0.010000 0.010000
0 0.900000 0.100000 0.010000 0.010000
0 0.565674 0.100000 0.010000 0.010000
0 0.200928 0.100000 0.010000 0.010000
0 0.194580 0.100000 0.010000 0.010000
0 0.602539 0.100000 0.010000 0.010000
0 0.676758 0.100000 0.010000 0.010000
0 0.855957 0.100000 0.010000 0.010000
0 0.232178 0.100000 0.010000 0.010000
0 0.411865 0.100000 0.010000 0.010000
0 0.100000 0.100000 0.010000 0.010000
0 0.809570 0.100000 0.010000 0.010000
0 0.324951 0.100000 0.010000 0.010000
0 0.900000 0.100000 0.010000 0.010000
0 0.720947 0.100000 0.020996 0.041667
0 0.100000 0.100000 0.010000 0.010000
0 0.434326 0.100000 0.010000 0.010000
0 0.713867 0.100000 0.010000 0.010000
0 0.698975 0.100000 0.010000 0.010000
0 0.100000 0.100000 0.010000 0.010000
0 0.100000 0.100000 0.010000 0.010000
0 0.242676 0.100000 0.010000 0.010000
0 0.228760 0.101237 0.010000 0.010000
0 0.900000 0.100586 0.010000 0.010000
0 0.138428 0.112305 0.010000 0.010000
0 0.900000 0.110677 0.010000 0.010000
0 0.100000 0.111003 0.010000 0.010000
0 0.900000 0.110352 0.010000 0.010000
0 0.900000 0.112630 0.010000 0.010000
0 0.509277 0.117188 0.010000 0.010000
0 0.540283 0.118815 0.010000 0.010000
0 0.716797 0.120443 0.010000 0.010000
0 0.852295 0.128255 0.010000 0.010000
0 0.857666 0.125000 0.010000 0.010000
0 0.857666 0.128581 0.010000 0.010000
0 0.800049 0.131185 0.010000 0.010000
0 0.310303 0.130859 0.010000 0.010000
0 0.536865 0.132812 0.010000 0.010000
0 0.729980 0.130859 0.010000 0.010000
0 0.767822 0.134766 0.010000 0.010000
0 0.536133 0.143229 0.010000 0.010000
0 0.625488 0.148438 0.010000 0.010417
0 0.569580 0.150391 0.010000 0.010000
0 0.738281 0.154622 0.010000 0.010000
0 0.527832 0.155924 0.010000 0.010000
0 0.555176 0.159505 0.010000 0.010000
0 0.900000 0.158854 0.010000 0.010000
0 0.900000 0.166992 0.010000 0.010000
0 0.549316 0.166992 0.010000 0.010000
0 0.583252 0.176758 0.010000 0.010000
0 0.762451 0.175456 0.010000 0.010000
0 0.480713 0.177734 0.010000 0.010000
0 0.871338 0.181315 0.010000 0.010000
0 0.714355 0.184896 0.010000 0.010000
0 0.100000 0.185547 0.010000 0.010000
0 0.491455 0.189453 0.010000 0.010000
0 0.486572 0.191406 0.010000 0.010000
0 0.624023 0.190755 0.010000 0.010000
0 0.782715 0.199870 0.010000 0.010000
0 0.387451 0.202148 0.010000 0.010000
0 0.615234 0.208008 0.010000 0.010000
0 0.617188 0.209310 0.010000 0.010000
0 0.199951 0.213867 0.012207 0.013672
0 0.618652 0.211914 0.010000 0.010000
0 0.328369 0.216797 0.010000 0.010000
0 0.607178 0.218750 0.010000 0.010000
0 0.608398 0.218424 0.010000 0.010000
0 0.700684 0.221354 0.010000 0.010000
0 0.542969 0.225260 0.010000 0.010000
0 0.615967 0.228190 0.010000 0.010000
0 0.447754 0.233073 0.010000 0.010000
0 0.616699 0.234375 0.010000 0.010000
0 0.367920 0.239258 0.010000 0.010000
0 0.900000 0.241211 0.010000 0.010000
0 0.900000 0.239909 0.010000 0.010000
0 0.178955 0.241862 0.010000 0.010000
0 0.311279 0.243164 0.010000 0.010000
0 0.803711 0.247070 0.010000 0.010000
0 0.270264 0.261719 0.011230 0.013021
0 0.484619 0.258789 0.010000 0.010000
0 0.100000 0.261719 0.010000 0.010000
0 0.679688 0.263021 0.010000 0.010000
0 0.569580 0.264974 0.010000 0.010000
0 0.900000 0.263021 0.010000 0.010000
0 0.280273 0.269857 0.010742 0.013672
0 0.900000 0.266927 0.010000 0.010000
0 0.149658 0.268880 0.010000 0.010000
0 0.675537 0.272786 0.010000 0.010000
0 0.489990 0.280599 0.010000 0.010000
0 0.164551 0.283854 0.010000 0.010000
0 0.279297 0.281901 0.010000 0.010000
0 0.204834 0.309570 0.042480 0.054036
0 0.731445 0.290690 0.010000 0.010000
0 0.167725 0.293294 0.010000 0.010000
0 0.545898 0.296549 0.010000 0.010000
0 0.127930 0.296549 0.010000 0.010000
0 0.551758 0.300456 0.010000 0.010000
0 0.486328 0.307943 0.010000 0.010000
0 0.474854 0.309570 0.010000 0.010000
0 0.386963 0.315755 0.010000 0.010000
0 0.781006 0.318359 0.010254 0.014323
0 0.818848 0.313151 0.010000 0.010000
0 0.490234 0.316732 0.010000 0.010000
0 0.370605 0.318034 0.010000 0.010000
0 0.443604 0.322917 0.011230 0.011719
0 0.850342 0.322266 0.010000 0.010000
0 0.394287 0.325521 0.010000 0.010000
0 0.639648 0.328451 0.010000 0.010000
0 0.858154 0.331055 0.010000 0.010000
0 0.892822 0.333659 0.010000 0.010000
0 0.451660 0.344401 0.011719 0.019531
0 0.850830 0.337240 0.010000 0.010000
0 0.441162 0.344727 0.010000 0.010000
0 0.441650 0.347005 0.010000 0.010000
0 0.260986 0.347982 0.010000 0.010000
0 0.544189 0.348633 0.010000 0.010000
0 0.699219 0.350586 0.010000 0.010000
0 0.900000 0.358073 0.010000 0.010000
0 0.261230 0.361654 0.010000 0.010000
0 0.900000 0.363932 0.010000 0.010000
0 0.900000 0.364583 0.010000 0.010000
0 0.900000 0.366536 0.010000 0.010000
0 0.860352 0.370768 0.010000 0.011068
0 0.900000 0.367188 0.010000 0.010000
0 0.900000 0.370768 0.010000 0.010000
0 0.868164 0.375977 0.010000 0.010000
0 0.670166 0.381836 0.010000 0.010000
0 0.478271 0.399414 0.019043 0.030599
0 0.481689 0.387370 0.010000 0.010000
0 0.494629 0.386068 0.010000 0.010000
0 0.100000 0.388997 0.010000 0.010000
0 0.564697 0.392253 0.010000 0.010000
0 0.730225 0.394531 0.010000 0.010000
0 0.572510 0.404622 0.015137 0.020182
0 0.590576 0.402344 0.010000 0.010417
0 0.734131 0.400391 0.010000 0.010000
0 0.594971 0.405273 0.010000 0.010000
0 0.600830 0.407227 0.010000 0.010000
0 0.603516 0.409180 0.010000 0.010000
0 0.100000 0.412760 0.010000 0.010000
0 0.674316 0.412435 0.010000 0.010000
0 0.882812 0.415365 0.010000 0.010000
0 0.100000 0.420247 0.010000 0.010000
0 0.702637 0.418620 0.010000 0.010000
0 0.476807 0.422201 0.010000 0.010000
0 0.900000 0.423503 0.010000 0.010000
0 0.690430 0.426107 0.010000 0.010000
0 0.762695 0.426432 0.010000 0.010000
0 0.838135 0.425456 0.010000 0.010000
0 0.431885 0.431641 0.010000 0.010000
0 0.830322 0.432292 0.010000 0.010000
0 0.731201 0.441732 0.019043 0.017578
0 0.740723 0.435221 0.010000 0.010000
0 0.828857 0.435221 0.010000 0.010000
0 0.731445 0.441406 0.014648 0.013021
0 0.821533 0.440430 0.010000 0.010000
0 0.827881 0.439779 0.010000 0.010000
0 0.827881 0.437500 0.010000 0.010000
0 0.446045 0.439128 0.010000 0.010000
0 0.656738 0.444661 0.010000 0.010417
0 0.731201 0.440755 0.010000 0.010000
0 0.836914 0.443034 0.010000 0.010000
0 0.482910 0.442383 0.010000 0.010000
0 0.834961 0.443034 0.010000 0.010000
0 0.832764 0.445312 0.010000 0.010000
0 0.580322 0.448893 0.010000 0.010000
0 0.617920 0.451172 0.010254 0.011719
0 0.660156 0.446615 0.010000 0.010000
0 0.661621 0.449870 0.010000 0.010000
0 0.900000 0.450195 0.010000 0.010000
0 0.831299 0.451497 0.010000 0.010000
0 0.836670 0.451497 0.010000 0.010000
0 0.583740 0.451497 0.010000 0.010000
0 0.592041 0.456706 0.010254 0.010000
0 0.661377 0.452799 0.010000 0.010000
0 0.702881 0.452474 0.010000 0.010000
0 0.338623 0.454753 0.010000 0.010000
0 0.530762 0.454753 0.010000 0.010000
0 0.598145 0.455404 0.010000 0.010000
0 0.740967 0.454753 0.010000 0.010000
0 0.601562 0.459961 0.010000 0.010000
0 0.750732 0.458008 0.010000 0.010000
0 0.740479 0.460286 0.010000 0.010000
0 0.393799 0.464844 0.010000 0.010000
0 0.507080 0.464844 0.010000 0.010000
0 0.100000 0.467448 0.010000 0.010000
0 0.503906 0.469401 0.010000 0.010000
0 0.713379 0.467122 0.010000 0.010000
0 0.506836 0.469076 0.010000 0.010000
0 0.900000 0.475260 0.010000 0.010000
0 0.653320 0.479818 0.010000 0.010000
0 0.802246 0.493164 0.020508 0.027995
0 0.285156 0.487956 0.010000 0.011068
0 0.652588 0.482747 0.010000 0.010000
0 0.756348 0.486654 0.010000 0.010000
0 0.415039 0.492839 0.010000 0.014323
0 0.458740 0.490234 0.010000 0.010000
0 0.465820 0.496419 0.010000 0.010000
0 0.900000 0.501628 0.010000 0.010000
0 0.880371 0.501628 0.010000 0.010000
0 0.812256 0.506185 0.010000 0.010000
0 0.814941 0.505208 0.010000 0.010000
0 0.813232 0.508138 0.010000 0.010000
0 0.810547 0.508789 0.010000 0.010000
0 0.111328 0.520833 0.010000 0.010000
0 0.125977 0.522786 0.010000 0.010000
0 0.609863 0.526042 0.010000 0.010000
0 0.199707 0.527344 0.010000 0.010000
0 0.123291 0.528320 0.010000 0.010000
0 0.193848 0.529948 0.010000 0.010000
0 0.535645 0.533203 0.010000 0.010000
0 0.852539 0.534180 0.010000 0.010000
0 0.145508 0.546875 0.016602 0.026042
0 0.746582 0.536784 0.010000 0.010000
0 0.862793 0.537435 0.010000 0.010000
0 0.175781 0.538737 0.010000 0.010000
0 0.148926 0.540690 0.010000 0.010000
0 0.743408 0.540039 0.010000 0.010000
0 0.900000 0.541341 0.010000 0.010000
0 0.813721 0.543945 0.010000 0.010000
0 0.100000 0.547201 0.010000 0.010000
0 0.503906 0.547201 0.010000 0.010000
0 0.877686 0.548828 0.010000 0.010000
0 0.154541 0.549805 0.010000 0.010000
0 0.425293 0.553385 0.010000 0.010000
0 0.100000 0.560872 0.010000 0.010000
0 0.158203 0.562174 0.010000 0.010000
0 0.782471 0.563151 0.010000 0.010000
0 0.585205 0.566406 0.010000 0.010000
0 0.750977 0.565755 0.010000 0.010000
0 0.897461 0.570638 0.011719 0.013672
0 0.675781 0.569010 0.010000 0.010000
0 0.749756 0.568685 0.010000 0.010000
0 0.584961 0.571615 0.010000 0.010000
0 0.606445 0.575521 0.010000 0.010000
0 0.187500 0.579753 0.010000 0.010000
0 0.682129 0.578776 0.010000 0.010000
0 0.900000 0.577474 0.010000 0.010000
0 0.648926 0.580404 0.010000 0.010000
0 0.633301 0.589518 0.018555 0.020182
0 0.855469 0.582031 0.010000 0.010000
0 0.591064 0.583008 0.010000 0.010000
0 0.100000 0.584635 0.010000 0.010000
0 0.607666 0.589518 0.019043 0.014974
0 0.675537 0.585612 0.010000 0.010000
0 0.375732 0.590169 0.010000 0.010000
0 0.317383 0.593750 0.010000 0.010000
0 0.365723 0.593099 0.010000 0.010000
0 0.730713 0.598633 0.010000 0.011068
0 0.735840 0.600586 0.010000 0.010000
0 0.100000 0.599609 0.010000 0.010000
0 0.100000 0.601888 0.010000 0.010000
0 0.100000 0.602865 0.010000 0.010000
0 0.100000 0.605794 0.010000 0.010000
0 0.239990 0.610352 0.010000 0.010000
0 0.100000 0.609375 0.010000 0.010000
0 0.549072 0.611654 0.010000 0.010000
0 0.100000 0.611654 0.010000 0.010000
0 0.549316 0.610677 0.010000 0.010000
0 0.671143 0.612305 0.010000 0.010000
0 0.555908 0.620117 0.016113 0.016276
0 0.899658 0.617513 0.010000 0.010000
0 0.100000 0.617839 0.010000 0.010000
0 0.838379 0.622070 0.010000 0.010000
0 0.840820 0.621419 0.010000 0.010000
0 0.118408 0.620117 0.010000 0.010000
0 0.156250 0.621419 0.010000 0.010000
0 0.540039 0.622396 0.010000 0.010000
0 0.546143 0.625000 0.010000 0.010000
0 0.266846 0.624023 0.010000 0.010000
0 0.266357 0.625326 0.010000 0.010000
0 0.548584 0.624674 0.010000 0.010000
0 0.266113 0.627930 0.011719 0.010000
0 0.266113 0.632487 0.011719 0.010000
0 0.791748 0.635417 0.010254 0.010000
0 0.265869 0.636393 0.010254 0.010000
0 0.889893 0.636393 0.010000 0.010000
0 0.884277 0.637695 0.010000 0.010000
0 0.889648 0.638672 0.010000 0.010000
0 0.441406 0.643880 0.010000 0.010000
0 0.715820 0.645833 0.010000 0.010000
0 0.823730 0.645833 0.010000 0.010000
0 0.824951 0.647461 0.010000 0.010000
0 0.293945 0.648438 0.010000 0.010000
0 0.813965 0.647461 0.010000 0.010000
0 0.826172 0.649089 0.010000 0.010000
0 0.728516 0.651367 0.010000 0.010000
0 0.730225 0.658854 0.011230 0.016927
0 0.900000 0.656250 0.010000 0.010000
0 0.209473 0.656576 0.010000 0.010000
0 0.357422 0.658529 0.010000 0.010000
0 0.211426 0.657878 0.010000 0.010000
0 0.404053 0.658203 0.010000 0.010000
0 0.424561 0.660156 0.010000 0.010000
0 0.217773 0.660482 0.010000 0.010000
0 0.261963 0.663411 0.010000 0.010000
0 0.900000 0.662109 0.010000 0.010000
0 0.261719 0.664062 0.010000 0.010000
0 0.276611 0.666016 0.010000 0.010000
0 0.772461 0.664388 0.010000 0.010000
0 0.717529 0.670573 0.010000 0.010000
0 0.845459 0.674805 0.010000 0.010000
0 0.370850 0.674154 0.010000 0.010000
0 0.792480 0.674479 0.010000 0.010000
0 0.370850 0.676107 0.010000 0.010000
0 0.572510 0.680013 0.010000 0.010000
0 0.100000 0.687826 0.010000 0.010000
0 0.302246 0.690104 0.010000 0.010000
0 0.571045 0.692383 0.010000 0.010000
0 0.388672 0.693359 0.010000 0.010000
0 0.892822 0.696615 0.010000 0.010000
0 0.892822 0.695312 0.010000 0.010000
0 0.100000 0.703125 0.010000 0.010000
0 0.635986 0.708659 0.010000 0.010000
0 0.900000 0.708333 0.010000 0.010000
0 0.100000 0.712240 0.010000 0.010000
0 0.644775 0.729492 0.010000 0.010000
0 0.644531 0.724935 0.010000 0.010000
0 0.836914 0.732747 0.010000 0.010000
0 0.351562 0.735677 0.010000 0.010000
0 0.428467 0.736654 0.010000 0.010000
0 0.731689 0.735352 0.010000 0.010000
0 0.122559 0.738607 0.010000 0.010000
0 0.526855 0.744792 0.010000 0.010000
0 0.609863 0.751953 0.011719 0.018229
0 0.703369 0.743815 0.010000 0.010000
0 0.783203 0.763672 0.010000 0.010000
0 0.455566 0.763021 0.010000 0.010000
0 0.900000 0.777344 0.015625 0.031250
0 0.746826 0.766276 0.010000 0.010000
0 0.900000 0.772786 0.017090 0.015625
0 0.798584 0.768229 0.010000 0.010000
0 0.900000 0.778646 0.010000 0.011719
0 0.100000 0.778646 0.010000 0.010000
0 0.900000 0.776693 0.010000 0.010000
0 0.100000 0.777669 0.010000 0.010000
0 0.100000 0.784180 0.011719 0.013672
0 0.612793 0.778646 0.010000 0.010000
0 0.900000 0.778971 0.010000 0.010000
0 0.900000 0.780273 0.010000 0.010000
0 0.100000 0.785156 0.010000 0.010417
0 0.799316 0.787109 0.010000 0.010000
0 0.100000 0.790039 0.010000 0.010000
0 0.806396 0.789388 0.010000 0.010000
0 0.495117 0.803711 0.019531 0.026693
0 0.512695 0.792643 0.010000 0.010000
0 0.483398 0.794271 0.010000 0.010000
0 0.497803 0.793620 0.010000 0.010000
0 0.100000 0.796549 0.010000 0.010000
0 0.504639 0.807943 0.010000 0.010000
0 0.835693 0.824870 0.010000 0.010000
0 0.747559 0.834310 0.011719 0.017578
0 0.900000 0.826823 0.010000 0.010000
0 0.123535 0.837891 0.010000 0.010000
0 0.809082 0.843750 0.010000 0.010000
0 0.514893 0.846354 0.010000 0.010000
0 0.808838 0.850586 0.010000 0.013672
0 0.100000 0.852865 0.010000 0.010000
0 0.553711 0.859049 0.010000 0.010000
0 0.228271 0.879883 0.010000 0.010000
0 0.888916 0.889648 0.010000 0.012370
0 0.318115 0.884766 0.010000 0.010000
0 0.764404 0.898763 0.019043 0.029297
0 0.100000 0.893229 0.010000 0.011719
0 0.100000 0.890625 0.010000 0.010000
0 0.100000 0.892578 0.010000 0.010000
0 0.892090 0.896159 0.011719 0.011068
0 0.100000 0.896484 0.010000 0.010000
0 0.656982 0.898438 0.010000 0.010000
0 0.893555 0.900000 0.010000 0.018880
0 0.838623 0.900000 0.010000 0.010000
0 0.893799 0.900000 0.010000 0.011068
0 0.522705 0.900000 0.010000 0.010000
0 0.464355 0.900000 0.010000 0.010000
0 0.190918 0.900000 0.010000 0.010000
0 0.591309 0.900000 0.010742 0.010000
0 0.100000 0.900000 0.010000 0.011719
0 0.777344 0.900000 0.010000 0.010000
0 0.773193 0.900000 0.020996 0.021484
0 0.900000 0.900000 0.010000 0.010000
0 0.900000 0.900000 0.010000 0.010000
0 0.621338 0.900000 0.010000 0.010000
0 0.762451 0.900000 0.010000 0.010000
0 0.900000 0.900000 0.010000 0.010000
0 0.900000 0.900000 0.012207 0.018880
0 0.900000 0.900000 0.010000 0.010000
0 0.616455 0.900000 0.010000 0.010000
0 0.835449 0.900000 0.010000 0.010000
0 0.285400 0.900000 0.010000 0.010000
0 0.546143 0.900000 0.010000 0.010000
0 0.900000 0.900000 0.010000 0.010000
0 0.293457 0.900000 0.010000 0.010000
0 0.629395 0.900000 0.010000 0.010000
0 0.656494 0.900000 0.010000 0.010000
0 0.834229 0.900000 0.010000 0.010000
0 0.900000 0.900000 0.010000 0.010000
0 0.900000 0.900000 0.010000 0.014323
0 0.496582 0.900000 0.010000 0.010000
0 0.819580 0.900000 0.010000 0.010000
0 0.818604 0.900000 0.010000 0.010000
0 0.298340 0.900000 0.010000 0.010000
0 0.593018 0.900000 0.010000 0.010000
0 0.737305 0.900000 0.010000 0.010000
0 0.900000 0.900000 0.010000 0.010000
0 0.278320 0.900000 0.010000 0.010000
0 0.278320 0.900000 0.010000 0.010000
0 0.611084 0.900000 0.010000 0.010000
0 0.615967 0.900000 0.010000 0.010000
0 0.900000 0.900000 0.010000 0.010000
0 0.183838 0.900000 0.010000 0.010000
0 0.457764 0.900000 0.010000 0.010000
0 0.151611 0.900000 0.010000 0.010000
0 0.741211 0.900000 0.010000 0.010000
0 0.891357 0.900000 0.010000 0.010000
0 0.316406 0.900000 0.010000 0.010000
0 0.100000 0.900000 0.010000 0.010000
0 0.889648 0.900000 0.010000 0.010000
0 0.900000 0.900000 0.010000 0.010000
