1 0.500000 0.500000 0.500000 0.500000
0 0.625977 0.100000 0.010000 0.010000
0 0.100000 0.100000 0.010000 0.010000
0 0.134521 0.100000 0.010000 0.010000
0 0.503418 0.100000 0.010000 0.010000
0 0.462402 0.100000 0.010000 0.010000
0 0.298584 0.100000 0.010000 0.010000
0 0.305908 0.100000 0.010000 0.010000
0 0.177246 0.100000 0.010000 0.010000
0 0.100000 0.100000 0.010000 0.010000
0 0.900000 0.100000 0.010000 0.010000
0 0.309814 0.100000 0.010000 0.010000
0 0.481934 0.100000 0.010000 0.010000
0 0.286133 0.100000 0.010000 0.010000
0 0.327148 0.100000 0.010000 0.010000
0 0.634033 0.100000 0.010000 0.010000
0 0.900000 0.100000 0.010000 0.010000
0 0.179688 0.100000 0.010000 0.010000
0 0.580811 0.100000 0.010000 0.010000
0 0.141602 0.100000 0.010000 0.010000
0 0.670166 0.100000 0.010000 0.010000
0 0.556396 0.107747 0.010000 0.010000
0 0.100000 0.111979 0.010000 0.011719
0 0.100000 0.111003 0.010000 0.010000
0 0.100000 0.119792 0.010000 0.010000
0 0.290771 0.122070 0.010000 0.010000
0 0.297607 0.129883 0.010000 0.010000
0 0.603027 0.137370 0.010000 0.010000
0 0.208740 0.140951 0.010000 0.010000
0 0.829346 0.145508 0.016113 0.012370
0 0.661133 0.149089 0.010000 0.010000
0 0.720703 0.151693 0.010000 0.010000
0 0.100000 0.156901 0.010000 0.010000
0 0.100000 0.160482 0.010000 0.010000
0 0.122803 0.162435 0.010000 0.010000
0 0.500244 0.166341 0.010000 0.010000
0 0.216553 0.168945 0.010000 0.010000
0 0.900000 0.177409 0.010000 0.010000
0 0.767822 0.175781 0.010000 0.010000
0 0.336670 0.180339 0.010000 0.010000
0 0.100000 0.188802 0.010000 0.010000
0 0.420898 0.190755 0.010000 0.010000
0 0.900000 0.190104 0.010000 0.010000
0 0.198975 0.192057 0.010000 0.010000
0 0.191895 0.194987 0.010000 0.010000
0 0.830811 0.195964 0.010000 0.010000
0 0.737549 0.198568 0.010000 0.010000
0 0.100000 0.205078 0.010000 0.010000
0 0.150879 0.210286 0.010000 0.010000
0 0.579834 0.211263 0.010000 0.010000
0 0.617432 0.215820 0.010000 0.010000
0 0.100000 0.216146 0.010000 0.010000
0 0.100000 0.222005 0.010000 0.010000
0 0.229736 0.221354 0.010000 0.010000
0 0.432861 0.225911 0.010000 0.010000
0 0.618164 0.225586 0.010000 0.010000
0 0.677490 0.248698 0.053223 0.048177
0 0.850830 0.228516 0.010000 0.010000
0 0.647461 0.238281 0.010742 0.016927
0 0.602783 0.233398 0.010000 0.010000
0 0.423340 0.238281 0.010000 0.010000
0 0.100000 0.250977 0.010000 0.010000
0 0.210449 0.250651 0.010000 0.010000
0 0.348877 0.259766 0.010000 0.010000
0 0.100000 0.268555 0.010000 0.010000
0 0.575684 0.269206 0.010000 0.010000
0 0.411377 0.271810 0.010000 0.010000
0 0.510742 0.289714 0.010000 0.010000
0 0.826660 0.293620 0.010000 0.010000
0 0.817871 0.293945 0.010000 0.010000
0 0.900000 0.303060 0.010000 0.010000
0 0.100000 0.303060 0.010000 0.010000
0 0.516113 0.302409 0.010000 0.010000
0 0.525146 0.307617 0.021973 0.013672
0 0.666016 0.318034 0.036133 0.029297
0 0.515625 0.309570 0.010000 0.010000
0 0.103516 0.310221 0.010000 0.010000
0 0.512939 0.312174 0.010000 0.010000
0 0.756348 0.312500 0.010000 0.010000
0 0.758301 0.313802 0.010000 0.010000
0 0.770508 0.314128 0.010000 0.010000
0 0.594238 0.327474 0.017578 0.018229
0 0.329102 0.330404 0.010000 0.010000
0 0.100000 0.337565 0.010000 0.010000
0 0.282715 0.337891 0.010000 0.010000
0 0.100000 0.340820 0.012207 0.010000
0 0.102539 0.339518 0.010000 0.010000
0 0.142578 0.341797 0.010000 0.010000
0 0.180664 0.348958 0.010000 0.010000
0 0.100000 0.358073 0.010000 0.010000
0 0.300781 0.380534 0.010000 0.010000
0 0.218506 0.383789 0.010000 0.010000
0 0.789795 0.385417 0.010000 0.010000
0 0.900000 0.394857 0.010000 0.010000
0 0.477539 0.398763 0.010000 0.010000
0 0.115967 0.406250 0.010000 0.010000
0 0.776611 0.407552 0.010000 0.010000
0 0.100000 0.427083 0.010000 0.010000
0 0.204590 0.426107 0.010000 0.010000
0 0.179932 0.427734 0.010000 0.010000
0 0.267822 0.430013 0.010000 0.010000
0 0.427490 0.430990 0.010254 0.010000
0 0.188477 0.435547 0.010000 0.010000
0 0.227539 0.435547 0.010000 0.010000
0 0.100000 0.439453 0.010000 0.010000
0 0.900000 0.441406 0.010000 0.010000
0 0.568359 0.443359 0.010000 0.010000
0 0.571533 0.442708 0.010000 0.010000
0 0.693115 0.446615 0.010000 0.010000
0 0.868896 0.447266 0.010000 0.010000
0 0.836182 0.454102 0.010000 0.010000
0 0.713379 0.459635 0.010000 0.010000
0 0.100000 0.465820 0.010000 0.010000
0 0.521484 0.470378 0.010000 0.010000
0 0.843262 0.473307 0.010000 0.010000
0 0.191895 0.476562 0.010000 0.010000
0 0.705322 0.478190 0.010000 0.010000
0 0.752930 0.479492 0.010000 0.010000
0 0.650879 0.478516 0.010000 0.010000
0 0.490723 0.486654 0.010000 0.011068
0 0.162842 0.487305 0.010000 0.010000
0 0.860107 0.486979 0.010000 0.010000
0 0.489990 0.488281 0.010000 0.010000
0 0.406006 0.487630 0.010000 0.010000
0 0.419922 0.492839 0.010000 0.010000
0 0.100000 0.495117 0.010000 0.010000
0 0.418213 0.495768 0.010000 0.010000
0 0.760742 0.501953 0.010000 0.010000
0 0.900000 0.500326 0.010000 0.010000
0 0.510986 0.504557 0.010000 0.010000
0 0.900000 0.507487 0.010000 0.010000
0 0.100000 0.508138 0.010000 0.010000
0 0.543457 0.508138 0.010000 0.010000
0 0.422119 0.511719 0.010000 0.010000
0 0.419678 0.518880 0.010000 0.015625
0 0.333740 0.515299 0.010000 0.010000
0 0.572021 0.515625 0.010000 0.010000
0 0.576660 0.516276 0.010000 0.010000
0 0.546875 0.516276 0.010000 0.010000
0 0.459473 0.527344 0.010000 0.011719
0 0.459717 0.523763 0.010000 0.010000
0 0.100000 0.526042 0.010000 0.010000
0 0.578857 0.525065 0.010000 0.010000
0 0.798096 0.525065 0.010000 0.010000
0 0.454590 0.528320 0.010000 0.010000
0 0.455811 0.529297 0.010000 0.010000
0 0.768555 0.527995 0.010000 0.010000
0 0.900000 0.538737 0.010000 0.010000
0 0.900000 0.540365 0.010000 0.010000
0 0.100000 0.539714 0.010000 0.010000
0 0.105957 0.541992 0.010000 0.010000
0 0.172363 0.546224 0.010000 0.010000
0 0.756348 0.547852 0.010000 0.010000
0 0.480957 0.550130 0.010000 0.010000
0 0.581055 0.554362 0.010000 0.010000
0 0.309814 0.553385 0.010000 0.010000
0 0.587402 0.555013 0.010000 0.010000
0 0.118164 0.554362 0.010000 0.010000
0 0.591553 0.553711 0.010000 0.010000
0 0.589600 0.557943 0.010000 0.010000
0 0.900000 0.559570 0.010000 0.010000
0 0.388184 0.568034 0.010000 0.010000
0 0.231934 0.586263 0.010000 0.010000
0 0.900000 0.588542 0.010000 0.010000
0 0.446777 0.599284 0.010000 0.010000
0 0.578857 0.600260 0.010000 0.010000
0 0.679443 0.604167 0.010000 0.010000
0 0.900000 0.602865 0.010000 0.010000
0 0.100000 0.611979 0.010000 0.010000
0 0.236816 0.622396 0.010000 0.010000
0 0.900000 0.626953 0.010000 0.010000
0 0.754395 0.634766 0.010000 0.010000
0 0.122559 0.637044 0.010000 0.010000
0 0.142822 0.642578 0.010000 0.010000
0 0.133057 0.645508 0.010000 0.010000
0 0.126465 0.648112 0.010000 0.010000
0 0.501709 0.653971 0.010000 0.010000
0 0.100000 0.662435 0.010000 0.010000
0 0.621338 0.665039 0.010000 0.010000
0 0.503418 0.675130 0.010000 0.010000
0 0.838379 0.682292 0.010000 0.010000
0 0.602295 0.691081 0.010000 0.010000
0 0.380371 0.694987 0.010000 0.010000
0 0.884277 0.695312 0.010000 0.010000
0 0.900000 0.696289 0.010000 0.010000
0 0.371338 0.705078 0.010000 0.010000
0 0.372559 0.705404 0.010000 0.010000
0 0.362305 0.708984 0.010000 0.010000
0 0.363525 0.708008 0.010000 0.010000
0 0.361816 0.712240 0.010000 0.010000
0 0.370117 0.715495 0.010000 0.010417
0 0.100000 0.719727 0.010000 0.010000
0 0.266357 0.744141 0.039551 0.040365
0 0.801514 0.727539 0.010000 0.010000
0 0.256836 0.732747 0.012695 0.010000
0 0.334717 0.734375 0.010000 0.010000
0 0.100000 0.734049 0.010000 0.010000
0 0.100000 0.733724 0.010000 0.010000
0 0.254639 0.733073 0.010000 0.010000
0 0.240234 0.734375 0.010000 0.010000
0 0.397705 0.738281 0.010000 0.010000
0 0.100000 0.743815 0.010000 0.010000
0 0.276855 0.747721 0.010000 0.010000
0 0.148193 0.754232 0.010000 0.010000
0 0.900000 0.756510 0.010000 0.010000
0 0.468750 0.762695 0.010000 0.010000
0 0.283691 0.762695 0.010000 0.010000
0 0.100000 0.769857 0.010000 0.010000
0 0.348877 0.767904 0.010000 0.010000
0 0.900000 0.769857 0.010000 0.010000
0 0.100000 0.775391 0.010000 0.010000
0 0.474609 0.776367 0.010000 0.010000
0 0.572754 0.788737 0.010000 0.010000
0 0.801270 0.790690 0.010000 0.010000
0 0.100000 0.793945 0.010000 0.010000
0 0.551514 0.800456 0.010000 0.010000
0 0.100000 0.808919 0.010000 0.010000
0 0.764160 0.808594 0.010000 0.010000
0 0.879883 0.810221 0.010000 0.010000
0 0.590576 0.819010 0.010000 0.010000
0 0.239746 0.821615 0.010000 0.010000
0 0.494873 0.823893 0.010000 0.010000
0 0.100000 0.833008 0.010000 0.018880
0 0.100000 0.828776 0.010000 0.010000
0 0.376953 0.830404 0.010000 0.010000
0 0.735840 0.832682 0.010000 0.010000
0 0.345215 0.834635 0.010000 0.010000
0 0.479004 0.836914 0.010000 0.010000
0 0.100000 0.846680 0.010000 0.018880
0 0.100000 0.849935 0.010000 0.010000
0 0.147461 0.849935 0.010000 0.010000
0 0.572266 0.848958 0.010000 0.010000
0 0.746094 0.847656 0.010000 0.010000
0 0.100000 0.850911 0.010000 0.010000
0 0.100000 0.848958 0.010000 0.010000
0 0.465332 0.850586 0.010000 0.010000
0 0.100000 0.852865 0.010000 0.010000
0 0.517334 0.850586 0.010000 0.010000
0 0.190918 0.852539 0.010000 0.010000
0 0.219971 0.860352 0.010000 0.010000
0 0.900000 0.864258 0.010000 0.010000
0 0.181641 0.867513 0.010000 0.010000
0 0.697021 0.875651 0.010000 0.010000
0 0.227783 0.876953 0.010000 0.010000
0 0.397461 0.882161 0.010000 0.010000
0 0.533447 0.889323 0.010000 0.010000
0 0.103516 0.897786 0.010000 0.010000
0 0.271240 0.900000 0.010000 0.010000
0 0.841064 0.900000 0.010000 0.010000
0 0.836426 0.900000 0.010000 0.010000
0 0.187988 0.900000 0.010000 0.010000
0 0.816650 0.900000 0.010000 0.010000
0 0.551025 0.900000 0.010000 0.010000
0 0.846191 0.900000 0.010000 0.010000
0 0.381104 0.900000 0.010000 0.010000
0 0.100000 0.900000 0.010000 0.010000
0 0.188721 0.900000 0.010000 0.010000
0 0.900000 0.900000 0.010000 0.010000
0 0.155762 0.900000 0.010000 0.010000
0 0.446045 0.900000 0.010000 0.010000
0 0.632080 0.900000 0.010000 0.010000
0 0.157959 0.900000 0.010000 0.010000
0 0.873779 0.900000 0.010000 0.010000
0 0.743652 0.900000 0.010000 0.010000
0 0.900000 0.900000 0.010000 0.010000
0 0.606445 0.900000 0.010000 0.010000
0 0.159424 0.900000 0.010000 0.010000
0 0.559814 0.900000 0.010000 0.010000
0 0.420898 0.900000 0.010000 0.010000
0 0.154297 0.900000 0.010000 0.010000
0 0.100000 0.900000 0.010000 0.010000
0 0.709717 0.900000 0.010000 0.010000
0 0.186035 0.900000 0.010000 0.010000
0 0.383789 0.900000 0.010000 0.010000
0 0.900000 0.900000 0.010000 0.010000
0 0.900000 0.900000 0.010000 0.010000
0 0.493896 0.900000 0.010000 0.010000
0 0.100000 0.900000 0.014160 0.010000
0 0.101562 0.900000 0.010000 0.010000
0 0.100000 0.900000 0.010000 0.010000
0 0.140381 0.900000 0.010000 0.010000
0 0.355957 0.900000 0.010000 0.010000
0 0.100000 0.900000 0.010000 0.010000
0 0.100000 0.900000 0.010000 0.010000
0 0.100000 0.900000 0.010000 0.010000
0 0.900000 0.900000 0.010000 0.010000
0 0.160645 0.900000 0.010000 0.010000
