1 0.500000 0.500000 0.500000 0.500000
0 0.100000 0.100000 0.010000 0.010000
0 0.217285 0.100000 0.010000 0.010000
0 0.900000 0.100000 0.010000 0.010000
0 0.531006 0.100000 0.010000 0.010000
0 0.900000 0.100000 0.010000 0.010000
0 0.900000 0.100000 0.010000 0.010000
0 0.635498 0.100000 0.010000 0.010000
0 0.272705 0.100000 0.010000 0.010000
0 0.606445 0.100000 0.010000 0.010000
0 0.548584 0.100000 0.010000 0.010000
0 0.158447 0.100000 0.010000 0.010000
0 0.100000 0.100000 0.010000 0.010000
0 0.383057 0.100000 0.010000 0.010000
0 0.703857 0.100000 0.010000 0.010000
0 0.900000 0.100000 0.010000 0.010000
0 0.788574 0.100000 0.010000 0.010000
0 0.762695 0.100000 0.010000 0.010000
0 0.217529 0.100000 0.010000 0.010000
0 0.123047 0.100000 0.010000 0.010000
0 0.512451 0.100000 0.010000 0.010000
0 0.591553 0.100000 0.010000 0.010000
0 0.100000 0.100000 0.010000 0.010000
0 0.240234 0.100000 0.010000 0.010000
0 0.292725 0.100000 0.010000 0.010000
0 0.855469 0.100000 0.010000 0.010000
0 0.119385 0.100000 0.010000 0.010000
0 0.692871 0.100000 0.010000 0.010000
0 0.260254 0.100000 0.010000 0.010000
0 0.660645 0.100000 0.010000 0.010000
0 0.869141 0.100000 0.010000 0.010000
0 0.148682 0.100000 0.010000 0.010000
0 0.100000 0.100000 0.010000 0.010000
0 0.195068 0.100000 0.010000 0.010000
0 0.752686 0.100000 0.010000 0.010000
0 0.900000 0.100000 0.010000 0.010000
0 0.412354 0.100000 0.010000 0.010000
0 0.900000 0.100000 0.010000 0.010000
0 0.145264 0.100000 0.010000 0.010000
0 0.163818 0.100000 0.010000 0.010000
0 0.427490 0.100000 0.010000 0.010000
0 0.591064 0.100000 0.010000 0.010000
0 0.622803 0.100000 0.010000 0.010000
0 0.293701 0.100000 0.010000 0.010000
0 0.699951 0.100000 0.010000 0.010000
0 0.747070 0.100000 0.010000 0.010000
0 0.544189 0.100000 0.010000 0.010000
0 0.481934 0.100000 0.010000 0.010000
0 0.100000 0.100000 0.010000 0.010000
0 0.180664 0.100000 0.010000 0.010000
0 0.536133 0.100000 0.010000 0.010000
0 0.539307 0.100000 0.010000 0.010000
0 0.100000 0.102539 0.010000 0.010000
0 0.535889 0.101562 0.011230 0.010000
0 0.820801 0.102865 0.010000 0.010000
0 0.900000 0.101888 0.010000 0.010000
0 0.539307 0.106445 0.010000 0.010000
0 0.285645 0.110026 0.010000 0.010000
0 0.147705 0.108398 0.010000 0.010000
0 0.603516 0.113932 0.010000 0.010000
0 0.900000 0.116862 0.010000 0.010000
0 0.100000 0.119792 0.010000 0.010000
0 0.168213 0.125977 0.010000 0.010000
0 0.450195 0.125651 0.010000 0.010000
0 0.121826 0.126628 0.010000 0.010000
0 0.739990 0.134440 0.010000 0.010000
0 0.900000 0.136719 0.010000 0.010000
0 0.338867 0.137695 0.010000 0.010000
0 0.511963 0.141276 0.010000 0.010000
0 0.260010 0.143555 0.010000 0.010000
0 0.113037 0.146159 0.010000 0.010000
0 0.165283 0.149414 0.010000 0.010000
0 0.857178 0.152344 0.011230 0.010000
0 0.354248 0.157878 0.010000 0.010000
0 0.876953 0.156901 0.010000 0.010000
0 0.900000 0.160807 0.010000 0.010000
0 0.526855 0.161458 0.010000 0.010000
0 0.759033 0.160807 0.010000 0.010000
0 0.133545 0.168945 0.010000 0.010000
0 0.793701 0.176432 0.010000 0.010000
0 0.163086 0.176107 0.010000 0.010000
0 0.200684 0.177083 0.010000 0.010000
0 0.565186 0.179688 0.010000 0.010000
0 0.100000 0.179362 0.010000 0.010000
0 0.900000 0.179036 0.010000 0.010000
0 0.812012 0.183268 0.010000 0.010000
0 0.900000 0.183268 0.010000 0.010000
0 0.278076 0.185547 0.010000 0.010000
0 0.492188 0.185221 0.010000 0.010000
0 0.838379 0.186523 0.010000 0.010000
0 0.327637 0.189453 0.010000 0.010000
0 0.856934 0.190104 0.010000 0.010000
0 0.893311 0.194336 0.010000 0.010000
0 0.900000 0.197266 0.010254 0.010000
0 0.413330 0.200846 0.010000 0.010000
0 0.602051 0.202148 0.010000 0.010000
0 0.728027 0.201823 0.010000 0.010000
0 0.699219 0.204753 0.010000 0.010000
0 0.679688 0.205078 0.010000 0.010000
0 0.718262 0.207357 0.010000 0.010000
0 0.265381 0.208659 0.010000 0.010000
0 0.547119 0.208333 0.010000 0.010000
0 0.580566 0.210612 0.010000 0.010000
0 0.100000 0.211589 0.010000 0.010000
0 0.900000 0.214193 0.010000 0.010000
0 0.313965 0.217122 0.010000 0.010000
0 0.100000 0.217122 0.010000 0.010000
0 0.900000 0.216797 0.010000 0.010000
0 0.337158 0.220052 0.010000 0.010000
0 0.561523 0.221354 0.010000 0.010000
0 0.211670 0.224609 0.010000 0.010000
0 0.613281 0.225911 0.010742 0.010000
0 0.843994 0.225586 0.010000 0.010000
0 0.534180 0.228516 0.010000 0.010000
0 0.393555 0.239583 0.010000 0.010000
0 0.752686 0.239909 0.010000 0.010000
0 0.173584 0.247721 0.010000 0.010000
0 0.897705 0.247721 0.010000 0.010000
0 0.530029 0.249674 0.010000 0.010000
0 0.858398 0.250326 0.010000 0.010000
0 0.379639 0.257487 0.010000 0.010000
0 0.630859 0.257487 0.010000 0.010000
0 0.813965 0.269857 0.010000 0.010000
0 0.100000 0.273763 0.010000 0.010000
0 0.531738 0.277344 0.010000 0.010000
0 0.100000 0.277344 0.010000 0.010000
0 0.900000 0.282878 0.010000 0.010000
0 0.737549 0.283854 0.010000 0.010000
0 0.900000 0.285482 0.010000 0.010000
0 0.900000 0.288086 0.010000 0.010000
0 0.625000 0.289062 0.010000 0.010000
0 0.143799 0.287109 0.010000 0.010000
0 0.866211 0.290039 0.010000 0.010000
0 0.217041 0.291016 0.010000 0.010000
0 0.371338 0.292643 0.010000 0.010000
0 0.100000 0.291667 0.010000 0.010000
0 0.255615 0.293294 0.010000 0.010000
0 0.473633 0.294922 0.010000 0.010000
0 0.573730 0.295573 0.010000 0.010000
0 0.328857 0.296224 0.010000 0.010000
0 0.735840 0.299805 0.010000 0.010000
0 0.802246 0.316732 0.010000 0.010000
0 0.210693 0.315104 0.010000 0.010000
0 0.900000 0.318034 0.010000 0.010000
0 0.900000 0.319336 0.010000 0.010000
0 0.575439 0.320964 0.010000 0.010000
0 0.622559 0.323242 0.012695 0.010000
0 0.827637 0.323242 0.010000 0.010000
0 0.345947 0.325195 0.010000 0.010000
0 0.360352 0.333659 0.010000 0.010000
0 0.100000 0.335286 0.010000 0.010000
0 0.776123 0.342122 0.010000 0.010000
0 0.422363 0.341471 0.010000 0.010000
0 0.835449 0.341471 0.010000 0.010000
0 0.900000 0.355794 0.010000 0.010000
0 0.900000 0.355794 0.010000 0.010000
0 0.869873 0.358073 0.010000 0.010000
0 0.890869 0.359375 0.010000 0.010000
0 0.679932 0.359701 0.010000 0.010000
0 0.100000 0.361654 0.010000 0.010000
0 0.664795 0.361328 0.010000 0.010000
0 0.134521 0.366862 0.010000 0.010000
0 0.100000 0.370443 0.010000 0.010000
0 0.247314 0.380859 0.010254 0.013021
0 0.761230 0.377604 0.010000 0.010000
0 0.237061 0.377279 0.010000 0.010000
0 0.702637 0.394857 0.010000 0.010000
0 0.148438 0.396484 0.010000 0.010000
0 0.469482 0.399740 0.010000 0.010000
0 0.875977 0.399414 0.010000 0.010000
0 0.466309 0.401042 0.010000 0.010000
0 0.860107 0.400716 0.010000 0.010000
0 0.324951 0.405599 0.010000 0.010000
0 0.695801 0.410807 0.010000 0.010000
0 0.764648 0.410156 0.010000 0.010000
0 0.694580 0.413086 0.010000 0.010000
0 0.340088 0.414714 0.010000 0.010000
0 0.478516 0.421875 0.010000 0.010000
0 0.575684 0.421549 0.010000 0.010000
0 0.100000 0.422526 0.010000 0.010000
0 0.100000 0.428711 0.010000 0.010000
0 0.554443 0.426107 0.010000 0.010000
0 0.100000 0.434896 0.010000 0.010000
0 0.156250 0.434570 0.010000 0.010000
0 0.152100 0.437500 0.010000 0.010000
0 0.900000 0.456380 0.010000 0.010000
0 0.137695 0.458984 0.010000 0.010000
0 0.869873 0.483724 0.017090 0.054688
0 0.835693 0.462891 0.010000 0.010000
0 0.753174 0.491211 0.010000 0.012370
0 0.852539 0.485677 0.010000 0.010000
0 0.758057 0.496745 0.010000 0.010000
0 0.123535 0.504557 0.010000 0.010000
0 0.100000 0.510742 0.010000 0.010000
0 0.254883 0.514648 0.010000 0.010000
0 0.508301 0.516276 0.010000 0.010000
0 0.527588 0.526042 0.010000 0.010000
0 0.529541 0.525716 0.010000 0.010000
0 0.751465 0.530273 0.016602 0.012370
0 0.758789 0.533854 0.010000 0.010000
0 0.100000 0.533854 0.010000 0.010000
0 0.623047 0.538411 0.010000 0.010000
0 0.633301 0.542643 0.010000 0.010000
0 0.126709 0.548828 0.010000 0.010000
0 0.338379 0.550130 0.010000 0.010000
0 0.385254 0.552734 0.010000 0.010000
0 0.100000 0.578125 0.010000 0.010000
0 0.217773 0.585286 0.010000 0.010000
0 0.165039 0.588216 0.010000 0.010000
0 0.900000 0.588867 0.010000 0.010000
0 0.183105 0.594727 0.010000 0.010000
0 0.132568 0.603841 0.010000 0.010000
0 0.271973 0.600911 0.010000 0.010000
0 0.610107 0.615234 0.010000 0.011719
0 0.613281 0.614583 0.010000 0.010000
0 0.608887 0.615885 0.010000 0.010000
0 0.900000 0.618815 0.010000 0.010000
0 0.613525 0.620117 0.010000 0.010000
0 0.231934 0.623372 0.010000 0.010000
0 0.543213 0.630859 0.012207 0.010417
0 0.531738 0.628906 0.010000 0.010000
0 0.466064 0.631510 0.010000 0.010000
0 0.460693 0.630208 0.010000 0.010000
0 0.458252 0.633138 0.014160 0.010000
0 0.519531 0.638021 0.035156 0.016927
0 0.446777 0.634766 0.010742 0.010000
0 0.774414 0.635091 0.010000 0.010000
0 0.900000 0.636068 0.010000 0.010000
0 0.479004 0.641927 0.010000 0.010000
0 0.797119 0.656576 0.010000 0.010000
0 0.393066 0.673177 0.017578 0.020833
0 0.402588 0.666992 0.010000 0.010000
0 0.587158 0.672201 0.010000 0.010000
0 0.406250 0.672852 0.010000 0.010000
0 0.769043 0.693685 0.010000 0.010000
0 0.827637 0.694010 0.010000 0.010000
0 0.520020 0.695964 0.010000 0.010000
0 0.817627 0.700521 0.010000 0.010000
0 0.273682 0.703451 0.010000 0.010000
0 0.447998 0.702148 0.010000 0.010000
0 0.897217 0.705078 0.010000 0.010000
0 0.469971 0.720052 0.010000 0.010000
0 0.551025 0.723633 0.010000 0.010000
0 0.719727 0.728190 0.010000 0.010000
0 0.721436 0.727865 0.010000 0.010000
0 0.740723 0.736328 0.010000 0.010000
0 0.100000 0.749349 0.010000 0.010000
0 0.329102 0.750977 0.010000 0.010000
0 0.328369 0.753906 0.010000 0.010000
0 0.890869 0.756185 0.010000 0.010000
0 0.459717 0.767904 0.010000 0.010000
0 0.554443 0.773763 0.010000 0.010000
0 0.900000 0.776693 0.010000 0.010000
0 0.437988 0.778971 0.010000 0.010000
0 0.450439 0.789714 0.010000 0.010000
0 0.626221 0.789388 0.010000 0.010000
0 0.633789 0.791016 0.010000 0.010000
0 0.734131 0.818685 0.041504 0.057943
0 0.258545 0.797526 0.010000 0.010000
0 0.747070 0.801758 0.010000 0.010000
0 0.618164 0.804036 0.010000 0.010000
0 0.900000 0.805339 0.010000 0.010000
0 0.900000 0.807292 0.010000 0.010000
0 0.287109 0.808919 0.010000 0.010000
0 0.292480 0.810221 0.010000 0.010000
0 0.291016 0.811849 0.010000 0.010000
0 0.748779 0.813802 0.010000 0.010000
0 0.887451 0.813151 0.010000 0.010000
0 0.681641 0.834961 0.028320 0.042318
0 0.754150 0.817383 0.010000 0.010000
0 0.871826 0.818685 0.010000 0.010000
0 0.720703 0.826497 0.013672 0.014974
0 0.100000 0.821940 0.010000 0.010000
0 0.520508 0.833659 0.010000 0.010000
0 0.370361 0.838542 0.010000 0.010000
0 0.369873 0.843424 0.010000 0.010000
0 0.608154 0.843424 0.010000 0.010000
0 0.257812 0.876628 0.037109 0.055339
0 0.417969 0.853516 0.010000 0.010000
0 0.891357 0.857096 0.010000 0.010000
0 0.267578 0.863607 0.010000 0.010000
0 0.216797 0.868490 0.010000 0.010000
0 0.269531 0.874023 0.010000 0.012370
0 0.900000 0.883464 0.010000 0.010000
0 0.900000 0.886719 0.010000 0.010000
0 0.900000 0.890951 0.010000 0.010000
0 0.477539 0.900000 0.010000 0.010000
0 0.491699 0.898112 0.010000 0.010000
0 0.138184 0.900000 0.010000 0.010000
0 0.145508 0.900000 0.010000 0.010000
0 0.146484 0.900000 0.010000 0.010000
0 0.131104 0.900000 0.010000 0.010000
0 0.149170 0.900000 0.010000 0.010000
0 0.163818 0.900000 0.010000 0.010000
0 0.900000 0.900000 0.010000 0.010000
0 0.137695 0.900000 0.010000 0.010417
0 0.876709 0.900000 0.010000 0.010000
0 0.526123 0.900000 0.010000 0.010417
0 0.529541 0.900000 0.010000 0.010000
0 0.530518 0.900000 0.010000 0.010000
0 0.900000 0.900000 0.010000 0.010000
0 0.532471 0.900000 0.010000 0.010000
0 0.100000 0.900000 0.010000 0.010000
0 0.522949 0.900000 0.010000 0.010000
0 0.146240 0.900000 0.010000 0.010000
0 0.147461 0.900000 0.010000 0.010000
0 0.304199 0.900000 0.010000 0.010000
0 0.100000 0.900000 0.010000 0.010000
0 0.900000 0.900000 0.010000 0.010000
0 0.769531 0.900000 0.010000 0.010000
0 0.838379 0.900000 0.010000 0.010000
0 0.883301 0.900000 0.010000 0.010000
0 0.583740 0.900000 0.010000 0.010000
0 0.580322 0.900000 0.010000 0.010000
0 0.900000 0.900000 0.010000 0.010000
0 0.578857 0.900000 0.010000 0.010000
0 0.900000 0.900000 0.010000 0.010000
0 0.682617 0.900000 0.010000 0.010000
0 0.620117 0.900000 0.034180 0.011068
0 0.900000 0.900000 0.010000 0.010000
0 0.260254 0.900000 0.010000 0.010000
0 0.799561 0.900000 0.010000 0.010000
0 0.819824 0.900000 0.010000 0.010000
