0 0.100000 0.100000 0.010000 0.010000
0 0.100000 0.100000 0.010000 0.010000
0 0.100000 0.100000 0.010000 0.010000
1 0.500000 0.500000 0.500000 0.500000
0 0.351074 0.100000 0.010000 0.010000
0 0.900000 0.100000 0.010000 0.010000
0 0.900000 0.100000 0.010000 0.010000
0 0.184082 0.100000 0.010000 0.010000
0 0.894287 0.100000 0.010000 0.010000
0 0.900000 0.100000 0.010000 0.010000
0 0.256592 0.100000 0.010000 0.010000
0 0.896484 0.100000 0.010000 0.011068
0 0.466797 0.100000 0.010000 0.010000
0 0.567871 0.100000 0.010000 0.010000
0 0.756836 0.100000 0.016602 0.040365
0 0.838623 0.100000 0.010000 0.010000
0 0.566895 0.100000 0.010000 0.010000
0 0.570557 0.100000 0.010000 0.010000
0 0.682373 0.100000 0.010000 0.010000
0 0.679199 0.100000 0.010000 0.010000
0 0.676514 0.100000 0.010000 0.010000
0 0.675293 0.100000 0.010000 0.010000
0 0.626221 0.100000 0.011230 0.014974
0 0.673340 0.100000 0.010000 0.010000
0 0.767822 0.100000 0.010000 0.010000
0 0.694092 0.100000 0.010000 0.010000
0 0.166748 0.100000 0.010000 0.010000
0 0.774902 0.100000 0.010000 0.010000
0 0.776367 0.100000 0.010000 0.010000
0 0.190430 0.100000 0.010000 0.010000
0 0.229736 0.100000 0.010000 0.010000
0 0.562500 0.100000 0.010000 0.010000
0 0.709229 0.100000 0.010000 0.010000
0 0.561279 0.100000 0.010000 0.010000
0 0.156982 0.100000 0.010000 0.010000
0 0.485352 0.100000 0.010000 0.010000
0 0.527832 0.100000 0.010000 0.010000
0 0.203613 0.100000 0.010000 0.010000
0 0.421387 0.100000 0.010000 0.010000
0 0.792480 0.100000 0.010000 0.010000
0 0.791016 0.100000 0.010000 0.010000
0 0.682373 0.102214 0.010254 0.013021
0 0.461182 0.100000 0.010000 0.010000
0 0.900000 0.100000 0.010000 0.010000
0 0.654541 0.105143 0.010000 0.010000
0 0.862549 0.105794 0.010000 0.010000
0 0.651367 0.107747 0.010000 0.010000
0 0.690430 0.109375 0.010000 0.010000
0 0.900000 0.114258 0.010000 0.010000
0 0.899902 0.114909 0.010000 0.010000
0 0.134033 0.120117 0.010000 0.010000
0 0.900000 0.118164 0.010000 0.010000
0 0.650879 0.121745 0.010000 0.010000
0 0.521729 0.126953 0.010254 0.010000
0 0.100000 0.130859 0.010000 0.010000
0 0.149170 0.133464 0.010000 0.010000
0 0.629150 0.142253 0.015137 0.021484
0 0.709961 0.144857 0.020508 0.026693
0 0.100000 0.134766 0.010000 0.010000
0 0.900000 0.138997 0.010000 0.010000
0 0.636230 0.147135 0.010000 0.010000
0 0.779297 0.150065 0.010000 0.010000
0 0.649414 0.151042 0.010000 0.010000
0 0.779053 0.155273 0.010000 0.010000
0 0.234619 0.156576 0.010000 0.010000
0 0.687500 0.166016 0.023438 0.022135
0 0.291504 0.162109 0.010000 0.010000
0 0.100000 0.169596 0.010000 0.010000
0 0.218262 0.176107 0.010000 0.010000
0 0.168701 0.177409 0.010000 0.010000
0 0.279541 0.182943 0.010000 0.010000
0 0.280762 0.184570 0.010000 0.010000
0 0.135254 0.185547 0.010000 0.010000
0 0.568604 0.194987 0.010000 0.010000
0 0.572021 0.195964 0.010000 0.010000
0 0.900000 0.199219 0.015137 0.011719
0 0.900000 0.202148 0.010000 0.010000
0 0.861816 0.209961 0.010742 0.013672
0 0.779785 0.215495 0.010000 0.010000
0 0.778320 0.217122 0.010000 0.010000
0 0.658447 0.220378 0.010000 0.010000
0 0.661865 0.224284 0.010000 0.010000
0 0.537598 0.224609 0.010000 0.010000
0 0.833984 0.223633 0.010000 0.010000
0 0.797852 0.226562 0.010000 0.010000
0 0.491211 0.227865 0.010000 0.010000
0 0.695068 0.229167 0.010000 0.010000
0 0.780273 0.233073 0.010000 0.010000
0 0.100000 0.234701 0.010000 0.010000
0 0.738281 0.234701 0.010000 0.010000
0 0.783447 0.234049 0.010000 0.010000
0 0.542480 0.236654 0.010000 0.010000
0 0.741699 0.235677 0.010000 0.010000
0 0.737061 0.245768 0.010000 0.018880
0 0.573242 0.238607 0.010000 0.010000
0 0.712158 0.241862 0.010000 0.010000
0 0.100000 0.240885 0.010000 0.010000
0 0.649658 0.244141 0.010000 0.010000
0 0.347656 0.252604 0.010000 0.010000
0 0.346191 0.255859 0.010000 0.010000
0 0.337891 0.259115 0.018555 0.013021
0 0.339600 0.259766 0.010000 0.010000
0 0.741699 0.261393 0.010000 0.010000
0 0.900000 0.263021 0.010000 0.010000
0 0.575195 0.267253 0.010000 0.010000
0 0.867920 0.265625 0.010000 0.010000
0 0.100000 0.278971 0.010000 0.010000
0 0.229004 0.276367 0.010000 0.010000
0 0.230957 0.276693 0.010000 0.010000
0 0.535889 0.284180 0.010000 0.010000
0 0.662598 0.298177 0.012695 0.029948
0 0.100000 0.289714 0.010000 0.010000
0 0.604248 0.307943 0.025879 0.040365
0 0.613525 0.296875 0.010254 0.014323
0 0.100000 0.291667 0.010000 0.010000
0 0.100000 0.295573 0.010000 0.010000
0 0.792969 0.294271 0.010000 0.010000
0 0.512451 0.296875 0.010000 0.010000
0 0.584717 0.297201 0.010000 0.010000
0 0.243896 0.298503 0.010000 0.010000
0 0.440674 0.305664 0.010000 0.010000
0 0.424561 0.314453 0.010000 0.010000
0 0.292480 0.317383 0.010000 0.010000
0 0.879639 0.316732 0.010000 0.010000
0 0.230713 0.318359 0.010000 0.010000
0 0.121094 0.321615 0.010000 0.010000
0 0.228271 0.322591 0.010000 0.010000
0 0.611816 0.325521 0.010000 0.010000
0 0.301758 0.331380 0.010000 0.010000
0 0.900000 0.337565 0.010000 0.010000
0 0.900000 0.339193 0.010000 0.010000
0 0.900000 0.341797 0.010000 0.010000
0 0.900000 0.342448 0.010000 0.010000
0 0.900000 0.356120 0.010254 0.010000
0 0.401123 0.365885 0.014160 0.023438
0 0.900000 0.360352 0.010000 0.010000
0 0.900000 0.361003 0.010000 0.010000
0 0.378906 0.367513 0.010000 0.010000
0 0.900000 0.366862 0.010000 0.010000
0 0.900000 0.373372 0.010000 0.012370
0 0.900000 0.371094 0.010000 0.010000
0 0.379883 0.373047 0.010000 0.010000
0 0.480469 0.375326 0.010000 0.010000
0 0.444092 0.375651 0.010000 0.010000
0 0.100000 0.380208 0.010000 0.010000
0 0.316406 0.392578 0.010000 0.022135
0 0.325928 0.383789 0.010000 0.010000
0 0.330811 0.389648 0.010000 0.013672
0 0.330322 0.390625 0.010000 0.011719
0 0.321533 0.392253 0.010000 0.011068
0 0.329590 0.392578 0.010000 0.010417
0 0.100000 0.396159 0.010000 0.010000
0 0.120361 0.397135 0.010000 0.010000
0 0.893066 0.395508 0.010000 0.010000
0 0.211426 0.407878 0.010000 0.010000
0 0.100000 0.413411 0.010000 0.010000
0 0.100000 0.415365 0.010000 0.010000
0 0.461670 0.415039 0.010000 0.010000
0 0.677979 0.417318 0.010000 0.010000
0 0.100000 0.418945 0.010000 0.010000
0 0.588867 0.417643 0.010000 0.010000
0 0.656006 0.419922 0.010000 0.010000
0 0.421631 0.422201 0.010000 0.010000
0 0.100000 0.422852 0.010000 0.010000
0 0.461426 0.429362 0.010000 0.010000
0 0.592529 0.430339 0.010000 0.010000
0 0.529053 0.431966 0.010000 0.010000
0 0.644531 0.430339 0.010000 0.010000
0 0.792236 0.435547 0.010000 0.010417
0 0.639648 0.432292 0.010000 0.010000
0 0.224121 0.459310 0.010000 0.010000
0 0.212158 0.460938 0.010000 0.010000
0 0.314209 0.464518 0.010000 0.010000
0 0.780029 0.465169 0.010000 0.010000
0 0.306885 0.472982 0.010000 0.010000
0 0.247070 0.473633 0.010000 0.010000
0 0.614258 0.472982 0.010000 0.010000
0 0.160645 0.485026 0.010000 0.010417
0 0.160889 0.481771 0.010000 0.010000
0 0.702148 0.496745 0.017578 0.024740
0 0.632568 0.486979 0.010000 0.010000
0 0.582275 0.493815 0.010000 0.010000
0 0.638916 0.489909 0.010000 0.010000
0 0.480713 0.497721 0.012207 0.013672
0 0.858398 0.493490 0.010000 0.010000
0 0.629150 0.493815 0.010000 0.010000
0 0.655762 0.494792 0.010000 0.010000
0 0.100000 0.496419 0.010000 0.010000
0 0.608887 0.499023 0.010000 0.010000
0 0.483887 0.498698 0.010000 0.010000
0 0.635498 0.499023 0.010000 0.010000
0 0.618896 0.500326 0.010000 0.010000
0 0.158447 0.506510 0.010000 0.010417
0 0.749023 0.503581 0.010000 0.010000
0 0.622070 0.509766 0.010000 0.010000
0 0.802490 0.514323 0.010000 0.010000
0 0.618164 0.517904 0.010000 0.010000
0 0.798828 0.518555 0.010000 0.010000
0 0.447754 0.522135 0.010000 0.010000
0 0.890137 0.540039 0.010000 0.010000
0 0.861572 0.540690 0.010000 0.010000
0 0.580078 0.558594 0.010000 0.010000
0 0.273926 0.560221 0.010000 0.010000
0 0.553223 0.565430 0.010000 0.010000
0 0.556641 0.566732 0.010000 0.010000
0 0.375977 0.569336 0.010000 0.010000
0 0.470459 0.573568 0.010000 0.010000
0 0.100000 0.583333 0.010000 0.010000
0 0.608154 0.588867 0.010000 0.010000
0 0.602295 0.589518 0.010000 0.010000
0 0.683350 0.592122 0.010000 0.010000
0 0.605713 0.593750 0.010000 0.010000
0 0.375000 0.593099 0.010000 0.010000
0 0.635498 0.595703 0.010000 0.010000
0 0.900000 0.598633 0.010000 0.010000
0 0.100000 0.597005 0.010000 0.010000
0 0.594238 0.612630 0.010742 0.023438
0 0.610596 0.605469 0.010000 0.010000
0 0.735107 0.616862 0.016113 0.024089
0 0.737305 0.617513 0.010000 0.018880
0 0.163330 0.612956 0.010000 0.010000
0 0.592529 0.615560 0.010000 0.012370
0 0.497314 0.611979 0.010000 0.010000
0 0.830811 0.619141 0.011230 0.015625
0 0.435059 0.622070 0.010000 0.012370
0 0.581299 0.621094 0.010000 0.010000
0 0.688477 0.628581 0.010000 0.010000
0 0.729980 0.627604 0.010000 0.010000
0 0.388428 0.631510 0.010000 0.010000
0 0.726807 0.632812 0.010000 0.010000
0 0.386475 0.633464 0.010000 0.010000
0 0.384033 0.635742 0.010000 0.010000
0 0.133057 0.637370 0.010000 0.010000
0 0.235107 0.638997 0.010000 0.010000
0 0.581055 0.646159 0.010000 0.010000
0 0.216064 0.646810 0.010000 0.010000
0 0.216797 0.648763 0.010000 0.010000
0 0.865234 0.647786 0.010000 0.010000
0 0.333496 0.648438 0.010000 0.010000
0 0.535400 0.649414 0.010000 0.010000
0 0.580566 0.652344 0.010000 0.010000
0 0.152344 0.665039 0.010000 0.010000
0 0.398682 0.673828 0.010000 0.010417
0 0.233154 0.670898 0.010000 0.010000
0 0.235596 0.679688 0.010000 0.010417
0 0.241211 0.678711 0.010000 0.010000
0 0.324707 0.684245 0.010000 0.010000
0 0.595947 0.690104 0.010000 0.010000
0 0.599121 0.690430 0.010000 0.010000
0 0.887695 0.693685 0.010000 0.010000
0 0.187256 0.702799 0.010000 0.010000
0 0.191895 0.709310 0.010000 0.010000
0 0.420898 0.710286 0.010000 0.010000
0 0.641113 0.713216 0.010000 0.010000
0 0.130371 0.721680 0.010000 0.010000
0 0.463623 0.725911 0.010000 0.010000
0 0.820801 0.737630 0.010000 0.010000
0 0.833496 0.745443 0.016602 0.019531
0 0.822021 0.741211 0.010000 0.010000
0 0.232178 0.746094 0.010000 0.010000
0 0.818604 0.751628 0.010000 0.013672
0 0.830322 0.750651 0.010000 0.010000
0 0.814453 0.752604 0.010000 0.010000
0 0.856689 0.751302 0.010000 0.010000
0 0.633789 0.753581 0.010000 0.010000
0 0.353760 0.754232 0.010000 0.010000
0 0.633057 0.761393 0.010254 0.011068
0 0.729004 0.756836 0.010000 0.010000
0 0.540771 0.761719 0.010000 0.010000
0 0.872559 0.778646 0.040039 0.033854
0 0.900000 0.770182 0.010742 0.013021
0 0.900000 0.771159 0.010000 0.010000
0 0.900000 0.772461 0.010000 0.010000
0 0.126953 0.772135 0.010000 0.010000
0 0.685547 0.775065 0.010000 0.010000
0 0.861572 0.772786 0.010000 0.010000
0 0.893066 0.773112 0.010000 0.010000
0 0.538818 0.777018 0.010000 0.010000
0 0.687988 0.775065 0.010000 0.010000
0 0.100000 0.777018 0.010000 0.010000
0 0.525146 0.779948 0.010000 0.010000
0 0.534424 0.779948 0.010000 0.010000
0 0.851074 0.777669 0.010000 0.010000
0 0.530029 0.779948 0.010000 0.010000
0 0.900000 0.785156 0.010000 0.010000
0 0.300293 0.785156 0.010000 0.010000
0 0.611572 0.799154 0.012207 0.016276
0 0.151367 0.793945 0.010000 0.010000
0 0.857178 0.800130 0.010000 0.010000
0 0.611328 0.802409 0.010000 0.010000
0 0.400635 0.803711 0.010000 0.010000
0 0.611084 0.803060 0.010000 0.010000
0 0.423584 0.803385 0.010000 0.010000
0 0.429199 0.806966 0.010000 0.010000
0 0.100000 0.808594 0.010000 0.010000
0 0.100000 0.812826 0.010000 0.010000
0 0.404541 0.813802 0.010000 0.010000
0 0.259277 0.817383 0.010000 0.010000
0 0.373535 0.816732 0.010000 0.010000
0 0.366943 0.819987 0.010000 0.010000
0 0.401611 0.818034 0.010000 0.010000
0 0.453369 0.819661 0.010000 0.010000
0 0.334717 0.843099 0.010000 0.010000
0 0.544189 0.857096 0.025879 0.013672
0 0.209961 0.855794 0.010000 0.010000
0 0.548096 0.863932 0.010000 0.010000
0 0.769287 0.870443 0.010000 0.010000
0 0.100000 0.872070 0.010000 0.010000
0 0.695801 0.876953 0.010000 0.010000
0 0.100000 0.874349 0.010000 0.010000
0 0.697021 0.875977 0.010000 0.010000
0 0.100000 0.878581 0.010000 0.010000
0 0.792969 0.887695 0.010000 0.010000
0 0.692871 0.889974 0.010000 0.010000
0 0.693848 0.892578 0.010000 0.010000
0 0.217041 0.900000 0.033691 0.037109
0 0.233154 0.900000 0.010000 0.010000
0 0.900000 0.900000 0.014160 0.023438
0 0.900000 0.900000 0.010000 0.010000
0 0.772949 0.900000 0.010000 0.010000
0 0.100000 0.900000 0.010000 0.010417
0 0.900000 0.900000 0.010000 0.010000
0 0.162109 0.900000 0.010000 0.010000
0 0.807129 0.900000 0.010000 0.010000
0 0.455322 0.900000 0.010000 0.010000
0 0.748779 0.900000 0.010000 0.010000
0 0.751465 0.900000 0.010000 0.010000
0 0.482178 0.900000 0.010000 0.010000
0 0.688232 0.900000 0.010000 0.010000
0 0.811523 0.900000 0.010000 0.010000
0 0.672363 0.900000 0.010000 0.010000
0 0.458252 0.900000 0.010000 0.010000
0 0.807373 0.900000 0.010000 0.010000
0 0.622559 0.900000 0.010000 0.010000
0 0.458496 0.900000 0.010000 0.010000
0 0.887939 0.900000 0.010000 0.010000
0 0.395020 0.900000 0.010000 0.010000
0 0.418213 0.900000 0.010000 0.010000
