1 0.500000 0.500000 0.500000 0.500000
0 0.251709 0.100000 0.010000 0.010000
0 0.875977 0.100000 0.010000 0.010000
0 0.621338 0.100000 0.010000 0.010000
0 0.104492 0.100000 0.010000 0.010000
0 0.100000 0.100000 0.010000 0.010000
0 0.408691 0.100000 0.010000 0.010000
0 0.738281 0.100000 0.010000 0.010000
0 0.271973 0.100000 0.010000 0.010000
0 0.701172 0.100000 0.010000 0.010000
0 0.461182 0.100000 0.010000 0.010000
0 0.505859 0.100000 0.010000 0.010000
0 0.900000 0.100000 0.010000 0.010000
0 0.711182 0.100000 0.010254 0.010000
0 0.784912 0.100000 0.010000 0.010000
0 0.900000 0.100000 0.010000 0.010000
0 0.587402 0.100000 0.010000 0.010000
0 0.762939 0.100000 0.010000 0.010000
0 0.707275 0.100000 0.010000 0.010000
0 0.687256 0.100000 0.010000 0.010000
0 0.152832 0.100000 0.010000 0.010000
0 0.175781 0.100000 0.010000 0.010000
0 0.126953 0.100586 0.013672 0.010000
0 0.741943 0.100000 0.010000 0.010000
0 0.100000 0.104492 0.010000 0.010000
0 0.675781 0.105143 0.010000 0.010000
0 0.333252 0.111328 0.010000 0.010000
0 0.437012 0.116211 0.010000 0.010000
0 0.806641 0.115885 0.010000 0.010000
0 0.403809 0.138672 0.010000 0.010000
0 0.892090 0.139323 0.010000 0.010000
0 0.100000 0.141602 0.010000 0.010000
0 0.399902 0.140299 0.010000 0.010000
0 0.262695 0.146159 0.010000 0.010000
0 0.598877 0.156576 0.022949 0.016276
0 0.585693 0.169271 0.022949 0.027344
0 0.212402 0.162109 0.010000 0.010000
0 0.609619 0.164714 0.010000 0.010000
0 0.120117 0.166341 0.010000 0.010000
0 0.754150 0.174805 0.010000 0.010000
0 0.900000 0.178711 0.010000 0.010000
0 0.658203 0.182943 0.010000 0.010000
0 0.663818 0.188151 0.010000 0.010000
0 0.900000 0.189453 0.010000 0.010000
0 0.900000 0.191081 0.010000 0.010000
0 0.251953 0.194987 0.010000 0.010000
0 0.795410 0.195638 0.010000 0.010000
0 0.804443 0.198893 0.010000 0.010000
0 0.100000 0.210286 0.010000 0.010000
0 0.431885 0.220378 0.010000 0.010000
0 0.837891 0.220052 0.010000 0.010000
0 0.271484 0.238932 0.010000 0.010000
0 0.133545 0.255208 0.010000 0.010000
0 0.886475 0.258789 0.010000 0.010000
0 0.110596 0.264974 0.010000 0.010000
0 0.343506 0.265625 0.010000 0.010000
0 0.327881 0.269206 0.010000 0.010000
0 0.100000 0.275716 0.010000 0.010000
0 0.100000 0.281901 0.010000 0.010000
0 0.900000 0.281250 0.010000 0.010000
0 0.323486 0.283203 0.010000 0.010000
0 0.715820 0.286133 0.010000 0.010000
0 0.418457 0.288737 0.010000 0.010000
0 0.113525 0.291016 0.010000 0.010000
0 0.900000 0.296875 0.010000 0.010000
0 0.900000 0.296549 0.010000 0.010000
0 0.167969 0.295247 0.010000 0.010000
0 0.284180 0.302734 0.010000 0.010000
0 0.797363 0.302734 0.010000 0.010000
0 0.892822 0.301107 0.010000 0.010000
0 0.100000 0.312826 0.010000 0.010000
0 0.293701 0.316732 0.010000 0.010000
0 0.238281 0.319010 0.010000 0.010000
0 0.100000 0.320312 0.010000 0.010000
0 0.889648 0.319987 0.010000 0.010000
0 0.900000 0.322917 0.010000 0.010000
0 0.756104 0.326823 0.010000 0.010000
0 0.900000 0.331055 0.010000 0.010000
0 0.900000 0.332031 0.010000 0.010000
0 0.333984 0.366536 0.010000 0.010000
0 0.119141 0.374674 0.010000 0.010000
0 0.131104 0.375000 0.010000 0.010000
0 0.793213 0.401693 0.035645 0.050781
0 0.206055 0.383464 0.010000 0.010000
0 0.385742 0.388672 0.020508 0.013021
0 0.525391 0.385742 0.010000 0.010000
0 0.810547 0.390625 0.010000 0.010000
0 0.100000 0.393229 0.010000 0.010000
0 0.810791 0.393880 0.010000 0.010000
0 0.118408 0.396484 0.010000 0.010000
0 0.215088 0.393880 0.010000 0.010000
0 0.812256 0.400716 0.010000 0.011068
0 0.118652 0.399414 0.010000 0.010000
0 0.900000 0.401367 0.010000 0.010000
0 0.879395 0.403320 0.010000 0.010000
0 0.900000 0.405273 0.010000 0.010000
0 0.167480 0.410482 0.015625 0.011068
0 0.874268 0.407227 0.010000 0.010000
0 0.700195 0.411458 0.013672 0.010417
0 0.100000 0.420573 0.022949 0.026042
0 0.247070 0.409831 0.010000 0.010000
0 0.100000 0.411784 0.010000 0.010000
0 0.692871 0.415039 0.010000 0.010000
0 0.900000 0.416016 0.010000 0.010000
0 0.234375 0.416992 0.010000 0.010000
0 0.167236 0.423503 0.010000 0.010000
0 0.588135 0.440104 0.025879 0.027344
0 0.192871 0.434896 0.010000 0.010000
0 0.573730 0.437174 0.010000 0.010000
0 0.100000 0.441081 0.010000 0.010000
0 0.100000 0.446615 0.010254 0.010417
0 0.882080 0.446940 0.010000 0.010000
0 0.837891 0.448893 0.010000 0.010000
0 0.744873 0.452474 0.010000 0.010000
0 0.877686 0.451823 0.010000 0.010000
0 0.375732 0.453125 0.010000 0.010000
0 0.353271 0.456055 0.010000 0.010000
0 0.359131 0.462565 0.023926 0.014974
0 0.362793 0.460612 0.010000 0.010000
0 0.712646 0.466471 0.010000 0.010000
0 0.620361 0.472982 0.010000 0.010000
0 0.202881 0.476237 0.010000 0.010000
0 0.490723 0.481771 0.010000 0.010000
0 0.489502 0.480794 0.010000 0.010000
0 0.900000 0.483073 0.010000 0.010000
0 0.193604 0.484375 0.010000 0.010000
0 0.270264 0.483724 0.010000 0.010000
0 0.494385 0.487305 0.010000 0.010000
0 0.379150 0.515299 0.018066 0.035807
0 0.508789 0.509440 0.010000 0.010000
0 0.458008 0.516276 0.010000 0.010000
0 0.460693 0.517904 0.010000 0.010000
0 0.630371 0.526367 0.010000 0.010000
0 0.174805 0.528971 0.010000 0.010000
0 0.368408 0.535156 0.010000 0.011719
0 0.296875 0.535482 0.010000 0.010000
0 0.839844 0.536458 0.010000 0.010000
0 0.156982 0.537760 0.010000 0.010000
0 0.303711 0.551758 0.010000 0.012370
0 0.414551 0.557943 0.010000 0.010000
0 0.100000 0.558919 0.010000 0.010000
0 0.378906 0.565104 0.010000 0.010000
0 0.643311 0.566081 0.010000 0.010000
0 0.100000 0.569661 0.010000 0.010000
0 0.100000 0.591146 0.010000 0.010000
0 0.900000 0.590820 0.010000 0.010000
0 0.194824 0.591797 0.010000 0.010000
0 0.899414 0.593099 0.010000 0.010000
0 0.900000 0.593424 0.010000 0.010000
0 0.100000 0.594727 0.010000 0.010000
0 0.233887 0.619141 0.018555 0.036458
0 0.295166 0.604818 0.010000 0.010000
0 0.590820 0.613607 0.010000 0.010000
0 0.287598 0.621419 0.010000 0.010000
0 0.100000 0.625000 0.010000 0.010000
0 0.100000 0.626628 0.010000 0.010000
0 0.100000 0.629232 0.010000 0.010000
0 0.900000 0.628255 0.010000 0.010000
0 0.831299 0.633464 0.010000 0.010000
0 0.854980 0.637370 0.010000 0.010000
0 0.106445 0.652669 0.010000 0.010000
0 0.578369 0.652344 0.010000 0.010000
0 0.633301 0.652669 0.010000 0.010000
0 0.534180 0.669922 0.010000 0.010000
0 0.396973 0.680013 0.013672 0.018880
0 0.785889 0.682617 0.010000 0.010000
0 0.401123 0.687500 0.010000 0.010000
0 0.334473 0.697591 0.010000 0.010000
0 0.557617 0.697917 0.010000 0.010000
0 0.860352 0.704427 0.010000 0.010000
0 0.154053 0.710938 0.010000 0.010000
0 0.832031 0.710612 0.010000 0.010000
0 0.289307 0.712891 0.010000 0.010000
0 0.900000 0.717448 0.010000 0.010000
0 0.238037 0.716146 0.010000 0.010000
0 0.617432 0.735026 0.039551 0.037760
0 0.900000 0.719727 0.010000 0.010000
0 0.134766 0.723958 0.010000 0.010000
0 0.426514 0.724609 0.010000 0.010000
0 0.508057 0.734049 0.010000 0.014974
0 0.900000 0.728841 0.010000 0.010000
0 0.215820 0.734701 0.010000 0.010000
0 0.447510 0.736003 0.010000 0.010000
0 0.682129 0.738281 0.010000 0.010000
0 0.363770 0.743815 0.010000 0.010000
0 0.445312 0.744792 0.010000 0.010000
0 0.664307 0.747070 0.010000 0.010000
0 0.505859 0.747070 0.010000 0.010000
0 0.238525 0.750000 0.010000 0.010000
0 0.100000 0.752604 0.010000 0.010000
0 0.100000 0.756836 0.010000 0.010000
0 0.465088 0.767578 0.010000 0.010000
0 0.474365 0.767904 0.010000 0.010000
0 0.201172 0.772461 0.010000 0.010000
0 0.100000 0.779297 0.010000 0.010000
0 0.591797 0.783529 0.010000 0.010000
0 0.575684 0.788086 0.010000 0.010000
0 0.128418 0.798503 0.010000 0.010000
0 0.271729 0.802083 0.010000 0.010000
0 0.784424 0.799805 0.010000 0.010000
0 0.648193 0.814453 0.010000 0.010000
0 0.900000 0.826172 0.010000 0.010000
0 0.614502 0.827799 0.010000 0.010000
0 0.183838 0.829102 0.010000 0.010000
0 0.537109 0.829102 0.010000 0.010000
0 0.863525 0.831055 0.010000 0.010000
0 0.865967 0.832031 0.010000 0.010000
0 0.868652 0.833008 0.010000 0.010000
0 0.860596 0.832031 0.010000 0.010000
0 0.870117 0.834635 0.010000 0.010000
0 0.900000 0.833008 0.010000 0.010000
0 0.872314 0.834635 0.010000 0.010000
0 0.520264 0.841797 0.010000 0.015625
0 0.875488 0.834961 0.010000 0.010000
0 0.100000 0.839193 0.010000 0.010000
0 0.515137 0.843424 0.010000 0.010000
0 0.625977 0.842448 0.010000 0.010000
0 0.313965 0.854492 0.010000 0.011068
0 0.499756 0.855143 0.010000 0.010000
0 0.100000 0.857096 0.010000 0.010000
0 0.246094 0.862305 0.010000 0.010000
0 0.228271 0.866536 0.010000 0.010000
0 0.100000 0.873047 0.010000 0.010000
0 0.900000 0.873372 0.010000 0.010000
0 0.900000 0.875000 0.010000 0.010000
0 0.143799 0.881836 0.010000 0.010000
0 0.451416 0.882812 0.010000 0.010000
0 0.477295 0.900000 0.010000 0.010000
0 0.633789 0.900000 0.010000 0.010000
0 0.886475 0.900000 0.010000 0.010000
0 0.884766 0.900000 0.010000 0.010000
0 0.370605 0.900000 0.010000 0.010000
0 0.790283 0.900000 0.010000 0.010000
0 0.789307 0.900000 0.010000 0.010000
0 0.879883 0.900000 0.010000 0.010000
0 0.296387 0.900000 0.010000 0.010000
0 0.317871 0.900000 0.010000 0.010000
0 0.587158 0.900000 0.010000 0.010000
0 0.261963 0.900000 0.010000 0.010000
0 0.484619 0.900000 0.010000 0.010000
0 0.264404 0.900000 0.010000 0.010000
0 0.842773 0.900000 0.010000 0.010000
0 0.900000 0.900000 0.010000 0.010000
0 0.785889 0.900000 0.010000 0.010000
0 0.175537 0.900000 0.010000 0.010000
0 0.342041 0.900000 0.010000 0.010000
0 0.190674 0.900000 0.019043 0.010000
0 0.100000 0.900000 0.032227 0.010000
0 0.186768 0.900000 0.010000 0.010000
0 0.339355 0.900000 0.014648 0.010000
0 0.199707 0.900000 0.010000 0.010000
0 0.278320 0.900000 0.010000 0.010000
0 0.201172 0.900000 0.010000 0.010000
0 0.273682 0.900000 0.010000 0.010000
0 0.276855 0.900000 0.010000 0.010000
0 0.178467 0.900000 0.010000 0.010000
