1 0.500000 0.500000 0.500000 0.500000
0 0.665039 0.100000 0.010000 0.010000
0 0.766846 0.100000 0.010000 0.010000
0 0.828613 0.100000 0.010000 0.010000
0 0.853760 0.100000 0.041504 0.022786
0 0.900000 0.100000 0.010000 0.010000
0 0.900000 0.100000 0.010000 0.010000
0 0.900000 0.100000 0.010000 0.010000
0 0.900000 0.100000 0.010000 0.010000
0 0.900000 0.100000 0.010000 0.010000
0 0.900000 0.100000 0.010000 0.010000
0 0.900000 0.100000 0.010000 0.010000
0 0.900000 0.100000 0.010000 0.010000
0 0.900000 0.100000 0.010000 0.024089
0 0.900000 0.100000 0.010000 0.010000
0 0.861816 0.100000 0.010000 0.010000
0 0.900000 0.100000 0.010000 0.010000
0 0.900000 0.100000 0.010000 0.010000
0 0.100000 0.100000 0.010000 0.010000
0 0.100000 0.100000 0.010000 0.010000
0 0.258057 0.100000 0.010000 0.010000
0 0.743652 0.100000 0.010000 0.010000
0 0.100000 0.100000 0.010000 0.010000
0 0.744629 0.100000 0.010000 0.010000
0 0.297119 0.100000 0.010000 0.010000
0 0.100000 0.100000 0.010000 0.010000
0 0.100000 0.100000 0.010000 0.010000
0 0.900000 0.100000 0.010000 0.010000
0 0.900000 0.100000 0.010000 0.010000
0 0.590820 0.100000 0.010000 0.010000
0 0.218262 0.100000 0.010000 0.010000
0 0.231689 0.100000 0.010254 0.014323
0 0.203613 0.100000 0.010000 0.010000
0 0.236084 0.100000 0.010000 0.010000
0 0.105713 0.104492 0.020020 0.013672
0 0.247070 0.101562 0.010000 0.010000
0 0.244141 0.103841 0.010000 0.010000
0 0.894287 0.108724 0.010000 0.010000
0 0.202881 0.109701 0.010000 0.010000
0 0.243164 0.111654 0.010000 0.010000
0 0.246582 0.112305 0.010000 0.010000
0 0.100000 0.117513 0.010000 0.012370
0 0.270996 0.113607 0.010000 0.010000
0 0.207520 0.114909 0.010000 0.010000
0 0.216797 0.116211 0.010000 0.010000
0 0.100000 0.140625 0.010000 0.010000
0 0.679199 0.145508 0.010000 0.010000
0 0.170410 0.154622 0.010000 0.010000
0 0.498779 0.159505 0.010000 0.010000
0 0.900000 0.167643 0.015625 0.014974
0 0.605225 0.167643 0.010000 0.010000
0 0.900000 0.165039 0.010000 0.010000
0 0.100000 0.177409 0.010000 0.010000
0 0.213623 0.177083 0.010000 0.010000
0 0.100000 0.181315 0.010000 0.010000
0 0.100000 0.183268 0.010000 0.010000
0 0.466064 0.200846 0.010000 0.010000
0 0.467041 0.202799 0.010000 0.010000
0 0.258057 0.204753 0.010000 0.010000
0 0.416504 0.217773 0.010000 0.010000
0 0.379639 0.218750 0.010000 0.010000
0 0.400391 0.230469 0.010000 0.010000
0 0.210205 0.255534 0.010000 0.010000
0 0.349121 0.254883 0.010000 0.010000
0 0.100000 0.257161 0.010000 0.010000
0 0.119629 0.258789 0.010000 0.010000
0 0.807617 0.262370 0.010000 0.010000
0 0.768066 0.267253 0.010000 0.010000
0 0.769775 0.268229 0.010000 0.010000
0 0.758301 0.274414 0.012695 0.013672
0 0.766846 0.269857 0.010000 0.010000
0 0.900000 0.272461 0.010000 0.010000
0 0.337402 0.282227 0.010000 0.010000
0 0.294189 0.301107 0.013184 0.012370
0 0.295410 0.299154 0.010000 0.010000
0 0.601074 0.297526 0.010000 0.010000
0 0.518799 0.299479 0.010000 0.010000
0 0.301514 0.302083 0.010000 0.010000
0 0.649414 0.304688 0.010000 0.010000
0 0.900000 0.305013 0.010000 0.010000
0 0.297852 0.318359 0.010000 0.010000
0 0.624268 0.319661 0.010000 0.010000
0 0.575439 0.321940 0.010000 0.010000
0 0.310059 0.324219 0.010000 0.010000
0 0.254395 0.343750 0.010000 0.010000
0 0.100000 0.347982 0.010000 0.010000
0 0.100000 0.352214 0.010000 0.010000
0 0.100000 0.360026 0.018555 0.018229
0 0.100000 0.361654 0.010000 0.010000
0 0.852539 0.360352 0.010000 0.010000
0 0.836182 0.364909 0.010000 0.010000
0 0.900000 0.366536 0.010000 0.010000
0 0.807373 0.370443 0.010000 0.010000
0 0.835938 0.376628 0.011719 0.012370
0 0.211426 0.373698 0.010000 0.010000
0 0.876953 0.374023 0.010000 0.010000
0 0.829346 0.376953 0.010000 0.010000
0 0.267578 0.382812 0.010000 0.010000
0 0.833984 0.380208 0.010000 0.010000
0 0.900000 0.380534 0.010000 0.010000
0 0.265625 0.386719 0.010000 0.010417
0 0.477539 0.390625 0.010000 0.010000
0 0.517822 0.389323 0.010000 0.010000
0 0.900000 0.390625 0.010000 0.010417
0 0.770752 0.388672 0.010254 0.010000
0 0.472168 0.388997 0.010000 0.010000
0 0.226318 0.391927 0.010000 0.010000
0 0.226318 0.395508 0.010000 0.010000
0 0.281738 0.399414 0.010000 0.010000
0 0.100000 0.416992 0.010000 0.010000
0 0.575439 0.423503 0.010000 0.012370
0 0.569824 0.420573 0.010000 0.010000
0 0.571289 0.421875 0.010000 0.010000
0 0.161865 0.424479 0.010000 0.010000
0 0.294189 0.434570 0.010000 0.010000
0 0.892090 0.444336 0.010000 0.010000
0 0.608643 0.451497 0.010000 0.010000
0 0.601562 0.457357 0.015625 0.011068
0 0.261963 0.454753 0.010000 0.010000
0 0.884521 0.465820 0.020996 0.016276
0 0.884277 0.465495 0.018555 0.013021
0 0.518555 0.462240 0.010000 0.010000
0 0.646973 0.464193 0.010000 0.010000
0 0.900000 0.462565 0.010000 0.010000
0 0.884766 0.465495 0.011719 0.010000
0 0.889160 0.471680 0.014648 0.010000
0 0.897949 0.469401 0.010000 0.010000
0 0.100000 0.472005 0.010000 0.010000
0 0.893555 0.477214 0.010000 0.010000
0 0.761475 0.479492 0.010000 0.010000
0 0.763672 0.478841 0.010000 0.010000
0 0.591064 0.480794 0.010000 0.010000
0 0.286865 0.485352 0.019043 0.010000
0 0.264404 0.483724 0.010000 0.010000
0 0.289307 0.484049 0.010000 0.010000
0 0.900000 0.487630 0.010000 0.010000
0 0.900000 0.495768 0.010000 0.010000
0 0.378662 0.499674 0.010000 0.010000
0 0.368896 0.501953 0.010000 0.010000
0 0.382812 0.500651 0.010000 0.010000
0 0.581055 0.507487 0.010742 0.014974
0 0.513428 0.506836 0.011230 0.010000
0 0.284668 0.503255 0.010000 0.010000
0 0.593506 0.512044 0.010000 0.011068
0 0.685547 0.510742 0.010000 0.010000
0 0.810791 0.510742 0.010000 0.010000
0 0.193115 0.513346 0.010000 0.010000
0 0.900000 0.514974 0.010000 0.010000
0 0.712646 0.522135 0.010000 0.014323
0 0.471436 0.518555 0.010000 0.010000
0 0.634033 0.526693 0.010000 0.010000
0 0.635986 0.532552 0.010000 0.018229
0 0.158936 0.530599 0.010000 0.011719
0 0.167236 0.528320 0.010254 0.010000
0 0.161621 0.529622 0.010000 0.010000
0 0.248779 0.527344 0.010000 0.010000
0 0.167480 0.529297 0.010000 0.010000
0 0.695557 0.530599 0.010000 0.010000
0 0.697266 0.531250 0.010000 0.010000
0 0.249023 0.532227 0.010000 0.010000
0 0.697754 0.534180 0.010000 0.010000
0 0.157471 0.538737 0.010000 0.010000
0 0.529297 0.537109 0.010000 0.010000
0 0.350342 0.541667 0.010000 0.010000
0 0.395020 0.545247 0.010000 0.011068
0 0.856445 0.541016 0.010000 0.010000
0 0.240479 0.541341 0.010000 0.010000
0 0.240234 0.543294 0.010000 0.010000
0 0.394775 0.544922 0.010000 0.010000
0 0.396973 0.548177 0.010000 0.010417
0 0.170166 0.546224 0.010000 0.010000
0 0.100000 0.555339 0.010000 0.010000
0 0.900000 0.557943 0.010000 0.010000
0 0.196777 0.571940 0.010000 0.013672
0 0.651611 0.585612 0.010000 0.010000
0 0.623047 0.593424 0.010000 0.010000
0 0.656250 0.598633 0.010000 0.010000
0 0.900000 0.607422 0.010000 0.010000
0 0.120361 0.612305 0.010000 0.011068
0 0.100000 0.621094 0.017578 0.014323
0 0.100000 0.615560 0.010000 0.010000
0 0.348877 0.619141 0.010000 0.010000
0 0.100000 0.623047 0.010000 0.010000
0 0.100000 0.629883 0.014160 0.017578
0 0.131104 0.628581 0.010000 0.010000
0 0.127441 0.628581 0.010000 0.010000
0 0.100000 0.633138 0.010000 0.010000
0 0.100000 0.632812 0.010000 0.010000
0 0.100000 0.633138 0.010000 0.010000
0 0.128418 0.633464 0.010000 0.010000
0 0.100000 0.641927 0.010000 0.010000
0 0.100000 0.642253 0.010000 0.010000
0 0.100000 0.643555 0.010000 0.010000
0 0.437988 0.649414 0.010000 0.010000
0 0.675049 0.666016 0.010254 0.013021
0 0.678223 0.670247 0.010000 0.010000
0 0.900000 0.669922 0.010000 0.010000
0 0.823242 0.678385 0.010000 0.010000
0 0.900000 0.684570 0.010000 0.010000
0 0.900000 0.690430 0.010000 0.010000
0 0.198242 0.708659 0.010000 0.010000
0 0.127686 0.708984 0.010000 0.010000
0 0.125488 0.710612 0.010000 0.010000
0 0.124756 0.711589 0.010000 0.010000
0 0.372559 0.730143 0.010000 0.010000
0 0.900000 0.763346 0.010000 0.010000
0 0.878418 0.763672 0.010000 0.010000
0 0.348633 0.774089 0.010000 0.010000
0 0.900000 0.775716 0.010000 0.010000
0 0.833984 0.791341 0.011719 0.022786
0 0.900000 0.783529 0.010000 0.010000
0 0.218262 0.789062 0.010000 0.010000
0 0.757080 0.792643 0.010000 0.010000
0 0.100000 0.793294 0.010000 0.010000
0 0.466797 0.797852 0.010000 0.010000
0 0.100000 0.802083 0.020020 0.010417
0 0.100000 0.800456 0.010000 0.010000
0 0.100000 0.804688 0.010000 0.010000
0 0.735352 0.806641 0.010000 0.010000
0 0.100000 0.805990 0.010000 0.010000
0 0.735596 0.806315 0.010000 0.010000
0 0.100000 0.810221 0.010000 0.010000
0 0.268066 0.813151 0.010000 0.010000
0 0.648438 0.816732 0.010000 0.010000
0 0.146973 0.819010 0.010000 0.010000
0 0.151855 0.818034 0.010000 0.010000
0 0.153320 0.819336 0.010000 0.010000
0 0.100000 0.818034 0.010000 0.010000
0 0.158936 0.819661 0.010000 0.010000
0 0.100000 0.820964 0.010000 0.010000
0 0.302490 0.827799 0.010000 0.010000
0 0.301270 0.842448 0.010000 0.010000
0 0.181641 0.844076 0.010000 0.010000
0 0.302734 0.844727 0.010000 0.010000
0 0.178223 0.847656 0.010000 0.010000
0 0.100830 0.852865 0.010000 0.010000
0 0.187256 0.852865 0.010000 0.010000
0 0.203125 0.853516 0.010000 0.010000
0 0.186768 0.860352 0.010000 0.010000
0 0.188477 0.860352 0.010000 0.010000
0 0.181885 0.862630 0.010000 0.010000
0 0.184814 0.861979 0.010000 0.010000
0 0.147217 0.867188 0.010000 0.010000
0 0.185547 0.871745 0.010000 0.010000
0 0.100000 0.882812 0.010000 0.010000
0 0.115479 0.894857 0.010000 0.016276
0 0.740234 0.889974 0.010000 0.010000
0 0.321289 0.896159 0.010000 0.010000
0 0.100000 0.900000 0.010000 0.010000
0 0.764648 0.900000 0.010000 0.010000
0 0.900000 0.900000 0.010000 0.010000
0 0.847656 0.900000 0.010000 0.010000
0 0.121094 0.900000 0.010000 0.010000
0 0.411865 0.900000 0.010000 0.010000
0 0.414551 0.900000 0.010000 0.010000
0 0.411133 0.900000 0.010000 0.010000
0 0.413330 0.900000 0.010000 0.010000
0 0.100000 0.900000 0.020508 0.026042
0 0.592529 0.900000 0.010000 0.010000
0 0.220703 0.900000 0.010000 0.010000
0 0.100000 0.900000 0.010000 0.010000
0 0.900000 0.900000 0.010000 0.010000
0 0.205811 0.900000 0.014160 0.010000
0 0.397217 0.900000 0.010000 0.010000
