1 0.500000 0.500000 0.500000 0.500000
0 0.671387 0.100000 0.010000 0.010000
0 0.900000 0.100000 0.010000 0.010000
0 0.170410 0.100000 0.010000 0.010000
0 0.430176 0.100000 0.010000 0.010000
0 0.573730 0.100000 0.010000 0.010000
0 0.147217 0.100000 0.010000 0.010000
0 0.191650 0.100000 0.010000 0.010000
0 0.287842 0.143880 0.010000 0.010000
0 0.104004 0.146484 0.010000 0.010000
0 0.320312 0.149414 0.010000 0.010000
0 0.107178 0.155924 0.010000 0.010000
0 0.595703 0.157227 0.010000 0.010000
0 0.407959 0.159180 0.010000 0.010000
0 0.359131 0.175456 0.010000 0.010000
0 0.304932 0.199219 0.010000 0.010000
0 0.376953 0.209310 0.010000 0.010000
0 0.397705 0.219401 0.010000 0.010000
0 0.255615 0.234049 0.010000 0.010000
0 0.815918 0.241211 0.010000 0.010000
0 0.900000 0.239583 0.010000 0.010000
0 0.283936 0.241536 0.010000 0.010000
0 0.288574 0.241211 0.010000 0.010000
0 0.297607 0.249674 0.010000 0.010000
0 0.266602 0.253906 0.010000 0.010000
0 0.698242 0.266602 0.010000 0.010000
0 0.100000 0.265951 0.010000 0.010000
0 0.292236 0.271810 0.010000 0.010000
0 0.169189 0.283854 0.010000 0.010000
0 0.900000 0.289062 0.010000 0.010000
0 0.900000 0.289388 0.010000 0.010000
0 0.222168 0.290365 0.010000 0.010000
0 0.149170 0.294596 0.010000 0.010000
0 0.377930 0.294922 0.010000 0.010000
0 0.410645 0.304688 0.010000 0.010000
0 0.411377 0.305664 0.010000 0.010000
0 0.413086 0.306315 0.010000 0.010000
0 0.413818 0.308268 0.010000 0.010000
0 0.137451 0.311523 0.010000 0.010000
0 0.545410 0.328776 0.010000 0.010000
0 0.412109 0.330078 0.010000 0.010000
0 0.100000 0.340169 0.010000 0.010000
0 0.900000 0.340820 0.010000 0.010000
0 0.587891 0.342448 0.010000 0.010000
0 0.380615 0.351237 0.010000 0.010000
0 0.376953 0.353516 0.010000 0.010000
0 0.348389 0.359701 0.010000 0.010000
0 0.205078 0.367839 0.010000 0.010000
0 0.474365 0.367513 0.010000 0.010000
0 0.599121 0.366536 0.010000 0.010000
0 0.100000 0.375977 0.010000 0.010000
0 0.634766 0.371745 0.010000 0.010000
0 0.183105 0.379232 0.010000 0.010000
0 0.390625 0.396159 0.010000 0.010000
0 0.727539 0.395508 0.010000 0.010000
0 0.729004 0.403646 0.010000 0.010000
0 0.725830 0.403646 0.010000 0.010000
0 0.100000 0.407878 0.010000 0.010000
0 0.581543 0.407878 0.010000 0.010000
0 0.662842 0.408529 0.010000 0.010000
0 0.585938 0.410482 0.010000 0.010000
0 0.100000 0.418945 0.010000 0.010000
0 0.117432 0.422526 0.010000 0.010000
0 0.117188 0.423177 0.010000 0.010000
0 0.756104 0.434570 0.010000 0.010000
0 0.185059 0.444336 0.010000 0.010000
0 0.377197 0.452799 0.010000 0.010000
0 0.684082 0.451172 0.010000 0.010000
0 0.167236 0.453125 0.010000 0.010000
0 0.131104 0.456055 0.010000 0.010000
0 0.157227 0.458008 0.010000 0.010000
0 0.561035 0.468424 0.010000 0.016276
0 0.565674 0.462565 0.010000 0.010000
0 0.546387 0.467773 0.010000 0.010000
0 0.687012 0.466146 0.010000 0.010000
0 0.695801 0.467448 0.010000 0.010000
0 0.548340 0.472982 0.010000 0.010000
0 0.548096 0.476888 0.010000 0.010000
0 0.109863 0.482747 0.010000 0.010000
0 0.332031 0.480794 0.010000 0.010000
0 0.316650 0.482422 0.010000 0.010000
0 0.721191 0.485677 0.010000 0.010000
0 0.313721 0.487956 0.010000 0.010000
0 0.222656 0.491862 0.010000 0.010000
0 0.700928 0.492188 0.010000 0.010000
0 0.768799 0.494792 0.010000 0.010000
0 0.705078 0.497721 0.010000 0.010000
0 0.778076 0.497396 0.010000 0.010000
0 0.362793 0.507812 0.010000 0.010000
0 0.740234 0.505859 0.010000 0.010000
0 0.810547 0.509766 0.010000 0.010000
0 0.614746 0.516602 0.010000 0.010000
0 0.398926 0.532878 0.038086 0.035807
0 0.900000 0.518229 0.010000 0.010000
0 0.267578 0.520833 0.010000 0.010000
0 0.163330 0.523438 0.010000 0.010000
0 0.200439 0.526693 0.010000 0.010000
0 0.208252 0.528320 0.010000 0.010000
0 0.751221 0.531901 0.010000 0.010000
0 0.164551 0.534180 0.010000 0.010000
0 0.486572 0.536458 0.010000 0.010000
0 0.397217 0.539714 0.010000 0.010000
0 0.791016 0.556966 0.010000 0.011068
0 0.791504 0.556966 0.010000 0.010000
0 0.520996 0.562826 0.010000 0.010000
0 0.747314 0.565755 0.010000 0.011719
0 0.209473 0.572266 0.010000 0.010000
0 0.733643 0.579427 0.010000 0.010000
0 0.742188 0.578776 0.010000 0.010000
0 0.696289 0.579753 0.010000 0.010000
0 0.738037 0.584961 0.010000 0.010000
0 0.737061 0.586914 0.010000 0.010000
0 0.900000 0.589193 0.010000 0.010000
0 0.750244 0.595378 0.010000 0.010000
0 0.733398 0.597005 0.010000 0.010000
0 0.616943 0.596680 0.010000 0.010000
0 0.689941 0.597656 0.010000 0.010000
0 0.141113 0.604818 0.010000 0.011719
0 0.180420 0.602865 0.010000 0.010000
0 0.264404 0.604818 0.010000 0.010000
0 0.581299 0.603841 0.010000 0.010000
0 0.614990 0.611328 0.010000 0.010000
0 0.125732 0.620117 0.010000 0.013672
0 0.100000 0.625977 0.010000 0.011068
0 0.456055 0.623047 0.010000 0.010000
0 0.821533 0.630534 0.010000 0.010000
0 0.100000 0.636068 0.010000 0.010000
0 0.100000 0.637044 0.010000 0.010000
0 0.628662 0.639648 0.010000 0.010000
0 0.100000 0.643229 0.010000 0.010000
0 0.100000 0.645182 0.010000 0.010000
0 0.100000 0.649740 0.010000 0.010000
0 0.432617 0.651693 0.010000 0.010000
0 0.442139 0.660482 0.010000 0.011068
0 0.722900 0.657227 0.010000 0.010000
0 0.442383 0.659831 0.010000 0.010000
0 0.422607 0.660482 0.010000 0.010000
0 0.174316 0.660807 0.010000 0.010000
0 0.627197 0.662760 0.010000 0.010000
0 0.418457 0.666992 0.010000 0.010000
0 0.427734 0.666341 0.010000 0.010000
0 0.239990 0.676758 0.010000 0.010000
0 0.620117 0.676758 0.010000 0.010000
0 0.801758 0.677409 0.010000 0.010000
0 0.655762 0.682617 0.010000 0.010000
0 0.269531 0.683268 0.010000 0.010000
0 0.100000 0.689128 0.010000 0.010000
0 0.226318 0.694661 0.010000 0.010000
0 0.431885 0.691732 0.010000 0.010000
0 0.100000 0.694987 0.010000 0.010000
0 0.636963 0.694336 0.010000 0.010000
0 0.643311 0.695638 0.010000 0.010000
0 0.453613 0.697591 0.010000 0.010000
0 0.100000 0.702799 0.010000 0.010000
0 0.362305 0.709635 0.010000 0.010000
0 0.602783 0.710938 0.010000 0.010000
0 0.673340 0.717448 0.010000 0.010000
0 0.499023 0.722005 0.010000 0.010000
0 0.665283 0.732096 0.010000 0.010000
0 0.100000 0.734375 0.010000 0.010000
0 0.181396 0.744792 0.010000 0.010000
0 0.332275 0.748698 0.010000 0.010000
0 0.297607 0.770508 0.010000 0.010000
0 0.781494 0.769531 0.010000 0.010000
0 0.203369 0.793620 0.010000 0.010000
0 0.389404 0.804036 0.010000 0.010000
0 0.715332 0.819661 0.010000 0.010000
0 0.765381 0.819661 0.010000 0.010000
0 0.455322 0.830729 0.010000 0.010000
0 0.100000 0.841146 0.010000 0.010000
0 0.808838 0.839518 0.010000 0.010000
0 0.100000 0.842448 0.010000 0.010000
0 0.606934 0.861328 0.010000 0.010000
0 0.224609 0.875326 0.010000 0.010000
0 0.398193 0.876302 0.010000 0.010000
0 0.601074 0.876953 0.010000 0.010000
0 0.861572 0.876628 0.010000 0.010000
0 0.104004 0.883789 0.010000 0.010000
0 0.298340 0.886719 0.010000 0.010000
0 0.538818 0.885417 0.010000 0.010000
0 0.845703 0.887370 0.010000 0.010000
0 0.876465 0.900000 0.010000 0.010000
0 0.900000 0.900000 0.010000 0.010000
0 0.900000 0.900000 0.010000 0.010000
0 0.667725 0.900000 0.010000 0.010000
0 0.489502 0.900000 0.010000 0.010000
0 0.508301 0.900000 0.010000 0.010000
0 0.333740 0.900000 0.010000 0.010000
0 0.900000 0.900000 0.010000 0.010000
0 0.336182 0.900000 0.010000 0.010000
0 0.321533 0.900000 0.010000 0.010000
0 0.900000 0.900000 0.010000 0.010000
