1 0.500000 0.500000 0.500000 0.500000
0 0.164062 0.100000 0.010000 0.010000
0 0.166992 0.100000 0.010000 0.010000
0 0.169678 0.100000 0.010000 0.010000
0 0.172119 0.100000 0.010000 0.010000
0 0.173828 0.100000 0.010000 0.010000
0 0.180908 0.100000 0.010000 0.010000
0 0.328369 0.100000 0.010000 0.010000
0 0.333008 0.100000 0.010000 0.010000
0 0.344971 0.100000 0.010000 0.010000
0 0.549072 0.100000 0.010000 0.010000
0 0.585938 0.100000 0.010000 0.010000
0 0.631592 0.100000 0.010000 0.010000
0 0.632568 0.100000 0.010000 0.010000
0 0.711182 0.100000 0.010000 0.010000
0 0.716064 0.100000 0.010000 0.010000
0 0.857178 0.100000 0.010000 0.010000
0 0.900000 0.100000 0.010000 0.010000
0 0.900000 0.100000 0.010000 0.010000
0 0.900000 0.100000 0.010000 0.010000
0 0.900000 0.100000 0.010000 0.010000
0 0.900000 0.100000 0.010000 0.010000
0 0.625977 0.100000 0.010000 0.010000
0 0.164307 0.100000 0.010000 0.010000
0 0.719482 0.100000 0.010000 0.010000
0 0.832764 0.100000 0.010000 0.010000
0 0.154785 0.100000 0.010000 0.010000
0 0.331787 0.100000 0.010000 0.010000
0 0.900000 0.100000 0.010000 0.010000
0 0.758789 0.100000 0.010000 0.010000
0 0.100000 0.100000 0.010000 0.010000
0 0.152832 0.100000 0.010000 0.010000
0 0.250244 0.100000 0.010000 0.010000
0 0.100000 0.100000 0.010000 0.010000
0 0.682617 0.100000 0.010000 0.010000
0 0.171631 0.100000 0.010000 0.010000
0 0.744629 0.100000 0.010000 0.010000
0 0.157959 0.100000 0.010000 0.010417
0 0.100000 0.100000 0.010000 0.010000
0 0.100000 0.100000 0.010000 0.010000
0 0.100000 0.100000 0.010000 0.010000
0 0.705566 0.100000 0.010000 0.010000
0 0.100000 0.100000 0.010000 0.010417
0 0.157715 0.100000 0.010000 0.010000
0 0.100000 0.100000 0.010000 0.010000
0 0.795654 0.100000 0.010000 0.010000
0 0.100000 0.100000 0.010000 0.010000
0 0.165283 0.100000 0.010000 0.010000
0 0.209961 0.100000 0.010000 0.010000
0 0.155273 0.100000 0.010000 0.010000
0 0.200195 0.100000 0.010000 0.010000
0 0.394287 0.100000 0.010000 0.010000
0 0.100000 0.100000 0.010000 0.010000
0 0.323975 0.100000 0.010000 0.010000
0 0.724121 0.100000 0.010000 0.010000
0 0.397461 0.100000 0.010000 0.010000
0 0.639404 0.107422 0.010000 0.010000
0 0.798828 0.106771 0.010000 0.010000
0 0.628662 0.112305 0.010000 0.010000
0 0.379639 0.114909 0.010000 0.010000
0 0.900000 0.119792 0.010000 0.010000
0 0.550537 0.121419 0.010000 0.010000
0 0.468750 0.123698 0.010000 0.010000
0 0.100000 0.126953 0.010000 0.010000
0 0.434326 0.128581 0.010000 0.010000
0 0.308350 0.132161 0.010000 0.010000
0 0.900000 0.129232 0.010000 0.010000
0 0.436768 0.129883 0.010000 0.010000
0 0.316650 0.137370 0.010000 0.010000
0 0.616455 0.138346 0.010000 0.010000
0 0.900000 0.137695 0.010000 0.010000
0 0.362305 0.141276 0.010000 0.010000
0 0.746826 0.142904 0.010000 0.010000
0 0.436279 0.143555 0.010000 0.010000
0 0.100000 0.146810 0.010000 0.010000
0 0.100000 0.164062 0.023438 0.035156
0 0.303711 0.151367 0.010000 0.010000
0 0.405518 0.148763 0.010000 0.010000
0 0.399658 0.158203 0.010000 0.010000
0 0.100000 0.162435 0.010000 0.010000
0 0.298096 0.172201 0.010000 0.010000
0 0.100000 0.182292 0.010000 0.010000
0 0.100000 0.186523 0.010000 0.010000
0 0.821045 0.188151 0.010000 0.010000
0 0.162109 0.195312 0.010000 0.010417
0 0.237305 0.193034 0.010000 0.010000
0 0.339600 0.192057 0.010000 0.010000
0 0.100000 0.194010 0.010000 0.010000
0 0.162109 0.195312 0.010000 0.010000
0 0.332031 0.198893 0.010000 0.010000
0 0.166992 0.201497 0.010000 0.010000
0 0.450684 0.201497 0.010000 0.010000
0 0.267822 0.205729 0.010000 0.010000
0 0.330811 0.208333 0.010000 0.010000
0 0.150391 0.216471 0.010000 0.010000
0 0.157227 0.217122 0.010000 0.010000
0 0.556885 0.216471 0.010000 0.010000
0 0.842773 0.217448 0.010000 0.010000
0 0.447021 0.222005 0.010000 0.010000
0 0.577637 0.222656 0.010000 0.010000
0 0.133301 0.225911 0.010000 0.010000
0 0.580811 0.222331 0.010000 0.010000
0 0.317139 0.226888 0.010000 0.010000
0 0.334229 0.228841 0.010000 0.010000
0 0.419189 0.224609 0.010000 0.010000
0 0.100000 0.230143 0.010000 0.010000
0 0.232666 0.235026 0.010000 0.010000
0 0.688477 0.234701 0.010000 0.010000
0 0.791016 0.236979 0.010000 0.010000
0 0.815674 0.243815 0.010000 0.010000
0 0.124023 0.249674 0.010000 0.010000
0 0.677490 0.247070 0.010000 0.010000
0 0.772461 0.258464 0.010000 0.010000
0 0.312500 0.261719 0.010000 0.010000
0 0.513428 0.271484 0.010000 0.010000
0 0.457031 0.273763 0.010000 0.010000
0 0.231445 0.276693 0.010000 0.010000
0 0.631592 0.279622 0.010000 0.010000
0 0.900000 0.279948 0.010000 0.010000
0 0.233398 0.280273 0.010000 0.010000
0 0.237305 0.290690 0.015625 0.024089
0 0.100830 0.282878 0.010000 0.010000
0 0.206787 0.288411 0.010000 0.010000
0 0.428223 0.292643 0.010000 0.010000
0 0.745117 0.293620 0.010000 0.010000
0 0.247803 0.300456 0.010000 0.010000
0 0.240723 0.300781 0.010000 0.010000
0 0.246094 0.301107 0.010000 0.010000
0 0.100000 0.301758 0.010000 0.010000
0 0.250488 0.301758 0.010000 0.010000
0 0.392578 0.299479 0.010000 0.010000
0 0.100000 0.302083 0.010000 0.010000
0 0.252441 0.302409 0.010000 0.010000
0 0.100000 0.312500 0.010000 0.010000
0 0.100000 0.310221 0.010000 0.010000
0 0.193848 0.315430 0.010000 0.010000
0 0.161133 0.326823 0.010000 0.010000
0 0.364502 0.326497 0.010000 0.010000
0 0.639160 0.329427 0.010000 0.010000
0 0.587402 0.329102 0.010000 0.010000
0 0.760742 0.330078 0.010000 0.010000
0 0.366455 0.333659 0.010000 0.010000
0 0.672119 0.331706 0.010000 0.010000
0 0.116211 0.337240 0.010000 0.010000
0 0.474365 0.345703 0.010000 0.010000
0 0.884033 0.342448 0.010000 0.010000
0 0.568848 0.347005 0.010000 0.010000
0 0.153320 0.349284 0.010000 0.010000
0 0.463867 0.349609 0.010000 0.010000
0 0.308838 0.350586 0.010000 0.010000
0 0.720459 0.352539 0.010000 0.010000
0 0.614746 0.354492 0.010000 0.010000
0 0.900000 0.358724 0.010000 0.010000
0 0.106201 0.364258 0.010000 0.010000
0 0.875488 0.363607 0.010000 0.010000
0 0.565186 0.382161 0.010000 0.010000
0 0.483643 0.382161 0.010000 0.010000
0 0.575684 0.381185 0.010000 0.010000
0 0.730225 0.384115 0.010000 0.010000
0 0.879883 0.385742 0.010000 0.010000
0 0.865723 0.387695 0.010000 0.010000
0 0.864990 0.389323 0.010000 0.010000
0 0.900000 0.391927 0.010000 0.010000
0 0.700439 0.395833 0.010000 0.010000
0 0.718018 0.399089 0.010000 0.010000
0 0.439209 0.406576 0.010000 0.010000
0 0.249268 0.418294 0.010000 0.010000
0 0.895020 0.417318 0.010000 0.010000
0 0.409424 0.416016 0.010000 0.010000
0 0.545654 0.421875 0.010000 0.010000
0 0.867920 0.422526 0.010000 0.010000
0 0.900000 0.434245 0.010000 0.010000
0 0.900000 0.434570 0.010000 0.010000
0 0.557617 0.436849 0.010000 0.010000
0 0.729492 0.436523 0.010000 0.010000
0 0.355713 0.443034 0.010000 0.010000
0 0.699463 0.445964 0.010000 0.010000
0 0.900000 0.445312 0.010000 0.010000
0 0.728027 0.449544 0.010000 0.010000
0 0.900000 0.449219 0.010000 0.010000
0 0.249268 0.467448 0.010000 0.010000
0 0.251709 0.467122 0.010000 0.010000
0 0.100000 0.470703 0.010000 0.010000
0 0.507324 0.471354 0.010000 0.010000
0 0.248047 0.478516 0.010000 0.010000
0 0.321533 0.478516 0.010000 0.010000
0 0.478271 0.480469 0.010000 0.010000
0 0.101807 0.480794 0.010000 0.010000
0 0.100000 0.493490 0.010000 0.010000
0 0.738281 0.488932 0.010000 0.010000
0 0.599121 0.493490 0.010000 0.010000
0 0.296143 0.492188 0.010000 0.010000
0 0.590332 0.495443 0.010000 0.010000
0 0.299072 0.495768 0.010000 0.010000
0 0.900000 0.498047 0.010000 0.010000
0 0.594727 0.502930 0.010000 0.010000
0 0.116699 0.509766 0.010000 0.010417
0 0.120361 0.507812 0.010000 0.010000
0 0.135498 0.506836 0.010000 0.010000
0 0.591553 0.510417 0.010000 0.010417
0 0.900000 0.510742 0.010000 0.010000
0 0.165771 0.514648 0.010000 0.010000
0 0.599854 0.515625 0.010000 0.010000
0 0.110596 0.515625 0.010000 0.010000
0 0.391846 0.524414 0.010000 0.010000
0 0.857422 0.524740 0.010000 0.010000
0 0.771240 0.522461 0.010000 0.010000
0 0.433838 0.528646 0.010000 0.010000
0 0.897705 0.536784 0.010000 0.010000
0 0.388672 0.540690 0.010000 0.010000
0 0.157227 0.540365 0.010000 0.010000
0 0.581299 0.540039 0.010000 0.010000
0 0.435547 0.546875 0.010000 0.010000
0 0.818115 0.549805 0.010000 0.010000
0 0.404541 0.552734 0.010000 0.010000
0 0.777832 0.553711 0.010000 0.010000
0 0.787598 0.560872 0.010000 0.010000
0 0.658203 0.563802 0.010000 0.010000
0 0.378906 0.569010 0.010000 0.010000
0 0.752686 0.576172 0.010000 0.010000
0 0.755615 0.575195 0.010000 0.010000
0 0.884521 0.575195 0.010000 0.010000
0 0.860107 0.578451 0.010000 0.010000
0 0.419434 0.582031 0.010000 0.010000
0 0.119629 0.587891 0.010000 0.010000
0 0.194824 0.584961 0.010000 0.010000
0 0.634521 0.594401 0.010000 0.010000
0 0.706055 0.598958 0.010000 0.010000
0 0.607666 0.601237 0.010000 0.010000
0 0.307373 0.602865 0.010000 0.010000
0 0.307129 0.604492 0.010000 0.010000
0 0.503662 0.608073 0.010000 0.010000
0 0.295654 0.614909 0.010000 0.010000
0 0.900000 0.626628 0.010000 0.010000
0 0.715332 0.628255 0.010000 0.010000
0 0.609375 0.636068 0.010000 0.010000
0 0.620361 0.636393 0.010000 0.010000
0 0.272461 0.645508 0.010000 0.010000
0 0.773926 0.653971 0.010000 0.010000
0 0.462891 0.655599 0.010000 0.010000
0 0.468018 0.655273 0.010000 0.010000
0 0.100000 0.657552 0.010000 0.010000
0 0.440186 0.658529 0.010000 0.010000
0 0.709229 0.664714 0.010000 0.010000
0 0.189453 0.672201 0.010000 0.010000
0 0.775879 0.683594 0.010000 0.010000
0 0.100000 0.684245 0.010000 0.010000
0 0.100000 0.688802 0.010000 0.010000
0 0.264160 0.689779 0.010000 0.010000
0 0.295410 0.691081 0.010000 0.010000
0 0.670898 0.694010 0.010000 0.010000
0 0.667969 0.695638 0.010000 0.010000
0 0.100000 0.700846 0.010000 0.010000
0 0.868652 0.704102 0.010000 0.012370
0 0.495361 0.705404 0.010000 0.010000
0 0.494873 0.709310 0.010000 0.010000
0 0.569336 0.717122 0.010000 0.013672
0 0.567139 0.712240 0.010000 0.010000
0 0.302979 0.713867 0.010000 0.010000
0 0.552246 0.722656 0.014648 0.014323
0 0.900000 0.718099 0.010000 0.010000
0 0.567871 0.723633 0.010000 0.010000
0 0.562256 0.727214 0.010000 0.010000
0 0.567383 0.726237 0.010000 0.010000
0 0.108643 0.733073 0.010000 0.010000
0 0.100000 0.734049 0.010000 0.010000
0 0.438721 0.751302 0.016113 0.020833
0 0.530762 0.754883 0.010000 0.010000
0 0.534180 0.756510 0.010000 0.010000
0 0.847168 0.765625 0.010000 0.010417
0 0.127686 0.766276 0.010000 0.010000
0 0.483643 0.769206 0.010000 0.010000
0 0.549561 0.768880 0.010000 0.010000
0 0.717041 0.770508 0.010254 0.010000
0 0.414551 0.776693 0.010000 0.010000
0 0.214111 0.784505 0.010000 0.010000
0 0.482422 0.792643 0.010000 0.016276
0 0.693848 0.794596 0.010000 0.010000
0 0.213623 0.796224 0.010000 0.010000
0 0.885498 0.796875 0.010000 0.010000
0 0.900000 0.796875 0.010000 0.010000
0 0.329346 0.799805 0.010000 0.010000
0 0.331787 0.802083 0.010000 0.010000
0 0.339111 0.800456 0.010000 0.010000
0 0.333740 0.805013 0.010000 0.010000
0 0.893555 0.806966 0.010000 0.010000
0 0.316650 0.809570 0.010000 0.010000
0 0.408447 0.811198 0.010000 0.010000
0 0.347168 0.811849 0.010000 0.010000
0 0.480469 0.820638 0.010000 0.013672
0 0.887695 0.816732 0.010000 0.010000
0 0.403564 0.819010 0.010000 0.010000
0 0.407471 0.818685 0.010000 0.010000
0 0.879883 0.819661 0.010000 0.010000
0 0.396484 0.821615 0.010000 0.010000
0 0.891357 0.824544 0.010000 0.010000
0 0.900000 0.823242 0.010000 0.010000
0 0.480469 0.822266 0.010000 0.010000
0 0.882568 0.826497 0.010000 0.010000
0 0.545898 0.825521 0.010000 0.010000
0 0.891357 0.824544 0.010000 0.010000
0 0.882812 0.826497 0.010000 0.010000
0 0.883301 0.830078 0.010000 0.010000
0 0.626221 0.829753 0.010000 0.010000
0 0.180420 0.834635 0.010000 0.010000
0 0.192871 0.834310 0.010000 0.010000
0 0.886230 0.833984 0.010000 0.010000
0 0.245361 0.838867 0.010000 0.010000
0 0.890869 0.844727 0.010000 0.010000
0 0.747803 0.847331 0.010000 0.010000
0 0.681396 0.852214 0.010000 0.010000
0 0.402100 0.853516 0.010000 0.010000
0 0.100000 0.854818 0.010000 0.010000
0 0.100000 0.859049 0.010000 0.010000
0 0.767090 0.857747 0.010000 0.010000
0 0.181152 0.859701 0.010000 0.010000
0 0.404541 0.860352 0.010000 0.010000
0 0.752686 0.862630 0.010000 0.010000
0 0.160645 0.868164 0.010000 0.010000
0 0.401611 0.869466 0.010000 0.010000
0 0.112305 0.872396 0.010000 0.010000
0 0.113281 0.874349 0.010000 0.010000
0 0.859131 0.875326 0.010000 0.010000
0 0.114014 0.876953 0.010000 0.010000
0 0.576660 0.875651 0.010000 0.010000
0 0.118408 0.879557 0.010000 0.010000
0 0.246582 0.877279 0.010000 0.010000
0 0.115967 0.880208 0.010000 0.010000
0 0.286133 0.881836 0.010000 0.010000
0 0.112549 0.883789 0.010000 0.010000
0 0.293457 0.888672 0.010000 0.010000
0 0.900000 0.895508 0.010000 0.010000
0 0.483643 0.896810 0.010000 0.010000
0 0.502197 0.900000 0.010000 0.010000
0 0.505127 0.900000 0.010000 0.010000
0 0.870850 0.900000 0.010000 0.010000
0 0.728271 0.900000 0.010000 0.010000
0 0.859619 0.900000 0.010000 0.010000
0 0.815186 0.900000 0.010000 0.010000
0 0.105469 0.900000 0.010000 0.012370
0 0.100000 0.900000 0.010000 0.010000
0 0.100000 0.900000 0.010000 0.010000
0 0.105225 0.900000 0.010000 0.010000
0 0.113037 0.900000 0.010000 0.010000
0 0.816162 0.900000 0.010000 0.010000
0 0.822021 0.900000 0.010000 0.010000
0 0.822266 0.900000 0.010000 0.010000
0 0.458740 0.900000 0.010000 0.010000
0 0.815918 0.900000 0.010000 0.010000
0 0.296143 0.900000 0.010000 0.010000
0 0.815430 0.900000 0.010000 0.010000
0 0.861328 0.900000 0.010000 0.010000
0 0.114502 0.900000 0.010000 0.010000
0 0.817627 0.900000 0.010000 0.010000
0 0.812500 0.900000 0.010000 0.011719
0 0.845703 0.900000 0.010000 0.010000
0 0.813721 0.900000 0.010000 0.010000
0 0.561768 0.900000 0.010000 0.010417
0 0.666260 0.900000 0.010000 0.010000
0 0.549561 0.900000 0.010000 0.010000
0 0.574463 0.900000 0.010000 0.010000
0 0.561768 0.900000 0.010000 0.010000
0 0.260498 0.900000 0.010000 0.010000
0 0.815674 0.900000 0.010000 0.010000
0 0.567383 0.900000 0.010000 0.010000
0 0.120605 0.900000 0.010000 0.010000
0 0.561768 0.900000 0.010000 0.010000
0 0.549072 0.900000 0.010000 0.010000
0 0.719727 0.900000 0.010000 0.010000
0 0.561768 0.900000 0.010000 0.010000
0 0.751465 0.900000 0.010000 0.010000
0 0.251953 0.900000 0.010000 0.010000
0 0.549072 0.900000 0.010000 0.010000
0 0.707031 0.900000 0.010000 0.010000
0 0.719482 0.900000 0.010000 0.010000
0 0.750000 0.900000 0.010000 0.010000
0 0.149170 0.900000 0.010000 0.010000
0 0.572998 0.900000 0.010000 0.010000
