0 0.484916 0.826926 0.041604 0.039063
0 0.859283 0.828624 0.043418 0.042535
0 0.913455 0.653468 0.041288 0.035641
0 0.371654 0.428294 0.045143 0.044723
0 0.604196 0.658487 0.046817 0.042547
0 0.690399 0.342058 0.045840 0.042324
0 0.516265 0.398447 0.039474 0.039144
0 0.707525 0.164661 0.044457 0.039665
0 0.569934 0.490832 0.042822 0.039293
0 0.431535 0.913920 0.032765 0.032717
0 0.891335 0.770242 0.037580 0.037180
0 0.333556 0.850675 0.044187 0.039999
0 0.537280 0.148110 0.040979 0.035129
1 0.205791 0.852793 0.074118 0.063586
1 0.131192 0.410473 0.070721 0.067975
1 0.572125 0.816474 0.089625 0.077926
