0 0.241106 0.337128 0.039866 0.037586
0 0.737984 0.230866 0.044808 0.040559
0 0.372199 0.759019 0.038813 0.036185
0 0.781514 0.798641 0.043402 0.038950
0 0.813661 0.492599 0.041130 0.038899
0 0.863418 0.534662 0.044742 0.040980
0 0.761854 0.372420 0.039927 0.038101
0 0.699069 0.333446 0.036389 0.032027
0 0.570280 0.570325 0.044837 0.039453
0 0.805210 0.305245 0.040773 0.035903
1 0.481002 0.436746 0.088593 0.080046
1 0.374721 0.862666 0.075253 0.068038
1 0.688083 0.740041 0.072493 0.072492
1 0.443486 0.695017 0.080594 0.070773
