0 0.108587 0.848161 0.039049 0.035822
0 0.294166 0.600056 0.036569 0.035777
0 0.759152 0.164035 0.042866 0.040442
0 0.720784 0.520096 0.046175 0.043524
0 0.488690 0.158121 0.041065 0.039702
0 0.416977 0.378610 0.037606 0.036610
0 0.529109 0.718136 0.040787 0.034822
0 0.767211 0.304923 0.035678 0.033713
0 0.378350 0.177619 0.046241 0.042235
0 0.378415 0.619752 0.042787 0.042245
0 0.709364 0.227423 0.042900 0.037822
0 0.568339 0.340879 0.041207 0.036515
1 0.731371 0.779043 0.076745 0.072154
1 0.872466 0.628028 0.081432 0.077938
1 0.555101 0.902242 0.077854 0.067817
