0 0.897551 0.389532 0.043767 0.043331
0 0.664859 0.544494 0.043490 0.042202
0 0.788019 0.615346 0.047752 0.042518
0 0.617546 0.745771 0.042257 0.042180
0 0.664214 0.445284 0.042184 0.036268
0 0.521135 0.340769 0.044619 0.038177
0 0.344865 0.377201 0.035929 0.032694
0 0.185366 0.537002 0.037238 0.036969
0 0.097193 0.632972 0.043662 0.042333
0 0.200199 0.643849 0.039274 0.034526
0 0.769205 0.267169 0.044903 0.038756
0 0.347167 0.548139 0.041059 0.037164
0 0.651272 0.888139 0.033960 0.032038
0 0.889898 0.293967 0.038410 0.035063
0 0.379571 0.629594 0.045487 0.042895
0 0.464787 0.410016 0.042203 0.037007
1 0.307828 0.233409 0.079127 0.076972
1 0.289669 0.627906 0.081156 0.081011
