0 0.545068 0.415611 0.043998 0.040297
0 0.131174 0.408105 0.037473 0.034244
0 0.733237 0.715564 0.038555 0.036478
0 0.363860 0.826038 0.045200 0.041701
0 0.107114 0.295229 0.046145 0.043022
0 0.380949 0.271335 0.035210 0.034817
0 0.100000 0.534302 0.038146 0.037449
0 0.100000 0.450409 0.035647 0.032624
0 0.847050 0.576647 0.044848 0.039614
0 0.251163 0.630362 0.045317 0.044802
0 0.739621 0.135427 0.045736 0.040244
0 0.322217 0.900000 0.036093 0.034199
1 0.382471 0.388156 0.076621 0.075107
1 0.273601 0.307736 0.070814 0.067736
1 0.869816 0.739662 0.089753 0.078535
1 0.113765 0.801605 0.085713 0.081398
