0 0.240858 0.274111 0.042934 0.042008
0 0.152669 0.863382 0.037512 0.037471
0 0.609962 0.569671 0.033723 0.031958
0 0.744062 0.676923 0.040930 0.036138
0 0.915909 0.912030 0.045810 0.040069
0 0.457670 0.723702 0.035024 0.034447
0 0.471796 0.236143 0.041954 0.038415
0 0.514032 0.568204 0.040014 0.036317
0 0.846309 0.292485 0.044513 0.040659
0 0.626509 0.110956 0.041718 0.037636
0 0.573457 0.451624 0.034022 0.032844
0 0.227396 0.334299 0.040600 0.035027
0 0.434004 0.608859 0.041737 0.039597
0 0.433804 0.468445 0.037196 0.034420
1 0.742431 0.259321 0.078488 0.068111
1 0.637079 0.792273 0.088154 0.081268
1 0.722820 0.575006 0.090063 0.078066
