0 0.206589 0.454258 0.039602 0.037140
0 0.587014 0.676056 0.046251 0.040511
0 0.820142 0.286871 0.042472 0.036596
0 0.908676 0.530740 0.039795 0.036951
0 0.849103 0.647847 0.046065 0.040804
0 0.626081 0.843790 0.047281 0.041154
0 0.470475 0.611448 0.041031 0.039415
0 0.415280 0.431799 0.043561 0.040524
0 0.532947 0.777050 0.041263 0.040344
0 0.878331 0.452753 0.039291 0.036049
0 0.200758 0.222204 0.037181 0.032871
0 0.403067 0.629735 0.039464 0.038238
0 0.705243 0.737467 0.040329 0.039861
0 0.569306 0.426784 0.034429 0.032767
0 0.385863 0.713317 0.037216 0.032810
1 0.484170 0.380015 0.074793 0.073831
1 0.278442 0.597692 0.073974 0.073317
1 0.462466 0.144833 0.085046 0.080136
