0 0.417365 0.133038 0.040767 0.035113
0 0.107117 0.247199 0.041997 0.041025
0 0.136367 0.502491 0.045875 0.044283
0 0.134450 0.093583 0.045592 0.043364
0 0.609864 0.397455 0.035429 0.032794
0 0.157570 0.434262 0.043770 0.042963
0 0.659371 0.099345 0.040201 0.039036
0 0.385190 0.472391 0.042083 0.038934
0 0.294743 0.106944 0.044568 0.041549
0 0.572843 0.843715 0.045261 0.040746
0 0.208141 0.917323 0.039536 0.038605
0 0.774251 0.570726 0.044311 0.043579
0 0.514963 0.255791 0.046853 0.043002
0 0.785301 0.216930 0.040888 0.039716
1 0.281782 0.642623 0.081355 0.074004
1 0.635954 0.709835 0.089014 0.077232
1 0.436074 0.687647 0.079134 0.070859
1 0.678959 0.507840 0.090283 0.080114
