0 0.607533 0.701199 0.039100 0.038772
0 0.765250 0.650302 0.040304 0.036176
0 0.440199 0.752669 0.038337 0.036450
0 0.238831 0.841856 0.034124 0.033365
0 0.764745 0.136632 0.037153 0.034589
0 0.467285 0.121926 0.035038 0.034814
0 0.796810 0.417752 0.042058 0.041798
0 0.643381 0.463066 0.042884 0.040164
0 0.335007 0.890673 0.040894 0.039334
0 0.715559 0.184579 0.041131 0.038155
1 0.651908 0.296111 0.086681 0.083816
1 0.640268 0.593117 0.083117 0.080440
1 0.272508 0.284564 0.074351 0.069816
1 0.852188 0.218427 0.086524 0.083434
