0 0.747509 0.502674 0.035765 0.030956
0 0.705467 0.105060 0.043187 0.038369
0 0.114378 0.257312 0.044700 0.039861
0 0.669267 0.320164 0.035592 0.032997
0 0.192473 0.579964 0.035588 0.033667
0 0.656776 0.686571 0.039085 0.036367
0 0.851270 0.272236 0.036166 0.032968
0 0.432491 0.259507 0.043466 0.038020
0 0.230189 0.842628 0.045467 0.039873
0 0.147114 0.862148 0.040750 0.039876
0 0.288869 0.388680 0.043138 0.040247
1 0.404296 0.413097 0.078495 0.075544
1 0.243671 0.142965 0.080110 0.079494
1 0.143392 0.401957 0.075133 0.063973
