64.75,352.75
71.25,349.75
80.75,345.75
86.75,339.75
91.75,333.75
89.25,326.75
84.25,325.25
78.75,319.75
72.25,317.75
65.75,314.25
61.25,309.25
56.75,304.75
53.75,300.75
46.75,298.75
40.75,300.25
35.75,302.25
31.25,303.75
27.25,303.75
25.25,304.75
22.25,306.25
19.75,308.75
15.25,310.75
12.75,313.25
12.75,317.25
12.75,319.75
13.25,321.75
12.25,325.25
12.25,329.25
14.25,332.75
15.75,335.75
19.25,338.25
22.25,341.75
24.25,343.75
27.75,346.75
30.75,347.25
33.75,349.25
40.25,351.75
44.25,352.25
48.75,352.25
53.25,353.75
57.75,354.25
64.75,352.75
