1454.1,864.63
1460.6,865.63
1467.1,867.63
1473.6,867.13
1479.1,867.63
1483.6,867.63
1490.6,865.13
1495.6,862.13
1499.1,858.63
1503.1,853.63
1504.1,849.63
1504.6,845.13
1505.6,840.63
1506.6,834.13
1506.1,829.13
1506.1,823.63
1505.6,820.13
1504.6,815.63
1504.1,810.13
1503.1,804.63
1501.6,801.13
1500.6,796.63
1499.1,791.63
1496.6,789.63
1493.6,785.63
1490.1,783.13
1485.6,780.63
1481.1,779.13
1478.6,777.63
1474.1,776.63
1470.6,776.13
1466.6,775.63
1463.6,777.13
1460.1,778.63
1457.1,778.63
1453.1,778.63
1450.6,779.13
1448.1,779.63
1447.1,779.63
1443.6,779.63
1441.6,781.63
1439.6,781.13
1435.6,782.63
1433.6,782.63
1432.1,785.63
1429.6,786.63
1428.1,788.63
1425.6,790.63
1424.1,793.13
1420.6,794.63
1417.1,796.13
1415.1,797.13
1412.6,798.13
1411.1,800.63
1409.6,802.63
1407.6,804.63
1407.6,807.13
1405.1,809.63
1404,811
1401.8,816
1401.3,820.25
1402.5,824.25
1405.1,825.63
1405.1,827.63
1406.1,831.13
1405.5,833.5
1407.8,837.25
1409.5,842.5
1409.3,842
1409.5,844.25
1413,847.75
1417,852
1421.5,855.5
1426.3,856.25
1431.1,856.63
1434.6,858.13
1438.1,859.13
1442.6,862.13
1446.6,863.13
1452.1,863.63
1454.1,864.63
