1461.8,845.25
1468.3,847.25
1472.8,843.25
1476.3,835.25
1482.8,828.75
1485.8,821.75
1486.3,813.75
1488.3,807.75
1488.3,799.75
1483.3,796.25
1480.8,789.75
1477.3,788.25
1473.8,787.25
1470.3,786.25
1463.3,785.25
1458.3,787.25
1453.3,788.25
1449.8,789.75
1444.8,789.75
1442.3,790.25
1438.3,793.75
1437.3,796.75
1435.3,799.25
1433.3,804.25
1432.8,807.75
1431.3,812.25
1430.3,816.25
1429.3,819.25
1431.3,821.75
1434.3,823.75
1437.3,827.75
1440.3,831.75
1444.3,834.25
1446.3,837.75
1448.8,839.75
1451.3,841.25
1453.8,841.75
1461.8,845.25
