367.63,396.88
371.38,397.63
375.38,397.88
380.13,397.88
383.38,397.63
387.63,397.13
391.38,396.38
395.13,394.13
397.63,392.63
400.13,391.13
403.63,388.88
406.38,387.38
409.13,386.63
411.63,384.88
410.88,382.88
411.63,380.38
411.13,377.63
410.13,375.63
408.88,372.63
407.38,370.63
404.63,369.13
401.38,367.88
398.63,366.38
395.13,365.38
392.13,363.63
390.13,363.13
387.63,361.63
384.88,360.38
381.13,359.38
378.38,358.38
375.13,357.63
371.88,356.88
367.13,355.38
362.88,354.38
357.38,352.38
355.13,351.88
352.88,352.13
349.88,353.88
348.13,355.88
347.13,357.38
345.88,358.88
345.13,360.63
343.88,362.38
343.38,364.63
344.13,368.38
345.38,369.38
346.63,371.63
348.63,373.88
350.38,376.88
350.88,379.38
351.88,381.88
352.63,384.38
355.38,387.38
356.63,389.88
358.13,391.88
360.38,393.63
363.13,395.38
367.63,396.88
