1419.8,858
1422.3,859.75
1425.3,861
1428.3,863.5
1431.3,865.5
1434.5,864
1435.8,860.5
1439,858.5
1441.5,856.25
1444,853.75
1445.5,851.25
1448.5,850
1450.5,848.25
1448.8,844.5
1447.8,840.5
1446.3,838.75
1445.5,836
1444.3,832.75
1444,829.5
1443.3,826
1442.8,822.25
1441,817.75
1438.8,815.75
1436.3,812.5
1435.3,810.5
1432.8,808.75
1430,807.75
1427.8,805.25
1425.8,803.25
1423.3,801
1420.5,798.75
1416.3,794.75
1412.3,793
1409,791.5
1405.8,791.75
1402,791.25
1400,791.75
1397.8,793
1396,793.5
1394.8,794.75
1393,796
1391.5,797.75
1391,799.75
1390.3,801.75
1389.3,804
1388.8,807
1388.5,810.25
1389,812.5
1389.5,815
1390.5,817.75
1392,820.75
1393,823.5
1394.5,826.5
1395.8,829
1397,831.75
1398.8,834.5
1399.5,837
1401,839.25
1403,842.25
1404.8,845.5
1407,848.25
1409,850.25
1411.5,852.75
1413.5,854.75
1415.8,856
1419.8,858
