1404.8,710.25
1409.3,714.25
1414.8,718.25
1421.8,721.75
1430.3,723.25
1440.3,720.75
1446.8,717.75
1447.8,709.75
1447.3,703.25
1448.3,695.25
1448.8,688.25
1449.3,680.25
1449.3,672.75
1449.8,664.25
1450.8,655.25
1446.8,649.25
1441.8,641.75
1433.8,640.75
1429.8,644.25
1426.3,644.25
1422.8,644.25
1421.3,647.75
1419.3,649.25
1415.8,649.25
1414.3,652.25
1411.3,654.75
1412.3,658.25
1410.3,661.25
1408.8,663.75
1405.8,667.25
1404.8,669.75
1403.3,673.75
1401.8,678.25
1400.8,681.25
1399.8,684.75
1399.3,689.75
1398.3,691.75
1398.3,693.75
1397.8,697.25
1398.3,700.75
1400.8,706.75
1404.8,710.25
