677.25,1071.3
677.75,1075.8
677.25,1080.8
676.75,1086.3
672.25,1089.3
668.75,1091.8
667.75,1095.8
670.25,1099.3
675.75,1098.8
681.25,1097.3
684.75,1101.8
689.25,1103.8
692.75,1101.8
696.75,1101.3
700.75,1095.8
704.25,1090.8
706.75,1085.3
711.75,1081.3
713.25,1075.3
715.25,1068.3
717.25,1063.8
716.25,1058.8
716.75,1053.8
718.25,1047.8
719.25,1040.3
719.25,1033.3
716.75,1029.3
713.25,1025.8
710.25,1022.3
706.25,1016.8
704.75,1012.3
701.75,1010.8
696.75,1010.3
693.25,1011.8
688.25,1011.8
683.75,1011.3
679.75,1009.3
676.75,1012.3
672.75,1015.3
669.25,1018.3
665.75,1021.3
662.75,1025.3
658.75,1026.8
655.25,1028.3
656.75,1031.3
659.75,1032.8
664.25,1034.8
665.75,1037.8
669.25,1041.8
671.75,1045.8
673.75,1049.8
675.25,1054.3
676.25,1059.8
677.25,1064.3
677.25,1071.3
