116.75,185.75
121.25,182.25
128.75,177.25
136.75,174.25
143.25,170.25
152.75,168.25
158.75,163.75
164.75,159.75
167.25,152.75
167.75,146.25
168.25,137.75
167.25,130.75
159.75,128.75
153.75,123.75
146.75,117.75
140.75,115.25
136.25,109.25
132.75,100.75
127.25,96.25
123.25,95.75
118.25,98.25
117.25,103.75
115.75,110.25
115.25,114.75
114.75,119.25
113.25,123.75
111.25,128.75
108.75,131.25
106.75,136.25
104.25,140.25
100.25,144.25
99.75,149.25
100.75,154.25
101.25,159.25
105.75,165.75
109.75,172.75
111.25,177.75
110.25,180.25
111.25,183.25
116.75,185.75
