818.75,1267.3
821.25,1261.3
827.25,1263.3
836.25,1259.8
841.25,1256.8
849.75,1256.8
854.75,1256.8
857.25,1251.3
858.75,1241.3
861.75,1232.3
863.75,1224.3
864.75,1216.8
863.75,1208.3
861.75,1202.3
858.25,1196.8
851.75,1195.8
843.25,1193.3
839.25,1196.3
835.75,1194.8
830.25,1192.8
824.75,1191.8
816.75,1190.3
809.75,1190.3
802.25,1192.3
802.25,1201.3
801.75,1206.3
801.25,1211.8
800.25,1216.8
798.75,1222.3
797.25,1227.3
795.25,1231.8
793.25,1235.8
791.75,1239.8
789.25,1245.8
790.75,1249.3
792.75,1252.8
794.75,1256.3
801.25,1254.3
805.75,1254.8
807.25,1259.3
807.25,1263.3
812.25,1265.8
818.75,1267.3
