844.25,1350.8
853.25,1351.3
859.75,1351.3
867.25,1351.8
876.25,1351.8
884.25,1350.8
890.25,1347.8
894.75,1344.3
897.75,1339.3
900.75,1334.3
898.25,1326.8
893.75,1318.3
892.25,1314.3
887.25,1313.3
882.75,1313.3
875.75,1314.8
871.75,1315.8
866.25,1317.3
862.25,1319.3
857.75,1321.3
852.75,1323.3
848.75,1323.8
844.75,1323.8
838.75,1324.3
835.25,1326.8
829.75,1326.8
826.75,1328.3
823.75,1330.3
819.75,1330.8
814.75,1331.3
814.25,1335.8
813.75,1339.8
816.25,1343.8
819.75,1347.8
823.75,1348.3
829.75,1350.8
835.25,1351.3
844.25,1350.8
