787.25,1349.3
797.25,1349.3
804.75,1348.8
814.25,1349.8
821.75,1351.3
827.25,1353.3
833.75,1353.3
841.25,1353.3
846.25,1353.8
853.75,1354.3
860.75,1353.3
870.75,1354.3
880.25,1353.3
886.75,1350.8
893.25,1347.8
902.75,1350.8
916.25,1348.8
923.25,1344.8
929.75,1341.3
932.25,1333.8
930.75,1327.8
933.75,1321.3
931.75,1315.8
929.25,1309.8
930.75,1301.3
933.25,1294.8
927.75,1293.8
920.25,1296.3
913.25,1299.3
909.25,1300.3
901.75,1303.3
898.75,1307.3
894.75,1310.3
888.25,1312.3
885.25,1312.8
879.75,1312.8
873.25,1313.8
866.25,1314.8
859.25,1316.3
852.75,1316.3
846.25,1317.3
841.25,1317.8
832.75,1318.3
827.25,1318.3
820.75,1317.8
816.25,1317.8
810.75,1316.8
805.25,1316.3
800.25,1316.3
792.75,1317.3
787.75,1317.3
784.75,1316.8
779.25,1316.3
774.25,1316.3
767.75,1315.8
759.25,1317.8
755.25,1319.8
753.25,1322.8
753.75,1326.8
756.75,1329.8
759.75,1335.3
764.75,1338.8
771.75,1340.8
777.25,1342.3
783.75,1345.3
787.25,1349.3
