545.25,1017.3
553.75,1018.3
564.25,1018.3
573.75,1017.8
583.25,1016.8
588.75,1013.8
597.25,1013.3
603.25,1014.3
610.75,1015.8
616.75,1015.8
616.75,1009.8
614.75,1004.3
617.75,998.75
619.75,991.25
622.25,982.75
621.25,976.75
612.75,973.25
605.75,971.75
601.75,970.75
594.75,966.75
589.25,965.25
584.25,959.75
577.75,954.25
573.25,949.75
564.25,944.25
557.75,942.75
550.75,942.75
545.75,944.75
543.25,948.25
537.75,950.75
533.75,953.25
532.25,956.75
532.75,962.25
530.25,963.25
523.75,964.25
518.75,967.25
515.75,973.25
512.25,975.25
510.75,980.75
510.75,984.75
508.75,988.75
507.25,993.25
506.75,998.75
506.75,1005.8
507.75,1011.3
513.75,1010.8
518.25,1015.3
519.75,1018.3
525.75,1017.8
532.25,1016.8
536.75,1017.3
545.25,1017.3
