974.5,1476
981.5,1470
986.5,1471
990.5,1467
1001.5,1465
1008.5,1453
1015.8,1443.3
1016.3,1437.3
1016.3,1429.3
1017.3,1424.3
1027.5,1412
1013.5,1409
1001.8,1410.3
994.75,1405.8
987.75,1403.3
984.75,1398.3
982.25,1391.3
977.25,1388.8
970.25,1388.8
967.25,1392.8
967.25,1399.3
964.75,1403.3
963.25,1408.3
961.25,1410.8
959.75,1413.3
957.25,1416.8
955.25,1420.3
952.75,1423.8
951.75,1427.3
949.75,1430.8
948.25,1434.3
945.25,1438.8
948.25,1442.3
949.25,1446.3
951.75,1451.8
955.25,1456.8
959.25,1460.8
961.25,1465.3
958.75,1468.3
958.25,1473.8
963.25,1474.3
968.25,1472.8
974.5,1476
