808.75,601.75
835.5,599.5
818.5,600.5
834.5,595.5
841.5,593.5
843.5,592.5
844.5,583.5
848.5,576.5
856.5,568.5
862.75,558.25
868.75,553.75
868.25,545.25
863.75,539.75
857.75,535.25
851.25,531.25
844.75,530.25
837.25,529.75
828.75,527.25
823.25,527.25
817.25,528.75
812.25,528.75
807.25,529.75
804.25,529.75
801.25,530.25
799.75,532.25
796.75,535.25
791.25,537.25
788.75,537.75
784.75,538.75
783.25,541.75
781.25,545.25
778.75,547.75
776.75,550.75
773.75,556.25
772.75,563.75
772.75,568.25
772.75,573.25
773.75,579.25
776.25,582.75
780.75,586.75
787.25,591.25
792.75,594.25
797.25,598.75
808.75,601.75
