1201.3,951.25
1212.3,954.75
1220.3,947.75
1227.3,944.25
1236.8,942.75
1241.8,938.75
1242.8,931.75
1242.3,922.75
1244.3,912.25
1241.3,906.25
1235.3,901.25
1228.8,896.25
1224.3,891.25
1220.3,888.25
1215.8,886.25
1209.3,885.25
1205.8,884.75
1201.3,887.25
1199.3,890.25
1195.8,890.25
1194.8,892.75
1192.3,895.25
1188.8,898.25
1187.8,901.75
1184.3,906.75
1181.8,908.75
1178.3,910.75
1177.3,913.25
1177.8,917.25
1177.3,921.75
1178.3,926.75
1181.3,931.75
1183.3,935.25
1185.3,939.25
1187.8,941.25
1191.3,943.25
1192.3,945.25
1194.3,947.75
1201.3,951.25
