1273.3,923.25
1267.8,917.25
1265.8,912.25
1259.8,906.75
1255.3,899.75
1250.3,895.75
1247.3,892.75
1243.8,886.25
1237.3,882.25
1232.8,875.75
1228.8,872.75
1224.3,870.75
1219.8,867.25
1216.3,864.25
1210.8,861.75
1203.8,859.75
1199.3,857.25
1192.8,856.25
1188.8,854.25
1185.3,855.75
1179.8,857.25
1174.3,862.25
1168.3,863.75
1160.3,862.25
1155.8,862.25
1148.8,860.75
1143.3,862.75
1139.3,869.25
1139.8,875.75
1139.8,884.75
1142.8,894.25
1143.3,901.25
1147.3,907.75
1150.3,912.75
1156.3,921.75
1158.3,927.25
1159.3,931.25
1162.3,937.25
1165.3,942.25
1167.8,947.75
1171.3,953.75
1174.3,960.25
1177.3,965.25
1178.3,969.25
1182.3,977.25
1181.8,983.75
1184.3,989.75
1186.3,994.25
1193.3,1000.8
1202.8,995.75
1208.3,994.25
1215.8,995.25
1215.3,1000.3
1219.8,1003.3
1224.3,1004.8
1233.3,1001.3
1237.3,998.25
1243.3,992.25
1246.3,994.75
1249.3,1002.3
1250.8,1004.3
1253.8,1000.3
1253.8,994.25
1253.8,983.75
1253.3,973.75
1250.8,967.25
1257.8,963.25
1259.8,967.75
1265.3,968.75
1268.8,965.25
1270.8,959.75
1271.8,958.75
1271.3,954.25
1272.3,949.25
1277.3,945.75
1286.8,948.75
1291.8,947.25
1288.8,942.25
1287.3,935.75
1283.3,929.25
1273.3,923.25
