1442.3,910.25
1444.3,917.25
1448.8,924.75
1452.8,932.75
1459.8,937.25
1468.8,943.75
1476.3,947.25
1484.3,949.75
1490.3,947.25
1495.8,943.25
1498.8,936.75
1499.8,930.25
1503.8,922.75
1503.3,910.75
1498.3,900.75
1495.8,890.75
1491.8,883.75
1488.3,877.75
1486.8,869.75
1482.8,859.75
1477.3,854.25
1473.8,845.75
1472.3,838.25
1467.8,834.75
1460.8,831.25
1454.3,825.75
1450.8,817.25
1444.8,813.25
1438.8,808.25
1434.8,804.75
1429.3,802.75
1423.8,800.75
1418.8,800.75
1413.8,802.25
1410.3,805.25
1407.8,810.75
1406.3,818.25
1408.8,823.25
1410.3,827.75
1411.8,833.75
1411.8,837.75
1412.3,844.25
1412.8,848.75
1413.3,853.25
1414.8,857.75
1416.3,862.25
1415.8,869.75
1419.3,874.25
1421.3,878.25
1423.3,883.75
1426.8,886.25
1430.8,890.75
1434.3,895.25
1435.3,900.25
1439.8,904.75
1442.3,910.25
