818.25,549.25
822.75,547.75
830.75,545.75
838.25,542.25
841.25,535.75
846.75,530.75
849.75,524.25
849.25,518.25
853.75,512.25
861.25,509.25
868.25,507.25
877.25,502.25
880.25,498.25
879.25,491.25
876.25,484.75
871.25,481.25
868.25,477.75
860.75,475.75
851.75,475.25
841.75,474.25
836.75,473.25
832.75,473.25
828.75,473.25
823.25,473.25
819.25,475.25
815.25,476.75
810.25,477.25
806.25,480.25
800.75,482.25
798.75,486.75
792.75,489.75
790.25,492.75
788.25,496.25
786.25,500.75
783.75,505.75
782.25,510.25
782.25,514.25
784.75,519.25
786.75,526.25
788.75,530.25
791.75,534.25
798.75,538.75
804.25,542.25
810.25,548.25
818.25,549.25
