1371.8,1046.8
1376.8,1053.3
1380.8,1059.3
1383.8,1061.3
1388.8,1063.3
1392.3,1065.8
1395.8,1068.8
1399.8,1069.8
1403.8,1071.8
1408.8,1074.3
1412.8,1073.3
1417.8,1072.8
1420.3,1069.8
1421.8,1064.8
1423.3,1059.8
1426.3,1055.8
1430.3,1053.8
1433.8,1049.3
1434.8,1045.3
1434.8,1040.3
1431.3,1036.3
1428.3,1030.8
1425.8,1025.3
1423.3,1019.8
1419.8,1017.8
1418.3,1016.8
1414.3,1012.3
1411.8,1007.3
1409.8,1003.8
1407.8,1001.8
1403.3,999.75
1398.8,999.75
1396.3,999.75
1392.3,999.75
1389.3,1001.3
1384.8,1002.8
1379.3,1006.8
1377.8,1008.3
1375.3,1009.8
1374.3,1011.8
1371.8,1015.3
1370.8,1017.3
1367.8,1021.3
1366.8,1024.3
1366.3,1028.3
1366.3,1032.3
1367.3,1036.8
1367.8,1040.3
1371.8,1046.8
