1109.3,465.25
1106.3,467.25
1101.3,468.75
1102.3,472.25
1103.3,476.75
1105.8,479.75
1105.8,483.75
1107.3,488.25
1108.8,491.75
1112.3,495.25
1111.8,501.25
1110.8,506.75
1117.8,506.75
1123.8,506.75
1131.8,505.25
1138.3,497.25
1143.3,490.25
1151.8,488.25
1161.8,483.75
1170.8,483.75
1177.3,483.75
1187.8,483.75
1195.3,481.75
1201.3,480.25
1207.8,477.25
1212.3,474.25
1222.8,469.75
1230.3,466.25
1236.8,462.25
1243.8,458.25
1246.8,452.75
1251.3,451.75
1264.3,445.25
1267.3,441.75
1274.8,437.25
1277.8,434.25
1277.3,429.25
1277.3,424.75
1275.3,421.75
1269.3,423.75
1265.8,425.25
1259.8,426.75
1252.8,428.25
1247.3,428.75
1240.8,429.75
1234.8,429.75
1226.8,429.75
1218.8,430.25
1215.3,429.75
1209.8,428.25
1203.8,426.75
1198.8,425.25
1193.8,424.25
1188.8,424.75
1183.3,424.25
1178.8,424.75
1174.3,425.75
1169.8,426.25
1165.8,427.75
1162.8,428.25
1159.8,429.25
1156.3,429.75
1152.3,431.25
1150.3,432.75
1147.8,434.25
1145.3,435.75
1139.3,441.25
1135.8,440.75
1133.8,444.75
1136.3,442.25
1129.8,447.25
1126.3,448.25
1122.3,451.25
1118.8,453.75
1117.8,454.75
1114.8,457.75
1111.8,461.75
1109.3,465.25
