1412.5,1091.5
1423.5,1093.5
1433.5,1096.5
1447.5,1098.5
1458.5,1101.5
1465.5,1104.5
1474.5,1099.5
1478.5,1088.5
1470.5,1077.5
1463.5,1067.5
1455.5,1060.5
1447.5,1052.5
1441.5,1045.5
1436.5,1037.5
1431.5,1029.5
1427.5,1021.5
1425.5,1013.5
1420.5,1003.5
1416.5,995.5
1409.5,988.5
1400.5,979.5
1392.5,968.5
1386.5,959.5
1375.5,954.5
1369.5,953.5
1362.5,950.5
1356.5,946.5
1350.5,948.5
1346.5,955.5
1344.5,962.5
1346.5,969.5
1344.5,976.5
1343.5,984.5
1345.5,994.5
1345.5,1004.5
1347.5,1014.5
1349.5,1023.5
1349.5,1030.5
1351.5,1039.5
1358.5,1044.5
1364.5,1050.5
1370.5,1057.5
1378.5,1065.5
1386.5,1073.5
1395.5,1080.5
1405.5,1086.5
1412.5,1091.5
