590.75,1207.8
598.75,1210.3
604.75,1212.8
611.25,1216.3
621.75,1220.8
628.75,1221.8
633.25,1225.3
642.25,1226.3
647.75,1220.3
652.25,1216.3
657.75,1213.8
664.25,1212.3
667.75,1204.8
671.25,1197.8
673.25,1190.3
674.75,1183.8
670.75,1179.3
665.25,1172.3
668.75,1167.8
665.75,1160.8
660.25,1156.8
658.25,1152.8
653.75,1147.8
648.25,1143.8
642.75,1140.3
637.75,1139.8
633.25,1140.3
629.75,1138.8
625.25,1139.8
622.75,1141.3
617.75,1144.3
613.25,1143.8
606.75,1141.8
604.25,1146.8
598.75,1149.8
595.25,1154.8
591.75,1157.8
586.75,1163.3
582.25,1167.8
583.25,1172.8
586.25,1178.8
584.75,1183.3
582.25,1189.3
583.25,1195.3
586.75,1199.8
590.75,1207.8
