754.75,244.25
762.75,240.25
770.25,233.75
776.25,229.75
788.25,229.25
798.25,232.25
804.25,233.25
809.75,232.25
810.75,226.75
807.75,217.75
804.25,211.75
798.25,207.25
791.75,201.75
790.25,194.75
787.25,185.75
780.25,181.25
775.25,171.75
770.25,164.25
766.25,159.75
759.25,149.25
754.25,144.25
747.25,137.75
739.75,138.75
733.75,140.75
733.75,145.75
728.75,149.75
724.25,153.75
719.75,156.25
716.25,159.25
714.75,164.25
713.75,170.25
714.75,178.25
716.75,184.25
719.25,191.75
723.75,198.25
727.75,205.75
732.75,213.75
732.25,221.25
731.75,227.25
736.25,232.75
739.25,235.25
744.25,238.25
751.75,242.75
754.75,244.25
