942.25,1184.3
948.75,1188.8
955.25,1193.3
958.75,1197.3
958.75,1203.8
959.75,1210.8
961.25,1215.3
963.75,1223.3
967.75,1227.3
971.25,1230.8
974.25,1238.3
977.25,1243.3
977.75,1247.8
979.25,1251.3
982.75,1257.3
982.25,1260.8
976.75,1263.8
969.75,1265.3
965.25,1264.8
963.25,1267.8
961.75,1272.3
957.75,1276.8
954.25,1280.3
948.25,1277.3
942.25,1275.8
940.25,1269.8
940.75,1262.3
938.75,1255.8
933.75,1251.8
927.25,1246.8
924.25,1239.8
915.75,1234.8
911.75,1230.3
909.25,1224.8
909.25,1218.3
908.25,1210.3
907.25,1203.8
907.25,1196.3
910.25,1190.3
917.25,1184.8
923.75,1182.8
926.75,1176.8
933.25,1179.8
942.25,1184.3
