1294.3,934.75
1288.3,931.25
1283.3,931.25
1277.3,932.25
1270.3,935.25
1269.3,939.25
1267.3,945.75
1267.8,950.75
1269.3,956.75
1270.3,962.25
1272.3,967.25
1275.8,971.25
1278.8,975.75
1281.3,979.25
1283.8,982.75
1287.8,986.75
1289.8,990.25
1291.8,993.75
1295.8,997.25
1300.8,999.25
1305.3,1000.8
1309.8,1006.3
1312.3,1002.8
1315.8,1000.8
1319.3,996.25
1321.8,990.75
1323.3,987.75
1328.8,988.25
1329.8,983.75
1327.3,981.25
1325.3,976.75
1322.8,971.75
1321.8,966.25
1319.8,960.75
1317.3,955.75
1313.3,950.75
1309.3,948.75
1304.8,945.25
1301.3,941.25
1297.3,938.25
1294.3,934.75
