230.25,283.75
236.25,284.75
240.25,287.25
247.25,289.75
255.25,292.25
259.75,291.25
265.75,292.25
270.25,293.75
276.75,292.75
282.75,292.75
290.25,289.75
296.75,286.25
301.25,281.25
304.25,276.25
305.25,269.25
304.75,261.75
306.25,253.75
305.25,247.25
307.25,241.25
307.25,233.75
305.75,229.75
303.75,221.75
298.75,217.25
294.75,213.25
289.75,209.75
285.75,206.25
279.25,204.25
275.25,200.25
270.25,198.75
266.75,198.75
262.25,199.75
259.25,202.25
255.25,202.25
249.75,203.25
243.75,204.75
240.75,207.25
235.25,208.75
232.75,210.75
228.75,213.75
224.75,216.25
221.75,220.25
218.25,220.25
214.25,219.75
210.75,222.75
208.25,226.25
206.75,230.25
204.75,230.25
202.25,236.25
202.25,242.25
204.25,249.75
204.75,256.25
208.25,262.75
208.75,268.25
211.25,272.75
213.25,276.25
217.25,280.75
221.25,283.75
225.25,284.75
230.25,283.75
