244.25,263.25
251.25,267.75
257.75,270.75
263.75,272.75
269.25,273.75
273.75,271.75
277.25,267.75
280.25,262.25
283.25,255.75
286.75,247.25
289.75,242.25
289.75,236.25
291.75,231.25
290.25,224.25
285.75,219.25
279.75,215.75
274.25,211.25
270.25,210.25
265.25,209.25
260.75,206.75
253.75,205.25
249.25,205.75
246.25,207.25
244.75,209.75
243.25,213.75
239.25,216.75
236.25,217.75
237.25,222.75
235.25,225.25
233.25,230.25
231.25,233.75
228.25,238.75
227.25,242.25
228.25,248.75
230.75,252.75
234.75,255.25
238.25,257.75
244.25,263.25
