1605.3,995.25
1609.3,999.25
1612.8,1004.8
1617.3,1006.3
1619.8,1007.8
1622.3,1010.3
1626.8,1013.3
1630.3,1018.8
1631.3,1020.3
1633.3,1015.3
1635.3,1013.3
1636.8,1007.8
1638.3,1001.8
1640.3,996.25
1642.3,989.75
1643.3,986.25
1648.3,982.75
1654.3,979.25
1654.8,974.25
1652.8,966.75
1650.3,962.25
1645.8,957.25
1639.8,952.25
1635.3,948.75
1631.3,944.25
1627.3,940.25
1625.3,935.75
1623.3,933.25
1620.3,935.75
1617.8,936.75
1612.8,938.25
1608.8,937.75
1605.8,937.75
1603.3,940.25
1602.3,945.25
1602.3,949.25
1605.8,951.75
1607.3,955.75
1608.8,959.25
1608.8,962.75
1609.8,966.75
1607.3,968.75
1608.3,971.25
1610.3,975.75
1611.8,978.75
1612.3,983.25
1610.3,981.25
1606.3,979.75
1604.3,979.75
1603.3,984.25
1603.8,986.25
1603.3,991.75
1605.3,995.25
