86.75,1336.8
91.25,1343.8
97.75,1352.8
104.25,1357.8
113.25,1361.8
115.25,1365.8
116.25,1371.8
122.75,1371.8
129.25,1372.3
135.75,1372.3
139.25,1371.3
143.75,1368.3
141.75,1364.3
137.75,1359.3
129.25,1351.8
127.25,1341.8
125.25,1334.3
124.25,1325.8
125.75,1316.3
125.75,1307.8
125.75,1294.3
126.25,1279.3
123.25,1271.3
119.75,1265.3
112.25,1261.8
104.75,1256.3
95.75,1252.8
90.25,1252.8
83.75,1251.8
75.75,1253.8
68.75,1253.3
64.25,1252.8
56.75,1249.8
51.25,1250.8
43.25,1250.8
36.75,1254.3
30.25,1256.3
22.75,1258.8
18.25,1261.8
9.75,1265.3
7.75,1273.3
14.75,1278.3
24.75,1281.8
27.25,1285.8
37.25,1289.3
42.25,1292.3
48.75,1291.8
53.75,1295.3
57.75,1301.3
62.25,1310.3
67.75,1311.8
72.25,1318.3
74.75,1323.8
76.75,1332.3
83.75,1334.3
86.75,1336.8
