1297.8,922.25
1304.3,926.25
1312.3,930.75
1315.8,929.75
1321.8,926.25
1325.8,921.75
1329.8,916.75
1334.8,912.25
1337.8,905.25
1337.8,900.25
1337.3,894.25
1331.8,890.25
1329.3,885.75
1331.8,884.75
1328.8,881.75
1325.3,873.25
1318.8,864.75
1309.8,861.25
1305.3,850.25
1296.3,846.75
1287.3,842.75
1283.8,841.75
1277.8,840.75
1269.8,855.75
1269.3,859.25
1264.8,865.75
1262.8,870.25
1262.3,876.25
1258.8,882.25
1257.3,889.75
1259.8,892.75
1263.3,901.75
1267.3,907.75
1274.8,912.25
1281.8,916.75
1286.8,920.25
1290.8,921.25
1297.8,922.25
