1045.3,851.25
1049.3,846.25
1051.8,840.75
1055.8,837.25
1059.8,834.75
1062.3,831.25
1060.3,825.75
1058.8,819.75
1057.3,815.75
1053.3,810.25
1049.8,804.75
1045.8,797.75
1041.8,792.25
1040.3,787.25
1036.8,784.25
1031.8,780.75
1028.3,777.25
1022.8,770.75
1023.8,765.25
1019.8,763.25
1015.8,762.25
1010.3,759.75
1006.3,760.25
1004.8,762.25
1000.3,765.25
995.25,763.25
991.75,763.75
987.25,767.75
984.25,768.75
980.75,769.25
978.75,772.75
976.75,776.25
974.75,778.75
972.75,784.25
975.25,788.75
978.75,790.75
982.25,794.75
982.25,798.75
982.75,803.75
987.25,806.25
986.25,810.75
983.75,815.25
982.75,818.75
985.75,822.75
985.75,827.25
984.75,831.75
982.75,835.25
980.25,838.25
981.25,844.75
983.75,846.75
986.25,848.75
987.25,851.75
987.25,857.25
989.25,861.75
991.25,868.25
989.75,872.75
989.25,878.25
993.75,877.25
998.75,874.25
1002.8,871.25
1008.8,875.25
1015.3,871.75
1018.3,866.75
1021.8,866.75
1025.8,863.75
1029.8,865.75
1031.8,865.75
1035.3,865.25
1037.3,860.25
1042.3,857.25
1045.3,851.25
