1463.6,1472.1
1465.9,1473.9
1469.4,1474.9
1472.6,1476.4
1475.9,1477.9
1478.4,1478.1
1481.9,1478.1
1485.4,1477.9
1487.6,1478.4
1490.4,1480.1
1491.1,1476.9
1493.9,1476.6
1495.1,1473.4
1497.4,1472.4
1499.1,1469.9
1501.6,1468.4
1504.1,1465.6
1505.1,1463.9
1507.1,1460.4
1509.4,1459.1
1509.9,1455.9
1510.6,1453.6
1510.1,1449.1
1512.1,1447.4
1511.4,1445.9
1509.1,1443.1
1508.4,1440.9
1506.1,1439.1
1503.6,1437.4
1500.9,1435.6
1499.1,1433.4
1496.6,1432.4
1495.4,1430.9
1493.9,1428.9
1492.1,1427.6
1490.1,1426.6
1487.4,1424.6
1485.1,1422.9
1482.9,1421.4
1480.6,1420.9
1478.6,1421.1
1476.1,1420.6
1474.1,1419.6
1472.4,1419.9
1470.9,1420.6
1469.1,1421.1
1466.9,1420.6
1464.4,1421.1
1462.9,1423.1
1460.9,1424.4
1459.4,1426.1
1458.4,1428.1
1456.9,1429.6
1455.4,1430.4
1453.6,1432.1
1452.4,1433.9
1450.1,1435.4
1448.1,1436.4
1447.1,1438.6
1444.9,1440.6
1443.6,1442.1
1443.1,1445.1
1442.4,1446.9
1442.6,1449.1
1443.6,1451.4
1443.9,1453.9
1445.1,1456.1
1447.1,1458.4
1448.4,1460.4
1450.4,1462.1
1452.4,1464.4
1455.4,1465.9
1456.6,1467.6
1457.9,1469.1
1459.4,1470.1
1463.6,1472.1
