1462.4,1462.9
1466.9,1463.6
1470.4,1463.4
1473.9,1462.9
1476.6,1463.9
1479.1,1465.4
1482.1,1465.6
1484.1,1464.1
1485.4,1463.1
1488.9,1461.1
1491.6,1460.6
1495.6,1459.1
1499.6,1459.4
1501.9,1457.9
1503.6,1454.6
1504.6,1451.4
1504.1,1448.4
1504.9,1444.9
1502.6,1442.1
1499.1,1439.4
1494.9,1436.4
1493.1,1434.4
1491.1,1432.1
1489.1,1429.6
1486.6,1429.4
1484.4,1429.6
1478.4,1427.6
1475.9,1429.1
1473.1,1430.4
1469.9,1431.6
1467.4,1431.1
1465.6,1432.9
1463.6,1433.9
1461.4,1435.6
1458.6,1438.1
1458.1,1440.4
1456.4,1442.4
1457.4,1444.6
1457.9,1447.4
1457.6,1449.6
1455.9,1451.9
1454.1,1454.6
1455.6,1457.9
1457.9,1460.4
1460.1,1461.9
1462.4,1462.9
