1363,1089
1371,1092
1377.5,1092.5
1382.5,1092.5
1391.5,1092
1397,1090.5
1403.5,1088
1408,1086.5
1411.5,1085
1414,1083
1417,1081
1418.5,1080
1421.5,1078.5
1422.5,1076
1427,1072.5
1429,1067.5
1432,1065
1433.5,1061
1435.5,1059.5
1436,1057.5
1440.5,1054
1441.5,1051
1441.5,1048.5
1440,1042.5
1440.5,1036
1438,1030.5
1437,1025
1433.5,1022
1430.5,1018
1425.5,1015
1421.5,1013
1418.5,1010
1415.5,1010
1410.5,1009.5
1405.5,1008
1401.5,1006.5
1398.5,1006
1395.5,1005
1392.5,1004.5
1388.5,1003.5
1384,1002.5
1380,1001.5
1375,1000.5
1370.5,1000
1366.5,1001
1362.5,1002.5
1359.5,1005
1356.5,1006.5
1353.5,1007.5
1351,1008.5
1349.5,1011.5
1347,1013.5
1343.5,1016.5
1341,1019.5
1336.5,1022.5
1335,1027
1333,1031
1332,1034
1329.5,1038
1329.5,1043
1328.5,1048.5
1329.5,1053
1331,1058
1333.5,1063
1335.5,1066.5
1338,1071
1341,1074
1346,1079
1350.5,1081.5
1353.5,1083.5
1359,1088
1363,1089
