1383.5,1071
1391,1072.5
1399,1070.5
1402.5,1065.5
1406.5,1060.5
1409.5,1055
1407,1050
1411.5,1046
1413,1041.5
1414.5,1035.5
1413,1028.5
1419,1026
1424,1021.5
1420.5,1018
1416,1015.5
1408.5,1011.5
1404,1010
1399.5,1008.5
1395,1008.5
1387.5,1006
1383,1005.5
1378,1005.5
1373,1006.5
1367,1005.5
1364,1006.5
1361,1008.5
1358.5,1011
1354,1012
1351.5,1015.5
1349,1019.5
1348,1022.5
1345,1027
1344,1031
1343,1035.5
1344,1040
1346,1046.5
1349.5,1051
1349.5,1056
1351.5,1060
1354.5,1061
1359,1065.5
1366,1067
1371,1067
1374,1069.5
1377.5,1070
1380.5,1070.5
1383.5,1071
