1088.1,536.38
1092.9,534.88
1097.6,537.38
1101.6,536.13
1104.9,533.38
1106.4,532.13
1106.6,527.63
1106.4,523.88
1107.6,521.13
1109.9,517.63
1110.6,513.13
1110.1,509.63
1109.1,506.38
1106.1,502.88
1103.9,500.63
1101.6,499.63
1099.1,496.88
1095.4,495.63
1091.6,494.63
1088.9,493.63
1085.4,493.63
1084.1,494.88
1083.1,496.13
1081.4,497.88
1080.9,499.13
1078.4,499.63
1077.6,501.63
1076.6,502.88
1075.1,504.88
1073.9,506.88
1072.6,509.13
1072.1,512.13
1071.1,514.38
1071.6,516.38
1071.4,517.38
1073.4,520.13
1074.9,521.63
1076.6,522.38
1079.9,522.63
1081.6,523.63
1083.4,524.88
1083.9,527.63
1084.9,529.88
1085.1,532.88
1085.6,534.88
1088.1,536.38
