1921.3,658.25
1931.8,657.75
1938.3,655.25
1947.3,654.25
1954.8,654.25
1961.3,651.25
1967.3,650.25
1973.8,648.75
1981.8,653.75
1986.3,653.25
1990.8,651.25
1993.3,648.75
1993.3,644.75
1993.3,639.25
1988.3,634.25
1990.3,626.25
1994.8,619.75
1999.8,615.75
1995.8,611.75
1990.3,610.25
1983.8,610.75
1974.3,610.75
1966.8,608.75
1959.3,607.75
1949.8,606.25
1943.3,603.25
1936.3,601.25
1931.3,600.75
1923.3,598.75
1916.3,597.25
1907.3,595.25
1897.3,594.75
1891.3,597.75
1884.8,601.25
1882.8,607.25
1881.8,613.25
1886.3,616.75
1890.3,620.75
1895.8,624.75
1897.8,631.25
1900.3,638.25
1905.3,644.75
1908.8,650.75
1913.8,653.75
1921.3,658.25
