1235.3,572.75
1246.8,575.75
1254.3,577.25
1261.8,579.25
1267.8,581.75
1270.8,584.75
1272.3,587.75
1278.8,591.25
1288.8,588.25
1297.8,585.25
1305.3,582.25
1309.3,574.25
1315.8,571.75
1320.3,562.75
1320.8,557.75
1318.3,553.75
1315.8,549.25
1313.3,543.75
1307.3,536.25
1305.3,528.75
1298.8,521.25
1296.8,516.75
1289.3,513.25
1284.8,508.25
1279.8,504.25
1271.3,498.25
1268.8,492.75
1262.8,489.25
1254.8,487.25
1250.8,486.75
1243.3,485.25
1239.3,486.25
1234.3,489.25
1231.3,492.75
1231.3,497.25
1229.3,499.75
1225.3,499.25
1220.8,500.75
1217.8,502.75
1213.8,508.25
1210.8,504.75
1207.8,508.25
1203.3,512.75
1199.3,515.75
1196.8,518.75
1195.3,523.75
1193.3,529.25
1197.3,533.75
1200.8,535.75
1204.8,540.25
1201.8,542.75
1200.3,544.25
1202.3,549.75
1204.3,553.25
1209.3,557.75
1215.8,564.25
1220.3,566.25
1227.3,568.75
1232.3,571.75
1235.3,572.75
