1091.9,545.63
1097.6,543.88
1103.6,543.13
1108.4,542.38
1110.9,539.13
1115.6,535.38
1120.6,535.63
1126.9,535.88
1128.1,533.63
1130.9,531.13
1131.9,527.38
1132.9,523.63
1131.6,519.88
1128.6,518.13
1126.6,515.63
1123.9,511.88
1123.9,511.38
1119.9,508.63
1118.1,507.13
1116.4,503.88
1113.9,501.88
1111.6,498.63
1108.4,494.88
1104.1,491.38
1100.4,490.38
1097.9,489.63
1093.9,489.38
1095.1,489.63
1091.6,489.63
1090.9,489.13
1087.4,489.63
1084.1,489.38
1082.9,489.13
1079.9,491.38
1077.1,493.38
1075.6,495.63
1072.9,498.13
1072.1,499.38
1069.6,500.88
1067.4,502.63
1067.6,505.88
1067.1,508.13
1067.1,510.63
1065.4,513.13
1065.6,515.38
1064.9,517.63
1065.9,519.38
1067.9,522.13
1068.9,524.63
1072.4,526.63
1075.4,525.88
1078.4,528.38
1078.4,530.38
1078.4,533.38
1078.4,535.38
1078.1,537.38
1079.1,539.38
1080.9,541.13
1084.1,543.88
1088.1,544.13
1091.9,545.63
