1394.3,368.75
1401.8,363.75
1408.8,359.25
1415.8,354.75
1425.3,345.75
1434.3,331.75
1440.8,324.25
1444.8,313.25
1451.3,307.75
1451.3,302.75
1454.3,298.25
1457.8,291.75
1461.3,284.25
1466.3,277.75
1470.3,270.25
1468.8,267.25
1465.8,259.25
1461.3,253.75
1456.3,246.25
1448.3,244.75
1440.8,242.25
1431.3,241.75
1423.8,240.25
1415.8,239.25
1406.3,239.75
1400.8,242.25
1396.3,244.25
1391.8,246.25
1387.3,250.25
1382.3,252.75
1380.3,256.75
1375.3,259.25
1372.3,263.25
1363.8,267.75
1358.3,272.75
1354.3,278.25
1351.8,284.75
1351.8,293.25
1351.3,302.25
1348.8,311.25
1349.8,321.75
1353.8,331.25
1352.8,341.25
1355.3,345.25
1359.8,353.25
1360.3,359.25
1368.8,360.25
1373.8,364.25
1379.3,368.75
1385.8,369.75
1396.8,367.75
1394.3,368.75
