940.75,462.25
941.75,468.75
941.25,476.75
941.25,481.75
944.25,484.75
951.75,488.75
957.25,489.75
961.75,490.25
967.25,489.25
973.25,483.75
975.75,479.25
979.25,473.25
981.75,466.75
986.25,459.25
989.25,455.25
988.25,447.75
993.75,439.75
1002.8,434.75
1007.3,424.25
1008.3,417.25
1001.3,412.25
994.75,412.25
991.25,413.75
986.75,417.25
983.25,414.25
982.75,408.75
978.75,404.25
975.25,403.75
970.75,403.75
967.75,403.25
956.75,408.25
955.75,411.25
957.25,413.75
954.25,416.75
949.25,419.75
948.75,426.25
945.75,431.25
944.75,437.25
944.25,440.75
944.25,445.75
942.25,452.25
941.25,457.25
940.75,462.25
