1902.3,744.25
1908.3,740.25
1918.3,738.75
1930.8,738.75
1939.8,738.75
1944.8,737.75
1949.8,737.75
1956.8,737.25
1962.8,737.25
1966.3,740.75
1967.8,745.25
1966.3,750.25
1964.3,757.25
1964.8,761.75
1961.8,766.75
1961.8,771.75
1960.8,777.25
1959.8,781.75
1959.8,782.75
1957.3,786.25
1953.8,790.75
1950.8,794.25
1946.8,796.75
1943.3,800.25
1940.8,803.25
1936.3,804.75
1933.3,806.75
1929.3,807.25
1925.3,806.75
1923.3,808.25
1921.3,811.25
1916.3,812.75
1912.3,812.75
1907.3,812.75
1903.3,812.75
1896.3,811.75
1891.8,809.75
1882.8,805.75
1880.3,807.75
1877.8,809.75
1876.8,812.75
1875.8,818.25
1873.8,820.75
1870.3,822.25
1865.8,824.75
1859.3,821.25
1853.8,812.75
1851.3,801.75
1854.3,791.75
1859.3,785.25
1864.8,776.25
1875.3,769.75
1879.8,762.75
1884.8,758.25
1888.8,753.25
1893.8,749.75
1902.3,744.25
