470.38,1229.4
473.38,1226.1
476.88,1222.6
479.38,1220.6
482.63,1217.9
484.13,1214.6
486.38,1210.6
488.38,1206.4
490.88,1202.4
492.63,1199.1
492.13,1196.1
490.13,1194.9
486.13,1191.6
484.13,1190.4
479.88,1187.4
475.88,1183.4
472.13,1181.9
466.88,1181.4
463.63,1183.6
458.63,1184.4
456.38,1184.6
453.38,1184.9
449.13,1184.6
445.63,1184.4
441.38,1184.4
436.88,1183.9
431.88,1183.4
428.13,1183.4
425.88,1183.4
423.38,1186.4
424.13,1190.4
424.13,1194.6
424.63,1199.1
423.13,1203.6
422.13,1205.9
421.38,1208.9
421.13,1210.9
421.88,1216.4
426.13,1219.6
426.38,1222.6
426.88,1226.1
427.63,1229.6
426.38,1232.4
425.38,1234.9
425.63,1235.9
423.63,1236.4
422.63,1238.9
422.88,1241.4
424.88,1242.4
426.63,1242.6
431.38,1241.9
433.13,1240.4
436.38,1239.6
454.88,1231.9
470.38,1229.4
