785.75,627.75
788.75,634.75
789.75,639.75
792.25,645.25
796.25,649.75
801.25,650.25
806.75,646.25
814.25,643.25
822.25,638.75
831.25,634.75
835.75,631.25
842.75,625.25
846.75,619.25
848.25,614.25
853.25,611.75
854.75,605.75
852.25,598.75
852.25,593.25
849.25,582.25
845.75,574.25
843.25,564.25
840.25,558.25
832.75,556.25
828.25,554.75
822.25,555.75
820.25,560.25
818.25,566.25
813.25,569.25
809.75,573.25
805.25,576.75
800.25,578.75
794.75,578.75
789.25,574.75
786.25,572.25
785.25,578.25
783.75,584.75
781.25,590.75
779.25,597.25
779.25,603.75
779.25,607.75
780.75,612.75
780.75,617.75
783.25,621.25
785.75,627.75
