736.88,590.38
740.13,592.63
744.63,594.63
747.63,595.13
753.13,596.13
757.38,597.38
761.88,597.38
764.63,596.88
768.13,596.63
773.63,593.88
776.88,590.38
777.88,586.38
778.88,582.13
780.38,577.88
781.38,573.13
781.13,570.38
779.63,567.13
776.38,565.13
774.38,564.13
770.63,560.38
766.88,558.38
763.63,554.38
760.13,551.38
758.13,547.88
755.88,544.38
752.38,539.38
750.13,535.13
746.63,529.88
743.63,529.38
742.13,531.38
737.63,533.88
735.63,535.63
733.88,536.63
730.38,538.13
728.63,540.13
725.38,541.88
722.38,544.13
719.88,545.88
717.63,547.38
711.13,549.38
707.63,552.38
705.63,554.88
704.13,558.63
705.13,561.38
705.38,563.13
707.38,565.13
707.13,568.38
706.63,571.38
706.88,574.13
709.88,575.13
713.63,576.63
715.63,579.38
717.38,581.63
721.13,583.88
724.88,587.38
730.13,588.88
733.13,590.13
736.88,590.38
