92.75,1110.8
102.25,1119.8
118.75,1123.3
132.25,1124.3
137.75,1127.3
145.75,1128.8
156.25,1130.3
163.75,1131.3
169.75,1128.8
177.25,1122.3
180.25,1116.8
185.75,1110.8
186.75,1106.3
187.75,1101.3
188.75,1094.3
183.75,1085.8
181.25,1077.3
177.25,1070.8
172.75,1066.3
166.25,1061.8
159.25,1053.8
156.25,1044.8
150.75,1033.8
142.25,1030.3
136.25,1029.3
128.75,1028.3
119.75,1028.3
113.25,1025.8
107.75,1020.8
102.75,1013.3
98.75,1007.3
92.25,1004.8
87.25,1005.3
83.25,1008.3
79.75,1010.8
75.25,1013.3
69.25,1018.3
68.25,1022.3
67.25,1026.8
68.25,1029.8
68.75,1034.3
67.25,1040.8
64.75,1046.3
62.75,1051.3
62.25,1056.3
61.75,1062.3
61.75,1069.3
63.75,1075.8
66.25,1081.3
69.75,1085.8
74.75,1093.3
80.25,1098.3
86.25,1104.3
92.75,1110.8
