646.25,800.75
654.75,805.25
661.25,805.75
668.25,808.25
675.25,808.25
686.75,809.25
691.75,811.75
694.25,816.75
697.75,817.25
699.75,812.75
703.75,811.75
708.75,809.75
711.75,805.75
711.75,801.75
707.25,799.75
703.75,797.75
699.75,795.25
695.25,794.25
689.75,790.25
684.25,785.75
679.75,780.25
670.75,774.25
665.75,771.25
662.25,768.25
654.75,765.25
647.75,764.75
639.25,762.75
634.75,765.75
630.25,769.75
626.75,773.75
622.25,779.25
619.25,784.75
614.75,788.75
612.25,794.25
610.75,801.25
608.25,805.75
614.75,806.75
617.75,806.25
626.25,806.25
623.25,807.75
633.25,803.25
645.75,802.25
646.25,800.75
