548.88,676.63
550.63,680.13
552.63,683.63
555.63,685.63
559.38,685.63
564.63,686.88
567.38,686.88
570.13,687.13
575.38,686.88
579.38,685.38
583.88,684.13
587.13,682.38
592.13,679.38
593.63,677.38
595.13,671.88
595.63,669.88
597.88,665.38
599.63,661.38
598.88,657.13
598.38,652.13
595.13,647.13
593.38,643.63
590.63,639.38
587.88,635.63
584.13,635.63
579.13,635.63
573.63,634.63
569.88,634.13
564.13,634.13
561.13,634.63
557.63,635.13
553.13,636.38
549.63,637.88
545.38,639.88
541.88,642.63
540.63,645.38
538.13,648.88
536.63,653.63
537.13,658.38
535.38,659.88
535.38,665.13
539.13,668.38
541.88,670.38
545.13,672.88
546.13,674.38
548.88,676.63
