790.38,301.63
795.88,301.63
802.88,302.88
807.88,301.88
815.63,301.88
823.38,301.63
829.38,300.13
837.13,297.63
843.88,295.88
846.13,289.38
851.13,283.63
851.38,276.13
849.63,271.63
844.38,268.38
839.13,265.13
834.63,258.88
828.38,253.38
823.38,251.88
818.63,251.13
811.38,250.88
805.63,251.88
797.13,255.13
793.13,256.63
792.13,259.88
790.38,264.13
787.88,267.63
784.88,273.63
782.38,276.13
780.63,277.63
777.63,281.88
777.88,285.63
777.63,289.38
778.88,291.88
781.63,295.13
785.13,298.13
790.38,301.63
