1760.6,714.63
1760.4,719.63
1758.9,726.38
1759.6,729.38
1761.1,734.13
1761.9,738.63
1762.1,744.38
1762.4,750.38
1762.9,753.63
1764.9,757.38
1766.9,762.13
1768.6,764.63
1773.6,766.63
1776.4,765.13
1779.4,763.63
1781.4,760.63
1783.6,757.63
1784.6,754.63
1785.4,750.88
1786.4,746.88
1786.1,740.63
1786.6,735.38
1786.9,729.63
1785.9,723.38
1784.9,717.88
1783.1,713.13
1779.1,710.88
1775.4,707.63
1770.6,703.88
1766.6,701.13
1763.6,700.88
1762.1,702.38
1761.9,703.88
1760.1,706.88
1760.4,708.88
1759.6,711.38
1760.6,714.63
