963.25,718.75
968.75,715.25
973.75,714.25
977.75,718.25
987.25,716.25
992.75,707.75
997.25,700.75
996.75,693.25
996.25,685.75
997.75,678.75
999.25,668.75
1001.3,659.75
1003.3,650.75
1002.8,643.75
1001.3,637.25
999.25,630.25
998.75,620.25
1000.3,609.25
994.75,605.75
987.25,610.25
981.25,614.75
975.75,619.25
971.25,624.25
969.25,631.25
964.25,636.75
958.75,644.25
954.75,652.75
949.25,662.25
947.25,673.75
946.75,680.75
943.75,689.25
942.25,697.25
942.75,703.75
946.75,708.25
951.25,708.75
957.75,714.25
962.25,717.25
965.25,717.75
963.25,718.75
