808.75,711.25
819.25,713.25
829.25,713.25
837.75,714.25
840.25,717.75
844.75,717.75
853.25,714.75
855.75,709.25
858.75,702.25
863.25,694.75
864.75,686.25
861.75,680.75
861.25,678.25
860.75,674.75
859.25,673.75
854.25,672.75
851.25,672.25
847.75,668.25
842.25,664.25
835.25,661.75
827.75,659.25
821.25,655.75
815.25,655.25
810.25,654.75
802.75,654.75
801.25,657.75
794.75,660.25
790.25,662.25
786.75,662.25
783.25,663.75
779.75,667.25
774.25,667.75
776.25,673.25
776.25,677.75
773.25,681.25
771.75,685.75
772.75,691.25
773.25,697.75
774.25,703.25
780.25,705.75
786.75,706.25
791.75,708.25
792.25,713.75
796.75,715.25
801.25,716.25
802.25,712.75
808.75,711.25
