1785.4,705.38
1781.1,701.38
1777.9,698.38
1770.9,694.13
1766.6,688.13
1763.4,682.13
1757.9,675.63
1751.6,669.38
1749.1,664.38
1744.4,660.88
1740.6,662.13
1739.4,666.38
1740.1,670.38
1742.4,675.38
1742.4,680.13
1742.9,684.88
1745.1,688.63
1746.4,693.38
1746.6,698.13
1747.4,702.88
1747.6,707.38
1747.6,712.13
1745.4,715.88
1740.9,718.13
1738.6,721.63
1739.1,726.88
1739.9,734.13
1741.1,740.38
1742.1,745.38
1744.4,751.88
1748.4,759.13
1750.4,762.88
1752.6,767.38
1756.1,773.63
1765.6,773.88
1770.9,772.38
1778.6,772.13
1784.1,769.38
1789.6,765.88
1791.1,760.38
1793.9,756.13
1793.9,749.63
1793.9,743.13
1793.6,735.88
1793.9,730.88
1791.6,723.38
1790.1,717.13
1788.9,710.63
1785.4,705.38
