857.88,791.63
859.38,796.38
863.63,801.13
865.88,803.63
870.88,807.88
873.38,809.63
877.38,814.13
880.38,816.13
883.38,818.38
892.88,821.63
893.88,824.63
897.38,826.88
900.38,825.13
901.38,821.88
904.38,820.88
907.88,818.88
910.63,814.63
911.63,811.13
910.13,806.38
908.38,803.88
903.88,801.38
897.88,796.38
892.88,794.13
891.38,789.88
892.88,786.38
890.63,782.63
888.13,780.63
885.38,777.38
881.63,775.88
879.13,772.13
877.13,767.63
872.13,763.88
869.88,761.38
863.88,763.13
862.13,766.38
861.13,769.63
858.88,773.88
857.13,778.63
857.38,784.13
856.38,787.13
857.88,791.63
