584.25,936.25
594.75,934.75
602.75,932.25
610.25,931.25
616.75,926.75
619.75,922.75
626.75,918.75
633.25,914.75
638.25,910.75
641.75,904.25
642.25,900.25
644.75,895.75
643.25,891.25
640.25,886.75
636.75,883.25
633.75,878.75
629.75,874.75
624.75,871.25
619.75,870.75
615.75,871.75
610.25,872.25
604.25,871.75
599.75,870.25
595.75,871.75
591.75,875.75
586.75,876.75
583.75,879.75
579.75,883.75
575.25,887.25
572.25,892.25
565.75,894.75
560.25,897.25
560.75,900.25
557.75,905.75
556.25,909.75
554.25,914.25
554.75,919.75
557.75,923.75
559.75,925.25
564.25,925.75
569.75,926.25
574.75,930.75
578.75,934.75
584.25,936.25
