1075.3,658.75
1082.8,664.25
1088.3,665.75
1094.3,666.25
1101.3,666.25
1105.8,662.25
1110.3,660.75
1111.3,654.75
1114.3,646.75
1119.8,639.75
1121.8,630.75
1128.8,625.75
1128.3,618.75
1123.3,613.25
1114.3,610.25
1105.8,606.25
1104.3,604.25
1099.3,604.75
1095.8,602.25
1087.8,598.75
1085.3,594.75
1081.8,592.75
1075.8,592.25
1072.8,593.75
1066.8,599.25
1064.8,603.75
1061.3,608.75
1057.8,613.25
1057.8,619.25
1057.3,624.75
1055.3,630.25
1055.3,632.25
1052.8,636.25
1055.8,640.25
1058.8,642.25
1061.8,645.25
1065.3,649.25
1068.8,653.75
1075.3,658.75
