860.63,820.13
864.38,821.88
869.88,824.38
872.38,827.38
874.38,831.13
877.88,833.13
888.38,836.38
894.38,836.38
900.63,834.38
903.63,829.63
909.13,826.38
912.38,823.13
915.13,818.13
917.88,812.13
920.38,807.13
923.13,801.38
919.88,792.88
920.13,785.63
918.13,780.88
914.38,775.13
910.13,767.13
907.63,761.13
903.88,753.38
898.38,750.38
894.38,746.38
888.88,744.38
884.88,743.13
879.38,743.38
876.38,743.13
871.38,744.38
869.88,746.88
866.63,748.13
863.13,749.13
860.88,751.63
858.38,755.88
854.88,760.13
851.88,767.13
848.88,772.63
846.38,779.38
846.13,786.88
848.63,789.38
849.88,795.88
849.63,800.38
850.63,804.63
850.63,809.13
851.88,812.63
855.38,814.88
858.13,817.38
860.63,820.13
