1396.8,815.25
1401.3,810.75
1405.3,807.75
1408.8,806.25
1409.8,802.75
1410.8,799.25
1414.8,797.25
1416.8,792.25
1420.3,789.25
1424.3,785.25
1427.3,780.75
1428.3,776.75
1426.8,772.75
1424.3,770.75
1422.3,768.75
1418.8,767.25
1414.3,765.25
1410.8,764.75
1407.8,765.75
1403.3,767.25
1399.8,767.75
1396.8,769.75
1393.3,770.75
1391.3,772.75
1388.3,774.75
1384.8,777.75
1383.8,780.25
1380.8,783.25
1379.3,786.25
1378.3,790.25
1378.8,793.25
1379.3,798.25
1380.3,801.25
1383.8,806.75
1385.3,810.25
1387.8,814.75
1391.3,815.75
1393.8,817.75
1396.8,815.25
