1390.8,845.75
1398.3,839.25
1407.3,832.25
1413.8,823.75
1418.8,816.25
1420.8,809.25
1423.8,802.25
1428.8,795.25
1435.3,788.25
1439.8,780.75
1444.3,777.25
1444.8,773.25
1443.8,774.75
1445.8,775.25
1440.8,771.75
1438.8,767.25
1433.3,763.75
1431.3,758.75
1428.3,756.25
1429.8,755.75
1428.8,756.75
1424.3,756.25
1415.8,755.25
1408.8,755.25
1402.3,755.75
1392.8,755.75
1389.3,758.75
1382.8,762.75
1376.8,767.25
1370.3,771.75
1364.8,776.75
1359.3,781.25
1355.3,789.25
1357.3,798.75
1362.3,802.75
1363.3,810.25
1367.3,818.25
1368.8,825.75
1370.8,834.75
1376.3,843.25
1383.3,847.75
1390.8,845.75
