1300.3,1471.8
1307.3,1470.3
1313.3,1465.8
1324.8,1464.3
1327.3,1460.8
1333.3,1456.8
1339.3,1453.3
1342.8,1451.3
1348.8,1448.3
1351.3,1445.3
1354.3,1436.3
1356.8,1431.8
1357.8,1424.3
1355.8,1414.8
1354.3,1406.8
1351.8,1401.3
1349.3,1398.3
1345.3,1395.8
1339.3,1392.8
1335.3,1393.3
1329.8,1396.3
1323.3,1399.3
1319.8,1402.8
1317.3,1404.3
1312.8,1407.3
1308.3,1410.8
1305.3,1414.3
1302.3,1417.3
1298.3,1422.8
1295.8,1426.8
1292.8,1432.3
1289.8,1436.3
1288.3,1441.8
1287.3,1445.8
1286.3,1451.8
1285.8,1459.3
1287.3,1463.8
1290.3,1468.8
1300.3,1471.8
