1384.3,732.25
1391.8,728.25
1399.3,723.75
1405.3,720.75
1411.3,716.75
1419.8,712.75
1424.8,710.25
1424.8,704.75
1426.3,696.25
1429.8,689.25
1434.3,683.25
1432.8,678.25
1426.8,675.25
1422.8,672.25
1420.8,666.75
1419.3,660.25
1413.8,658.25
1408.8,654.25
1407.3,645.75
1404.8,638.75
1401.8,637.75
1393.3,634.25
1387.3,637.25
1385.3,633.25
1378.8,632.25
1371.3,631.25
1362.3,632.25
1353.3,632.75
1342.8,633.75
1333.3,635.75
1323.8,638.25
1320.3,641.75
1317.8,648.25
1316.3,653.25
1311.8,661.25
1309.8,667.25
1306.3,672.25
1305.8,677.75
1308.3,681.25
1304.3,689.75
1304.3,693.25
1311.3,697.25
1316.8,700.75
1325.3,705.25
1333.8,708.25
1338.8,712.25
1345.8,716.75
1352.8,723.25
1360.8,728.75
1367.8,731.75
1374.8,736.25
1384.3,732.25
