1289.8,815.75
1297.3,815.75
1303.8,812.75
1309.8,809.75
1317.3,806.25
1323.8,802.75
1330.3,798.75
1334.8,794.75
1339.3,789.75
1343.8,781.75
1347.8,775.25
1350.8,766.25
1353.3,757.25
1354.3,749.25
1354.8,737.25
1355.8,731.75
1354.3,725.75
1348.8,722.25
1342.8,718.75
1338.3,714.25
1334.3,710.75
1326.3,709.25
1319.8,705.75
1311.3,701.25
1306.8,697.25
1303.3,690.75
1297.8,691.75
1292.3,692.25
1287.3,692.75
1284.8,695.25
1278.8,697.75
1273.3,699.25
1266.3,701.75
1260.3,704.75
1255.3,707.75
1250.3,709.75
1246.8,711.25
1244.3,715.25
1242.8,717.75
1241.3,723.75
1239.3,730.75
1235.3,736.75
1233.8,745.25
1233.8,753.25
1232.8,759.75
1235.8,766.25
1239.3,770.75
1242.8,780.25
1245.3,787.25
1248.3,790.75
1248.3,794.75
1249.3,799.25
1251.8,803.25
1254.3,807.25
1258.8,812.75
1266.8,814.25
1270.8,814.75
1276.3,814.75
1281.8,814.25
1289.8,815.75
