800.38,836.13
804.63,834.13
805.88,832.13
807.88,829.88
812.13,827.88
813.63,825.63
816.38,821.38
817.13,817.38
817.38,813.13
817.63,809.13
817.88,804.13
817.63,799.63
816.63,796.13
815.63,792.13
810.88,788.88
807.63,786.63
802.88,785.38
798.63,784.13
794.38,783.88
791.38,783.88
787.63,783.88
784.13,784.38
782.13,788.13
780.13,791.38
779.88,793.38
778.38,798.38
778.88,800.38
779.88,804.88
779.88,807.13
779.63,809.63
779.13,812.63
779.38,816.88
778.88,820.63
777.88,824.13
777.88,826.38
779.38,828.13
781.63,830.88
783.38,832.88
786.88,835.38
790.88,836.13
793.13,836.38
795.38,836.38
797.88,836.38
800.38,836.13
