809.38,869.13
812.63,865.13
815.38,860.63
817.88,856.13
820.88,850.88
823.63,845.63
828.13,842.88
832.13,840.88
837.13,838.88
841.13,836.63
847.88,833.63
850.13,830.63
855.13,826.38
861.38,823.63
864.63,816.63
867.38,811.88
868.63,806.88
869.63,801.88
869.88,796.63
871.13,790.13
870.88,784.38
871.38,779.38
870.13,774.88
868.63,771.63
866.13,768.88
862.13,765.88
857.88,763.13
854.13,760.88
849.63,759.38
847.13,758.63
843.38,757.38
838.88,757.38
837.63,757.88
835.88,759.13
833.13,761.13
827.88,762.88
823.38,763.38
820.88,763.63
815.38,764.38
812.38,764.63
808.13,764.88
802.88,765.38
800.38,765.88
795.88,767.63
791.38,767.38
786.88,768.63
782.63,770.13
776.63,769.88
774.13,772.38
769.88,774.63
766.38,778.38
763.88,781.13
761.38,784.13
759.88,787.88
755.63,789.38
749.63,790.13
748.38,791.38
744.63,792.88
746.38,798.38
748.13,804.38
748.13,812.13
747.63,820.13
751.63,826.63
756.13,833.88
763.88,840.13
772.88,849.38
781.63,852.13
791.38,859.13
802.13,865.63
809.38,869.13
