1684.8,554.25
1691.3,551.25
1702.8,546.75
1711.8,544.25
1716.8,543.75
1722.8,545.75
1727.3,551.75
1733.8,560.25
1743.8,571.25
1746.3,582.75
1751.8,592.25
1757.8,601.25
1762.3,611.75
1762.3,619.75
1759.8,628.25
1756.8,639.75
1758.8,647.75
1755.3,656.75
1750.8,663.75
1750.3,669.25
1747.3,674.25
1745.3,675.75
1740.3,675.25
1734.3,674.75
1725.8,674.75
1722.8,670.25
1714.3,664.25
1708.3,661.25
1705.3,656.75
1703.3,650.25
1700.8,644.75
1698.8,638.75
1696.3,635.25
1690.8,629.75
1684.3,624.75
1676.8,620.25
1672.8,615.75
1670.3,611.75
1667.3,604.75
1667.3,597.75
1663.3,588.75
1663.3,579.25
1665.8,573.25
1670.3,569.25
1675.8,562.75
1679.8,558.75
1684.8,554.25
