1408.8,716.75
1411.3,714.25
1417.8,712.25
1424.3,712.25
1431.8,711.25
1438.3,708.25
1443.8,706.75
1451.8,703.25
1453.8,698.25
1455.3,692.75
1456.3,687.75
1456.3,679.75
1455.8,669.75
1454.8,663.75
1452.8,659.25
1448.8,653.75
1445.3,648.75
1443.8,642.25
1439.8,634.75
1436.8,630.75
1434.3,626.75
1432.3,620.75
1431.3,615.25
1428.3,612.75
1421.8,611.25
1413.3,613.75
1409.3,615.75
1407.3,621.75
1407.8,626.25
1406.3,632.75
1404.3,636.25
1401.8,640.25
1399.3,644.75
1395.3,652.25
1391.3,658.75
1392.8,664.75
1392.8,672.75
1392.8,677.75
1394.3,682.75
1395.8,687.25
1396.3,690.75
1394.8,696.25
1396.3,701.25
1396.3,706.75
1398.3,711.75
1401.3,714.75
1405.3,716.25
1408.8,716.75
