1526.3,953.25
1532.8,952.25
1538.3,954.25
1544.3,956.75
1551.8,958.25
1560.3,957.75
1565.8,953.75
1566.8,946.75
1565.3,940.75
1561.3,934.25
1554.8,929.25
1550.3,924.75
1546.8,916.25
1546.3,912.25
1544.3,909.25
1542.3,903.75
1539.8,899.25
1538.8,893.75
1533.8,891.25
1528.8,887.75
1524.3,885.75
1517.8,885.25
1513.8,888.25
1509.3,890.25
1506.3,892.75
1503.8,896.25
1502.8,902.75
1502.8,907.75
1499.8,913.75
1500.8,920.75
1502.8,925.25
1502.8,931.75
1505.3,936.75
1508.8,941.75
1513.8,943.75
1519.3,945.75
1522.8,947.75
1526.3,953.25
