1483.8,878.75
1487.3,876.25
1494.3,874.25
1498.3,872.25
1504.8,868.25
1510.3,864.25
1513.3,859.25
1515.8,849.75
1516.3,839.75
1516.8,832.75
1514.8,828.75
1508.8,825.25
1503.3,818.25
1495.3,811.75
1490.8,809.25
1482.8,809.25
1476.3,809.25
1471.3,807.25
1460.8,804.75
1454.3,802.75
1440.8,799.25
1436.8,801.25
1430.3,806.75
1423.3,811.25
1418.8,817.25
1417.3,822.25
1421.3,827.25
1426.3,832.75
1430.8,840.75
1433.3,848.75
1437.3,856.75
1442.3,863.75
1452.8,869.25
1460.3,872.25
1467.8,874.75
1473.3,876.75
1483.8,878.75
