1274.3,737.25
1282.8,733.25
1290.8,732.75
1298.3,728.75
1304.3,726.25
1312.8,725.25
1318.8,719.75
1323.8,715.25
1327.8,708.25
1333.3,700.75
1337.8,694.25
1341.3,687.75
1344.8,681.25
1348.3,675.75
1350.3,669.75
1352.8,662.75
1356.8,653.75
1360.8,643.25
1360.3,634.25
1360.3,625.75
1364.3,618.75
1371.8,613.25
1375.8,606.75
1378.3,601.25
1380.3,594.25
1379.3,589.25
1375.8,586.25
1367.8,584.75
1360.8,583.75
1359.8,581.75
1354.3,577.25
1347.3,575.75
1338.3,579.25
1331.3,584.75
1325.8,586.75
1324.3,592.25
1315.8,600.25
1314.3,605.25
1311.3,611.25
1309.3,617.25
1307.3,621.25
1304.3,626.25
1298.8,634.75
1296.3,642.75
1294.3,647.25
1289.8,652.75
1285.3,661.75
1279.8,670.25
1274.3,679.75
1271.8,689.25
1269.3,695.75
1265.3,705.75
1261.3,714.75
1259.3,722.75
1262.3,730.75
1268.3,736.75
1274.3,737.25
