351.75,1022.3
356.25,1025.8
365.75,1033.3
371.75,1038.3
376.75,1044.8
379.25,1056.8
375.25,1070.3
373.75,1078.3
370.25,1085.8
366.75,1089.3
355.25,1091.3
352.75,1092.3
348.75,1091.8
344.75,1090.3
338.75,1087.8
333.75,1085.8
328.75,1083.3
322.75,1081.3
317.75,1076.3
314.25,1071.3
312.75,1066.8
312.75,1060.3
314.25,1055.3
314.25,1049.8
312.75,1045.3
310.25,1040.3
313.25,1034.8
316.75,1035.3
322.25,1031.3
323.25,1024.8
325.75,1021.3
331.25,1021.3
338.25,1021.3
343.25,1021.3
348.25,1021.3
351.75,1022.3
