1003.8,1344.3
1012.3,1344.8
1018.3,1342.3
1023.3,1347.3
1028.8,1354.3
1032.8,1368.3
1033.3,1378.8
1035.3,1388.8
1036.3,1398.3
1035.8,1406.8
1032.8,1414.3
1030.3,1419.3
1026.3,1426.8
1022.8,1435.8
1018.8,1444.3
1013.3,1452.8
1008.3,1461.8
1004.3,1474.3
997.25,1481.3
991.25,1485.3
990.75,1494.8
988.75,1498.8
986.75,1507.8
979.75,1511.8
975.75,1507.3
976.75,1499.8
974.25,1491.8
969.75,1484.8
965.75,1478.3
964.25,1473.3
958.75,1469.8
952.75,1466.3
956.75,1459.8
958.75,1450.8
958.75,1441.3
960.25,1431.8
963.25,1422.8
965.25,1412.3
967.25,1403.8
966.75,1393.8
971.25,1384.3
976.25,1376.8
981.75,1367.8
986.25,1359.8
994.25,1349.8
1003.8,1344.3
