1216.8,744.25
1227.8,743.25
1235.8,740.75
1243.8,732.25
1244.3,723.75
1243.8,710.25
1243.8,699.25
1243.8,689.75
1249.3,687.25
1254.3,687.25
1256.8,686.25
1260.3,684.75
1260.8,680.75
1257.8,678.25
1258.3,671.25
1260.8,664.25
1260.8,657.25
1255.8,651.25
1248.3,643.25
1243.8,637.25
1235.8,630.75
1230.3,627.25
1224.8,629.25
1220.3,636.25
1216.3,639.25
1211.3,644.75
1206.3,652.25
1201.8,658.25
1199.8,664.25
1195.8,673.25
1191.3,684.75
1185.3,693.25
1179.3,699.75
1170.8,709.25
1169.3,717.25
1179.3,719.25
1188.3,726.25
1191.3,731.75
1192.8,741.25
1199.8,744.25
1208.8,744.75
1216.8,744.25
