1307.1,1133.1
1302.4,1135.1
1298.6,1139.6
1295.9,1143.9
1291.9,1148.4
1290.9,1153.9
1289.6,1160.1
1289.9,1167.6
1290.9,1172.1
1287.1,1177.1
1284.4,1181.1
1282.6,1186.1
1281.1,1192.6
1281.4,1199.9
1286.4,1204.9
1292.6,1207.6
1296.9,1211.6
1301.1,1215.6
1306.6,1214.4
1307.4,1209.6
1309.1,1204.9
1313.4,1201.9
1316.1,1199.4
1320.1,1195.4
1329.6,1194.6
1334.9,1192.1
1337.4,1187.4
1338.9,1181.9
1340.6,1176.6
1341.9,1171.9
1343.6,1166.9
1344.1,1160.9
1343.6,1155.1
1346.4,1150.4
1347.1,1145.4
1343.4,1138.4
1339.6,1133.4
1336.9,1125.9
1334.4,1122.9
1331.1,1119.9
1329.4,1115.1
1327.4,1111.4
1323.1,1112.4
1319.9,1113.6
1315.9,1115.9
1311.4,1117.4
1308.4,1122.6
1309.6,1126.4
1310.6,1129.6
1308.9,1131.6
1307.1,1133.1
