1343.1,1404.6
1344.1,1413.6
1349.4,1422.1
1353.6,1425.6
1361.1,1426.1
1365.1,1426.9
1367.9,1427.9
1374.6,1428.9
1380.9,1427.4
1383.1,1424.6
1386.9,1421.4
1391.9,1418.4
1395.6,1414.9
1400.4,1412.4
1401.9,1407.9
1403.4,1402.6
1405.4,1398.1
1407.9,1394.1
1407.6,1388.6
1405.6,1380.4
1403.6,1375.1
1402.4,1368.6
1400.6,1362.4
1398.6,1357.6
1390.6,1353.1
1385.4,1351.1
1381.1,1349.4
1375.4,1345.9
1372.4,1343.6
1368.6,1339.1
1361.1,1334.4
1357.4,1330.4
1352.9,1325.9
1347.6,1321.4
1344.6,1323.6
1339.4,1323.9
1336.4,1322.9
1332.1,1324.6
1330.1,1327.1
1326.4,1327.9
1323.6,1328.4
1319.4,1330.6
1318.1,1333.1
1317.1,1337.4
1317.1,1339.9
1316.9,1343.6
1315.9,1346.4
1314.6,1349.9
1314.6,1353.4
1316.9,1356.9
1318.1,1362.1
1319.6,1367.6
1322.4,1370.4
1326.1,1372.9
1329.4,1376.1
1331.6,1380.4
1334.9,1384.1
1338.4,1389.9
1340.9,1397.1
1343.1,1404.6
