1348.9,1388.1
1352.6,1388.9
1358.1,1391.4
1363.1,1391.4
1364.9,1389.9
1367.1,1387.4
1368.6,1384.1
1370.6,1380.1
1374.4,1374.1
1374.4,1367.9
1372.9,1362.6
1370.6,1357.6
1367.4,1352.1
1363.9,1347.4
1359.1,1342.4
1354.4,1339.1
1350.9,1336.9
1347.6,1335.9
1343.4,1336.1
1339.9,1337.9
1337.4,1339.6
1335.1,1342.1
1333.6,1344.6
1332.6,1346.6
1331.6,1350.9
1330.9,1354.4
1330.6,1359.1
1331.9,1361.9
1334.4,1363.9
1336.6,1366.6
1336.9,1370.1
1335.6,1374.4
1337.6,1377.4
1341.4,1381.9
1346.9,1386.9
1347.4,1387.4
1347.6,1386.4
1348.1,1387.1
1348.9,1388.1
