1199.4,433.13
1205.1,434.88
1209.1,433.38
1211.6,432.88
1214.6,432.88
1218.9,434.13
1220.6,434.13
1226.4,433.13
1229.4,429.88
1231.4,426.38
1235.1,423.63
1236.1,421.13
1237.1,416.88
1237.6,413.88
1236.9,410.88
1235.1,408.88
1232.1,407.13
1230.6,405.38
1228.6,401.88
1224.4,399.88
1221.9,399.88
1218.9,399.38
1216.1,399.63
1213.4,400.63
1211.1,400.63
1208.4,400.88
1206.4,402.38
1204.6,404.38
1201.9,406.63
1200.4,408.63
1200.1,409.88
1198.4,411.63
1197.4,413.38
1195.4,416.13
1193.4,419.13
1193.1,420.63
1192.9,423.13
1193.4,425.63
1192.9,429.38
1194.9,431.63
1196.4,432.63
1199.4,433.13
