1210.4,449.38
1216.1,448.88
1223.1,448.38
1227.4,445.88
1230.6,443.63
1237.9,441.38
1241.6,437.13
1247.1,433.63
1247.9,429.63
1248.9,426.13
1249.4,421.13
1249.6,415.38
1249.6,409.13
1249.1,403.88
1248.9,399.88
1246.4,396.63
1243.4,393.38
1239.9,390.13
1237.6,386.63
1234.6,384.13
1231.6,382.13
1226.9,380.13
1223.6,377.88
1218.6,376.13
1212.1,378.38
1207.9,379.38
1202.6,382.88
1200.9,383.63
1199.1,386.13
1196.9,388.88
1194.6,391.63
1193.1,395.63
1191.9,398.38
1188.6,401.38
1186.9,403.38
1184.9,407.88
1183.4,411.63
1182.1,416.63
1181.1,422.38
1181.9,425.88
1182.4,429.63
1184.4,434.38
1188.1,440.63
1191.6,444.13
1195.1,447.38
1199.6,450.63
1204.4,451.13
1208.1,450.63
1210.4,449.38
