1130.3,727.25
1142.3,721.25
1160.8,715.25
1175.3,711.75
1181.8,702.75
1187.8,695.25
1194.3,685.75
1198.8,675.75
1203.8,665.75
1208.8,657.25
1214.3,645.75
1216.3,639.25
1218.8,631.25
1221.3,623.25
1223.3,614.25
1223.8,604.25
1226.8,598.75
1234.8,593.75
1242.3,587.75
1244.3,581.25
1242.3,575.75
1236.8,569.75
1230.3,567.25
1223.3,566.25
1218.3,566.25
1212.8,567.25
1205.8,565.25
1200.8,565.25
1194.3,564.75
1191.8,564.75
1184.8,571.25
1179.3,576.25
1176.8,582.75
1176.8,586.25
1171.3,594.75
1170.3,599.75
1163.3,607.75
1161.3,615.75
1159.8,621.75
1153.3,629.75
1151.3,637.25
1144.8,647.25
1138.8,654.25
1134.8,663.75
1129.3,673.25
1125.8,689.75
1121.8,701.75
1122.3,711.75
1125.3,720.25
1130.3,727.25
