1207.4,789.88
1211.9,791.13
1216.4,791.88
1219.9,792.13
1223.4,790.63
1228.6,790.13
1234.9,793.13
1238.4,794.13
1241.6,794.88
1244.6,794.88
1249.1,793.63
1251.1,790.13
1253.1,786.13
1256.1,778.63
1258.4,771.88
1256.4,764.63
1253.6,758.13
1248.1,756.38
1245.4,753.38
1244.1,749.38
1242.6,744.38
1238.4,739.38
1235.9,739.38
1233.1,734.63
1231.9,729.88
1228.6,725.13
1225.4,720.38
1219.9,718.88
1213.9,715.38
1210.9,709.38
1207.6,704.38
1206.4,698.88
1202.1,693.38
1200.1,688.63
1196.6,689.38
1195.6,693.63
1196.1,697.13
1197.9,702.13
1199.4,707.38
1198.1,711.63
1199.9,717.13
1201.6,721.63
1201.9,725.38
1202.9,729.38
1204.4,734.63
1204.9,737.63
1204.4,740.13
1202.6,742.38
1201.1,744.13
1199.9,746.63
1199.4,749.13
1198.6,750.88
1198.1,755.13
1194.9,757.63
1190.4,760.88
1187.9,763.38
1183.6,765.38
1181.4,768.13
1185.9,771.88
1190.4,777.88
1193.6,781.38
1198.6,784.63
1203.6,788.63
1207.4,789.88
