1228.6,780.63
1234.6,778.88
1239.4,777.63
1245.1,775.63
1247.9,771.63
1255.1,768.38
1259.4,764.88
1263.6,761.38
1266.4,758.63
1270.6,756.38
1273.9,752.63
1276.9,749.13
1278.6,745.38
1280.9,741.88
1282.1,738.13
1284.6,734.38
1287.4,728.88
1290.4,727.13
1292.9,723.38
1295.6,719.13
1297.1,714.38
1298.1,709.38
1295.9,704.13
1293.6,701.63
1289.9,699.63
1285.9,696.88
1281.6,696.38
1279.6,698.38
1277.4,698.88
1272.4,697.88
1267.9,701.63
1265.9,704.38
1262.4,705.88
1259.6,706.88
1256.4,708.38
1254.1,710.13
1251.4,711.13
1247.9,712.13
1245.9,712.88
1242.1,713.13
1237.9,714.38
1232.1,714.38
1226.4,715.13
1218.6,716.13
1212.4,717.88
1207.9,717.38
1203.4,716.63
1198.9,716.38
1196.6,719.63
1197.6,723.88
1198.9,728.38
1200.4,730.88
1197.9,737.88
1196.1,742.88
1196.4,749.38
1196.6,753.88
1198.4,761.13
1200.1,765.88
1203.4,769.38
1206.4,772.13
1208.9,774.38
1210.6,778.63
1213.4,780.38
1220.6,781.63
1227.4,780.13
1225.4,780.38
1228.4,780.38
1228.6,780.63
