1214.6,750.88
1219.6,757.13
1225.9,760.88
1231.4,764.13
1236.6,765.88
1240.1,767.13
1242.6,764.88
1243.9,762.63
1246.1,759.88
1248.4,757.13
1248.4,754.88
1249.1,752.63
1249.4,748.13
1252.4,744.88
1251.6,740.13
1251.1,736.63
1250.4,733.38
1246.1,729.38
1244.1,725.88
1241.6,722.38
1238.4,719.88
1234.4,717.13
1232.1,718.38
1228.1,720.38
1225.6,722.63
1221.9,723.88
1218.9,726.13
1216.9,728.63
1214.6,730.88
1211.9,732.13
1211.6,734.38
1211.9,737.38
1211.9,739.63
1212.6,743.88
1214.4,747.63
1214.6,750.88
