1197.3,596.25
1196.8,602.25
1197.3,607.25
1198.3,612.75
1199.8,612.75
1203.8,619.75
1206.3,621.25
1210.8,622.75
1212.3,624.25
1215.3,627.75
1218.3,631.25
1218.3,636.75
1220.3,644.25
1222.8,650.25
1227.3,652.75
1230.3,657.25
1232.8,662.75
1238.8,668.75
1245.3,668.25
1252.3,668.75
1259.8,668.25
1261.3,664.25
1262.8,657.75
1266.3,653.75
1271.3,651.75
1279.3,651.75
1279.8,648.25
1280.8,643.75
1281.8,638.75
1281.8,634.25
1285.8,627.75
1290.8,625.75
1295.3,622.25
1297.8,619.75
1297.8,613.75
1295.3,608.75
1292.8,603.75
1288.3,600.75
1284.3,597.25
1282.3,593.75
1278.3,589.75
1275.3,585.25
1274.8,580.25
1270.3,574.75
1270.8,568.25
1268.8,565.75
1265.3,563.25
1259.8,560.75
1252.8,555.75
1249.3,550.25
1243.3,545.25
1239.8,541.25
1233.8,537.75
1229.8,540.75
1228.3,545.75
1226.3,549.75
1222.8,552.75
1216.8,556.75
1212.8,559.75
1210.3,563.25
1206.8,568.75
1203.8,570.25
1197.3,571.75
1195.3,576.25
1195.8,581.75
1193.3,586.25
1193.3,591.75
1197.3,596.25
