1104.8,549.25
1105.3,557.75
1104.8,567.25
1106.8,573.75
1108.3,581.25
1109.8,587.75
1113.8,596.75
1117.3,601.25
1122.8,603.25
1127.8,605.25
1134.3,605.25
1141.3,603.25
1143.8,600.25
1147.3,596.25
1149.8,592.75
1148.3,585.75
1146.3,580.25
1143.3,573.25
1143.8,565.75
1143.3,558.75
1141.8,551.25
1138.8,541.75
1137.8,533.25
1136.3,526.75
1133.3,519.75
1132.8,512.25
1132.3,506.25
1131.3,500.75
1130.3,495.25
1130.3,489.25
1128.8,484.75
1128.3,480.75
1127.3,475.25
1125.8,470.75
1123.3,467.25
1120.8,464.25
1117.3,460.75
1114.8,459.25
1111.3,462.25
1107.3,463.75
1103.3,466.25
1100.3,471.75
1099.8,477.25
1099.8,481.25
1099.8,485.75
1099.8,492.25
1099.8,499.25
1098.3,503.75
1098.8,508.25
1098.8,512.25
1099.8,517.25
1101.3,523.25
1101.8,527.75
1101.3,533.75
1102.8,538.75
1103.8,545.25
1104.8,549.25
