1204.8,700.75
1208.8,712.75
1212.3,722.75
1219.3,732.25
1225.8,740.25
1232.3,747.75
1236.8,758.25
1242.3,765.75
1251.3,772.75
1263.3,775.25
1275.8,772.25
1283.3,764.25
1289.3,756.25
1295.3,747.25
1299.3,739.75
1301.8,730.75
1304.3,722.75
1306.3,713.75
1305.3,704.75
1301.3,699.75
1297.8,692.25
1295.3,685.25
1291.3,677.75
1289.8,671.25
1287.3,664.25
1282.3,658.75
1272.8,655.75
1265.3,655.25
1257.3,649.75
1249.8,644.25
1244.8,639.25
1239.3,632.75
1232.8,632.75
1222.3,633.25
1214.8,626.75
1208.3,621.75
1201.3,618.25
1195.8,620.25
1192.3,624.25
1189.3,631.75
1188.3,639.25
1192.8,646.25
1193.3,652.75
1191.8,660.25
1189.8,666.75
1189.8,672.75
1190.8,679.75
1194.8,683.75
1197.3,687.75
1200.8,692.25
1203.8,696.75
1204.8,700.75
