1378.8,703.25
1385.3,713.25
1396.3,719.75
1405.3,720.25
1414.8,723.25
1421.8,722.75
1433.3,718.75
1435.8,712.25
1441.3,707.25
1443.8,700.25
1446.8,694.75
1449.8,687.75
1449.8,678.75
1450.3,671.25
1450.8,663.25
1448.3,657.75
1441.3,649.25
1436.3,642.25
1430.3,635.25
1425.8,630.75
1417.3,630.75
1412.3,630.75
1408.3,627.75
1404.3,627.75
1395.8,630.75
1391.3,632.25
1380.3,632.25
1372.3,634.25
1370.8,640.25
1369.3,646.75
1371.3,652.75
1372.8,661.75
1371.8,669.75
1371.3,677.25
1370.8,683.25
1375.3,691.75
1379.3,696.75
1380.3,700.75
1378.8,703.25
