1224.8,1075.8
1227.8,1081.8
1230.3,1092.3
1229.8,1099.3
1229.8,1106.8
1232.3,1113.8
1234.8,1119.3
1238.3,1124.3
1242.3,1128.3
1244.3,1133.3
1247.8,1138.3
1253.3,1139.8
1261.3,1142.8
1265.8,1142.8
1274.3,1142.8
1283.3,1140.3
1288.8,1136.8
1293.8,1133.3
1299.3,1130.8
1305.3,1127.3
1308.8,1123.3
1313.8,1117.3
1313.8,1110.8
1314.3,1106.8
1311.3,1099.3
1311.8,1092.3
1310.3,1088.8
1311.3,1085.3
1310.3,1077.3
1312.8,1071.3
1314.8,1063.8
1315.8,1057.8
1316.3,1050.8
1316.3,1042.3
1315.8,1035.8
1313.8,1030.8
1309.3,1026.3
1302.8,1022.3
1294.3,1018.3
1286.3,1017.3
1278.3,1016.3
1269.3,1018.3
1263.3,1021.8
1255.3,1027.3
1250.8,1032.8
1246.8,1037.3
1244.3,1043.3
1241.3,1048.3
1235.3,1052.8
1231.8,1056.3
1229.8,1061.3
1227.8,1065.8
1224.8,1069.3
1224.8,1075.8
