1319.3,794.25
1324.3,797.75
1330.8,803.75
1339.3,804.25
1348.8,804.75
1355.3,804.75
1363.8,802.75
1368.3,796.25
1375.3,789.25
1380.3,782.75
1386.3,776.75
1388.3,768.25
1388.3,756.25
1385.3,750.75
1378.8,744.75
1371.8,741.75
1362.3,740.25
1352.3,733.75
1344.8,728.75
1339.3,727.25
1331.3,722.75
1323.3,721.25
1312.8,720.75
1307.3,720.25
1297.8,716.25
1285.3,712.75
1282.8,718.75
1280.8,734.25
1283.3,738.25
1284.3,744.25
1285.3,749.75
1286.3,756.75
1288.3,761.75
1290.8,768.25
1296.3,774.75
1301.8,781.25
1308.3,785.25
1311.8,790.25
1319.3,794.25
