1219.8,482.25
1227.8,484.75
1237.3,489.75
1246.8,496.25
1251.3,502.75
1256.8,505.75
1269.8,512.25
1277.8,507.75
1281.8,500.25
1286.8,493.25
1290.8,484.75
1294.8,477.25
1292.8,466.75
1286.3,460.25
1277.3,451.75
1268.8,446.25
1255.8,436.75
1248.3,431.25
1242.3,429.25
1239.3,429.25
1236.3,430.25
1231.3,430.25
1227.3,428.25
1222.3,428.25
1216.3,431.25
1215.8,435.25
1215.3,440.25
1218.8,441.25
1217.3,446.25
1216.3,449.25
1214.3,455.25
1213.3,458.75
1209.8,460.25
1208.3,465.75
1209.8,470.25
1210.3,475.75
1210.8,483.75
1217.3,483.25
1219.8,482.25
