1349.8,815.75
1371.8,817.75
1385.8,820.75
1396.8,822.75
1406.8,822.75
1412.8,820.25
1418.8,817.75
1425.3,814.75
1432.3,810.75
1438.8,806.25
1441.3,801.25
1443.8,796.75
1444.3,788.75
1441.8,782.75
1436.3,774.75
1431.8,771.75
1426.3,766.25
1422.3,759.75
1418.3,752.75
1412.3,748.75
1404.3,748.75
1394.3,744.75
1382.8,739.75
1374.3,739.25
1364.8,741.75
1353.3,745.75
1350.8,747.75
1348.3,755.75
1345.3,763.25
1344.3,768.75
1342.8,775.75
1340.3,779.25
1336.3,783.25
1336.3,789.25
1332.8,795.75
1327.3,804.25
1326.8,809.25
1325.8,819.75
1330.3,823.25
1337.8,820.75
1345.3,818.75
1349.8,815.75
