1325.3,827.25
1340.8,827.75
1357.3,828.75
1368.8,828.75
1378.8,826.75
1388.8,825.25
1397.3,825.25
1406.8,825.75
1415.8,824.25
1424.3,821.75
1429.8,818.25
1435.8,813.25
1440.8,808.25
1447.3,797.75
1448.8,790.25
1446.8,783.25
1442.8,777.75
1438.3,772.25
1434.8,769.75
1429.8,768.25
1423.3,761.75
1423.3,757.25
1419.8,752.25
1415.8,748.25
1409.3,743.75
1401.8,740.25
1390.3,736.25
1382.8,733.75
1374.3,731.75
1361.8,730.25
1354.8,728.75
1344.8,726.75
1336.8,725.25
1330.8,725.75
1326.8,731.25
1321.3,734.25
1317.8,741.25
1314.8,747.75
1313.3,752.75
1312.3,758.25
1309.3,765.25
1309.3,773.75
1304.3,780.25
1305.8,787.25
1305.8,794.25
1308.8,798.25
1312.3,804.75
1319.8,808.25
1320.3,816.75
1319.8,822.75
1322.3,826.25
1325.3,827.25
