1319.8,726.75
1327.8,727.25
1333.8,723.75
1339.8,715.75
1347.8,712.25
1354.3,711.25
1361.8,709.75
1367.8,704.75
1372.8,701.75
1380.8,699.25
1388.3,692.75
1389.8,679.75
1387.8,674.25
1381.3,670.75
1376.3,669.75
1370.3,667.25
1363.3,664.25
1358.8,659.75
1354.3,657.25
1350.3,655.75
1344.8,654.75
1338.8,654.25
1333.3,654.75
1326.8,654.25
1323.3,657.25
1321.3,662.75
1318.3,666.75
1311.8,670.25
1304.8,671.25
1294.8,676.75
1288.8,682.25
1286.8,688.75
1287.3,695.25
1289.3,702.75
1292.8,706.25
1297.3,708.75
1304.3,708.75
1306.8,715.75
1313.3,723.75
1319.8,726.75
