1340.8,484.25
1350.8,480.75
1362.3,475.75
1371.8,470.25
1375.3,462.75
1379.3,451.25
1383.8,439.25
1383.3,431.25
1385.3,421.25
1387.8,413.75
1383.8,409.75
1375.8,406.75
1366.3,407.25
1361.3,409.25
1356.8,412.75
1352.3,413.25
1346.3,414.75
1339.3,415.75
1329.8,416.75
1323.8,417.75
1318.8,419.75
1312.8,422.75
1307.3,427.75
1303.3,435.25
1301.3,441.25
1301.8,445.75
1301.8,453.25
1303.8,459.25
1309.3,461.75
1311.3,466.75
1313.3,468.75
1317.3,471.75
1321.3,475.75
1324.8,480.75
1329.8,483.25
1333.8,484.75
1340.8,484.25
