1317.3,989.75
1333.3,988.75
1345.8,986.75
1353.8,985.25
1360.8,980.25
1369.3,974.75
1378.3,969.25
1404.8,961.75
1412.8,950.75
1405.8,942.75
1393.3,938.25
1381.8,933.75
1377.8,926.75
1371.8,921.25
1362.3,917.25
1352.3,914.25
1344.3,912.25
1331.3,912.25
1325.3,913.25
1319.8,914.25
1311.8,914.25
1304.8,913.75
1299.3,911.25
1291.8,913.75
1287.8,914.75
1281.8,913.75
1276.3,913.75
1268.3,915.25
1261.8,918.75
1258.3,924.25
1260.3,930.25
1261.8,934.75
1264.8,941.75
1268.3,947.25
1273.8,953.25
1278.3,955.75
1285.8,959.75
1294.3,964.75
1297.8,969.75
1303.3,975.25
1305.8,982.75
1309.3,987.25
1317.3,989.75
