1347.3,1087.8
1351.3,1091.3
1357.3,1093.8
1362.3,1092.8
1365.8,1089.8
1368.8,1085.3
1370.8,1078.8
1371.3,1073.8
1368.8,1067.8
1366.3,1063.3
1364.3,1059.3
1360.8,1054.3
1357.8,1051.8
1353.3,1049.8
1349.8,1046.8
1346.8,1043.3
1343.3,1042.3
1340.3,1039.8
1339.3,1036.8
1337.3,1030.3
1335.8,1029.8
1330.8,1031.3
1326.3,1033.3
1322.8,1035.8
1321.8,1038.8
1322.3,1041.8
1323.3,1045.3
1324.3,1047.8
1326.8,1051.3
1326.8,1054.8
1329.3,1056.8
1332.3,1058.3
1332.8,1064.3
1334.8,1066.8
1335.3,1072.3
1336.3,1075.8
1339.8,1079.3
1342.8,1083.3
1345.3,1086.8
1345.3,1086.8
1347.3,1087.8
