1206.8,815.25
1212.3,817.25
1216.3,820.25
1221.3,821.25
1228.3,821.75
1233.3,822.75
1238.8,822.25
1244.8,819.75
1248.8,814.25
1252.8,805.25
1253.8,798.25
1250.8,791.25
1250.3,785.75
1247.3,782.25
1241.3,779.25
1237.3,774.25
1233.3,770.25
1229.8,767.75
1224.3,764.75
1217.3,760.75
1211.8,757.75
1205.8,753.75
1199.8,748.75
1195.3,745.75
1190.8,745.75
1187.8,747.75
1185.3,751.25
1184.3,753.25
1181.3,756.75
1179.3,761.75
1177.8,766.25
1177.8,770.75
1178.8,775.25
1181.8,780.25
1182.3,784.75
1183.3,787.75
1186.8,792.25
1189.3,797.25
1191.3,801.25
1196.3,804.25
1201.8,810.25
1206.8,815.25
