1231.8,689.25
1242.8,678.25
1245.8,670.25
1252.8,662.25
1255.8,653.25
1255.8,647.75
1255.8,641.25
1253.8,633.25
1249.3,628.25
1241.8,625.25
1232.8,621.25
1225.8,616.25
1218.8,611.25
1214.3,607.75
1208.8,607.25
1205.3,609.75
1200.8,611.25
1195.3,613.25
1192.8,614.75
1189.8,618.25
1186.8,622.75
1184.3,627.75
1183.3,631.25
1181.8,636.75
1181.3,641.25
1180.8,645.75
1181.3,648.25
1181.3,651.25
1179.8,655.25
1181.3,660.75
1188.8,664.25
1187.3,664.25
1191.8,669.75
1194.8,674.25
1195.8,679.25
1196.3,683.75
1197.8,687.25
1200.8,690.75
1204.8,692.75
1210.3,695.25
1214.3,696.25
1217.8,696.25
1222.3,695.75
1225.3,695.25
1228.3,693.25
1231.8,689.25
