1186.8,620.75
1182.8,630.75
1182.8,635.75
1182.8,641.75
1186.3,647.25
1186.8,652.25
1189.8,660.75
1192.8,665.75
1197.3,670.75
1200.3,677.25
1202.3,686.75
1206.3,694.75
1209.8,702.25
1213.3,714.75
1216.3,723.25
1222.8,728.25
1229.8,726.75
1238.3,732.75
1242.8,727.25
1241.3,721.75
1235.8,715.25
1233.3,708.75
1229.3,701.25
1225.8,691.25
1229.8,686.25
1226.3,677.75
1226.8,671.75
1228.3,663.25
1230.8,657.25
1234.8,650.75
1237.8,645.25
1238.3,639.75
1236.8,633.75
1237.3,623.75
1236.8,616.75
1232.8,611.75
1230.3,605.25
1226.8,599.75
1224.8,591.75
1221.8,587.75
1219.8,581.25
1212.8,578.75
1211.3,571.25
1208.8,566.25
1203.8,560.25
1199.8,561.75
1192.8,565.75
1186.8,566.25
1180.8,571.75
1182.3,579.75
1187.8,587.25
1189.8,593.75
1193.3,598.25
1191.3,604.25
1191.3,609.25
1188.3,614.75
1186.8,620.75
