1415.8,782.25
1423.3,789.25
1429.3,794.75
1435.8,794.75
1436.3,788.75
1441.8,788.25
1448.8,786.75
1450.8,780.75
1456.8,777.25
1460.8,767.25
1469.3,767.75
1469.8,766.75
1473.3,763.75
1471.8,761.25
1474.8,758.75
1476.3,748.75
1479.3,741.25
1485.3,739.25
1491.8,735.25
1484.8,726.25
1477.3,720.75
1469.3,716.25
1461.8,714.25
1452.8,710.75
1446.3,710.25
1441.8,711.25
1434.8,713.75
1428.3,712.75
1419.8,710.75
1416.8,712.25
1416.8,717.75
1409.3,718.25
1402.3,719.75
1397.8,723.75
1394.8,727.75
1393.8,733.75
1391.8,739.75
1391.3,746.25
1390.8,754.75
1392.3,758.75
1392.3,764.75
1396.3,769.25
1401.3,770.75
1405.8,772.75
1408.8,775.75
1412.8,778.75
1415.8,782.25
