1425.3,774.75
1434.3,773.75
1440.3,770.25
1443.8,764.25
1449.3,757.75
1454.3,755.75
1459.8,751.75
1466.8,744.75
1472.8,735.75
1471.3,727.75
1467.8,721.25
1461.8,718.75
1457.3,719.25
1450.3,718.75
1443.3,718.75
1436.3,719.25
1433.3,719.25
1425.8,719.25
1418.8,721.25
1414.8,722.25
1409.8,724.25
1406.8,727.25
1404.3,731.75
1401.8,736.25
1397.8,740.75
1398.3,746.25
1397.8,748.25
1397.3,752.75
1397.8,758.25
1402.8,761.75
1406.8,764.75
1413.8,766.75
1416.3,767.75
1418.8,771.75
1420.8,774.75
1425.3,774.75
