1198.3,644.25
1206.3,648.25
1213.8,649.25
1217.8,644.25
1222.3,637.75
1225.3,631.25
1228.3,623.75
1232.3,620.75
1237.3,616.75
1240.8,610.75
1246.8,604.75
1252.3,602.75
1259.3,599.25
1264.3,598.75
1269.8,599.25
1278.8,599.25
1282.8,596.75
1279.3,589.75
1273.3,580.25
1264.8,574.75
1251.3,561.25
1245.3,555.25
1229.3,543.25
1214.8,535.25
1207.8,532.25
1197.8,527.75
1185.3,522.25
1178.8,517.75
1171.3,512.75
1165.8,511.75
1158.8,511.75
1152.8,510.25
1148.8,507.75
1141.8,500.75
1137.3,502.25
1134.3,505.25
1129.8,509.25
1126.3,512.75
1123.3,518.25
1123.3,524.25
1126.3,527.25
1127.8,537.25
1129.3,541.25
1130.3,544.75
1133.8,551.75
1141.3,560.75
1142.8,567.75
1142.8,579.75
1144.3,591.75
1147.3,596.75
1151.3,606.75
1162.8,609.75
1166.8,609.75
1173.8,612.75
1176.3,618.75
1178.8,623.75
1185.3,627.25
1188.8,630.75
1188.8,634.25
1191.3,637.25
1193.8,639.75
1193.8,641.75
1195.3,643.25
1198.3,644.25
