1426.9,644.63
1432.6,641.38
1437.4,636.38
1442.6,633.38
1446.4,630.63
1450.4,630.13
1454.1,629.88
1459.6,628.13
1464.1,625.13
1470.6,619.88
1473.9,612.88
1476.4,607.88
1479.9,604.13
1481.9,597.38
1481.4,591.88
1481.9,584.13
1483.1,576.88
1483.9,570.38
1485.1,563.13
1480.1,559.88
1476.4,558.38
1470.9,558.38
1468.4,558.88
1465.9,563.38
1461.6,567.88
1459.1,570.63
1453.9,574.63
1449.9,577.38
1446.1,580.38
1440.6,585.13
1436.9,588.63
1432.9,591.63
1427.6,597.38
1423.1,603.38
1421.6,606.38
1419.6,611.38
1419.4,616.38
1418.6,621.13
1417.1,626.38
1417.1,629.63
1415.1,633.63
1414.9,637.13
1416.4,640.38
1418.4,642.13
1426.9,644.63
