1075.6,919.63
1081.6,918.13
1089.1,917.38
1095.4,915.38
1102.9,914.13
1109.4,912.13
1117.4,911.38
1125.9,910.63
1132.1,907.38
1134.4,902.13
1131.9,894.63
1130.1,889.13
1129.6,882.38
1129.9,872.88
1128.1,868.88
1123.9,865.63
1118.4,862.13
1113.1,859.88
1108.9,857.63
1106.1,856.13
1101.9,858.38
1099.6,862.13
1096.6,864.88
1094.6,867.13
1090.9,870.63
1087.6,873.63
1084.6,877.38
1079.4,880.13
1075.9,882.63
1073.1,887.13
1073.1,890.88
1072.4,896.13
1071.9,901.63
1069.9,905.13
1068.6,909.88
1067.1,913.13
1065.6,915.63
1064.4,917.88
1062.1,920.63
1066.1,921.63
1070.4,921.63
1076.4,920.88
1075.6,919.63
