1385.8,751.25
1395.8,753.25
1408.8,754.75
1418.3,751.75
1428.8,750.25
1440.8,748.75
1447.8,746.25
1452.8,739.25
1455.8,732.75
1456.3,725.75
1453.8,720.25
1449.3,716.25
1449.8,713.25
1450.3,706.75
1449.3,702.75
1447.3,698.75
1442.8,695.25
1441.3,691.75
1440.3,688.25
1436.3,684.75
1432.8,683.75
1426.8,681.75
1418.3,678.75
1414.3,674.25
1408.8,675.25
1402.3,679.25
1397.3,682.25
1394.3,686.75
1391.3,691.75
1389.3,695.75
1387.8,699.75
1384.3,702.25
1384.8,706.75
1384.8,714.25
1382.8,717.25
1380.3,721.75
1379.3,726.75
1377.8,730.25
1377.8,735.75
1378.3,740.75
1378.8,742.75
1380.8,747.75
1385.8,751.25
