1255.8,938.75
1265.3,932.75
1274.3,923.75
1279.8,918.25
1289.3,912.75
1293.8,901.25
1295.3,889.75
1296.3,880.75
1299.8,874.75
1297.3,866.25
1292.3,858.75
1287.3,851.25
1284.3,842.75
1279.3,838.75
1272.8,837.25
1265.8,839.25
1260.3,842.25
1257.3,846.75
1255.8,853.25
1259.3,858.75
1258.3,863.25
1255.3,867.25
1247.8,871.75
1242.8,878.75
1240.8,884.75
1240.8,892.25
1241.3,900.25
1241.3,906.25
1234.8,912.75
1233.3,918.25
1234.8,927.25
1236.8,932.25
1241.3,936.25
1245.3,938.25
1250.8,940.25
1255.8,938.75
