1358.8,726.25
1364.8,716.75
1372.8,706.75
1385.3,699.25
1392.8,692.75
1396.8,682.75
1403.3,677.75
1406.3,664.75
1410.3,651.75
1411.8,637.75
1415.3,628.25
1415.3,616.75
1411.3,609.75
1405.3,602.75
1402.3,597.75
1398.8,590.75
1396.8,583.25
1392.8,577.75
1388.8,579.25
1384.8,583.75
1381.3,589.25
1379.3,597.25
1376.8,602.25
1373.8,610.75
1367.8,621.75
1365.3,630.25
1357.3,642.75
1357.3,650.25
1354.3,660.75
1353.8,673.25
1355.8,685.25
1355.8,694.25
1356.3,707.75
1355.3,719.25
1356.3,725.25
1358.8,726.25
