1374.3,870.25
1384.3,875.25
1394.3,881.75
1400.3,877.75
1408.3,877.25
1415.3,879.25
1423.8,880.75
1431.8,876.75
1436.8,870.25
1437.3,862.25
1432.8,854.25
1427.8,846.75
1423.3,843.25
1420.8,833.75
1415.3,824.25
1409.8,814.75
1403.3,805.75
1395.3,804.25
1389.3,798.75
1383.8,789.75
1378.3,785.25
1374.8,775.75
1371.3,779.25
1372.8,787.25
1373.3,794.75
1374.3,799.75
1376.8,807.25
1381.3,816.75
1381.3,824.25
1379.8,827.75
1377.3,833.25
1372.8,838.25
1370.3,843.75
1366.8,852.75
1362.8,857.25
1368.3,864.75
1374.3,870.25
