907.75,991.75
920.75,987.25
932.25,981.25
938.25,975.25
943.25,968.75
954.25,961.25
958.25,958.25
965.25,954.25
971.75,949.75
979.25,941.25
982.75,937.25
989.75,929.75
991.75,923.75
993.75,913.75
993.75,905.75
991.75,899.75
988.25,894.75
980.75,889.25
977.25,885.25
969.25,880.25
958.25,878.75
949.25,880.25
943.25,881.25
936.75,881.25
929.75,882.25
924.75,884.75
913.75,886.25
907.25,887.25
902.25,887.25
897.75,888.75
895.25,893.25
891.75,896.75
881.25,898.75
874.25,903.75
870.75,908.75
870.25,917.75
869.25,923.75
866.75,932.25
864.75,939.75
866.25,947.25
867.75,954.25
867.75,957.75
867.25,966.25
870.25,973.25
873.75,977.75
877.75,980.25
881.75,984.75
891.75,988.25
893.75,991.25
904.75,994.75
907.75,991.75
