1375.3,767.75
1387.3,766.75
1397.8,764.25
1407.8,758.25
1415.8,753.25
1425.8,751.25
1439.8,743.25
1450.3,731.25
1455.3,720.75
1460.8,711.25
1461.8,701.75
1457.3,696.25
1449.8,689.75
1437.8,687.25
1429.8,688.25
1424.8,693.25
1418.8,696.75
1405.3,701.75
1393.8,704.25
1381.8,705.75
1374.3,706.75
1366.8,707.75
1360.8,709.25
1351.8,713.75
1344.3,717.75
1342.3,721.75
1339.8,730.75
1336.8,737.75
1338.8,746.25
1342.3,751.25
1345.3,756.25
1348.8,761.75
1354.8,766.25
1361.8,767.75
1367.3,768.25
1375.3,767.75
