627.75,1198.8
638.75,1202.3
650.25,1203.8
660.25,1204.3
675.25,1202.8
689.75,1198.8
706.25,1192.8
717.75,1183.3
726.25,1173.3
734.75,1163.8
740.25,1153.3
744.75,1145.3
742.25,1135.3
741.75,1124.3
743.75,1114.8
749.25,1101.3
750.75,1088.3
750.75,1077.8
747.75,1071.8
742.75,1068.8
735.75,1069.3
728.75,1070.8
718.75,1072.8
709.75,1075.8
699.25,1080.8
690.75,1083.3
676.25,1083.8
664.75,1084.3
651.25,1086.3
638.75,1089.3
628.25,1093.8
615.25,1095.3
603.75,1096.8
593.75,1096.8
583.25,1096.3
569.75,1093.8
560.75,1096.8
553.25,1101.3
548.25,1105.3
541.75,1110.8
537.25,1118.8
536.75,1126.8
537.75,1136.8
542.75,1152.3
554.75,1164.8
564.25,1175.3
581.25,1184.8
596.25,1190.8
610.25,1195.3
620.25,1199.3
627.75,1198.8
