1327.3,957.25
1334.3,957.25
1342.3,954.25
1347.8,950.75
1353.3,948.75
1353.3,943.25
1356.3,940.25
1356.3,936.75
1357.3,933.25
1358.8,927.25
1361.3,921.75
1359.3,917.25
1355.3,915.25
1349.8,912.75
1342.3,910.25
1337.3,907.75
1331.3,902.25
1327.3,896.75
1323.8,891.25
1319.8,887.75
1317.3,887.75
1313.8,886.25
1309.3,891.25
1305.8,893.25
1301.3,898.75
1298.3,903.25
1295.8,907.75
1291.3,911.25
1287.8,914.75
1285.8,918.75
1285.3,921.25
1284.8,926.75
1286.3,929.25
1289.3,932.25
1294.8,937.25
1300.8,944.25
1309.3,950.25
1316.8,954.75
1322.3,957.25
1327.3,957.25
