1283.3,256.75
1293.8,253.75
1303.3,251.75
1315.3,249.75
1330.3,245.25
1337.8,240.75
1343.8,232.75
1350.3,228.25
1357.3,225.25
1359.3,222.25
1356.8,216.25
1352.8,208.75
1349.3,204.75
1347.3,198.25
1345.3,191.75
1344.8,188.25
1343.3,184.25
1344.3,177.25
1341.3,169.25
1333.3,162.75
1325.3,158.25
1315.3,155.25
1304.3,150.25
1294.3,148.75
1286.3,151.75
1285.3,160.75
1284.3,167.25
1278.8,174.75
1273.8,180.25
1269.3,186.75
1265.3,196.75
1260.8,207.75
1263.8,214.75
1266.3,226.75
1270.8,237.25
1276.3,248.75
1279.8,255.25
1283.3,256.75
