1285.8,333.75
1296.3,332.25
1307.3,330.25
1310.8,329.75
1315.3,328.25
1318.8,328.25
1324.8,328.25
1328.3,325.75
1332.3,321.75
1337.3,318.25
1343.3,313.75
1348.3,310.25
1354.3,304.75
1355.8,302.25
1360.3,301.25
1364.8,298.75
1364.8,294.25
1363.8,291.25
1356.3,291.25
1350.3,290.25
1341.8,287.75
1333.3,289.75
1327.3,290.75
1317.8,292.25
1309.8,294.75
1303.8,296.75
1298.3,294.25
1293.8,293.75
1287.8,293.75
1279.8,294.25
1273.8,295.25
1265.8,297.25
1258.8,299.75
1254.3,300.25
1246.8,304.75
1242.3,306.25
1236.3,307.25
1232.3,307.25
1231.8,311.25
1232.3,314.75
1231.3,317.75
1228.8,320.75
1223.3,323.75
1218.3,326.75
1217.8,328.75
1222.8,329.25
1227.3,328.75
1231.8,329.25
1234.3,329.75
1238.3,332.75
1241.3,332.75
1247.8,332.25
1251.3,333.25
1256.8,333.75
1263.3,334.75
1269.3,335.25
1276.8,334.75
1281.3,333.75
1285.8,333.75
