1500.8,1001.8
1507.3,1002.8
1511.8,1003.8
1516.3,1003.8
1523.8,1003.3
1532.3,1000.3
1538.8,998.25
1541.8,994.25
1544.8,991.75
1549.8,990.75
1554.3,986.75
1556.3,978.25
1556.3,973.25
1554.8,966.75
1552.3,962.75
1547.3,958.25
1542.3,953.25
1535.3,950.75
1528.8,948.25
1525.8,948.25
1520.8,949.75
1512.3,951.75
1509.8,954.25
1505.3,958.25
1496.3,960.75
1493.8,964.25
1492.3,966.75
1489.3,970.25
1486.8,974.25
1485.3,979.25
1483.8,982.75
1485.8,986.75
1489.3,989.25
1491.3,993.75
1494.8,997.25
1500.8,1001.8
