1406.8,705.75
1419.8,705.75
1428.3,701.75
1439.8,697.75
1446.8,693.25
1454.3,686.75
1460.8,679.25
1463.3,673.75
1463.8,666.75
1465.8,656.75
1466.8,648.75
1464.8,646.75
1459.8,642.25
1452.8,637.75
1447.3,631.25
1438.3,626.75
1433.3,622.75
1423.8,620.75
1416.3,622.25
1404.3,624.75
1397.8,627.75
1392.3,631.25
1387.3,632.75
1382.8,634.75
1378.3,637.25
1377.3,640.25
1376.8,645.25
1374.8,650.25
1374.3,656.25
1373.3,660.75
1372.8,667.25
1370.3,671.25
1371.8,676.25
1376.3,682.25
1378.8,686.25
1383.3,691.25
1388.3,694.75
1393.8,699.75
1397.8,702.25
1406.8,705.75
