1667.3,977.75
1671.3,985.75
1673.8,990.25
1681.3,994.75
1689.3,995.25
1699.8,997.25
1703.3,1000.8
1712.3,1004.8
1719.3,1007.8
1724.8,1003.8
1731.8,1000.8
1738.8,998.25
1742.8,992.25
1747.3,989.25
1751.8,979.75
1753.8,969.75
1756.3,963.25
1756.8,957.25
1753.3,952.75
1748.3,949.25
1741.3,946.25
1733.3,941.75
1724.3,939.25
1718.8,935.25
1714.3,933.75
1708.8,936.25
1703.8,937.75
1696.8,941.25
1687.3,944.25
1678.8,948.25
1670.8,951.75
1665.3,956.25
1659.3,960.75
1658.3,965.25
1663.8,967.25
1663.8,971.25
1667.3,977.75
