1110.3,876.25
1113.8,882.25
1119.8,886.75
1124.8,892.25
1130.8,894.25
1142.8,889.75
1151.8,885.75
1158.3,878.25
1168.3,872.25
1174.3,863.75
1178.3,857.25
1183.8,849.75
1186.8,839.75
1189.8,831.75
1192.3,826.25
1195.3,819.25
1198.8,813.75
1201.3,808.25
1202.8,804.25
1203.8,798.25
1203.8,791.25
1204.8,784.25
1201.8,780.75
1196.3,783.75
1187.3,785.25
1176.8,784.75
1171.3,784.25
1163.3,784.25
1152.8,786.75
1145.8,787.75
1139.8,789.75
1133.3,791.75
1130.3,793.75
1122.3,800.25
1120.3,804.25
1116.8,810.75
1114.3,815.75
1110.3,823.75
1107.3,829.75
1104.8,837.75
1100.8,843.25
1102.3,847.75
1099.3,852.25
1099.8,857.25
1105.3,867.75
1105.8,872.25
1107.8,874.75
1110.3,876.25
