1124.3,799.75
1129.8,790.25
1143.8,786.75
1153.3,781.75
1167.8,780.75
1177.8,781.25
1191.3,780.25
1200.3,777.25
1208.3,772.75
1210.3,765.25
1216.3,760.25
1216.8,752.75
1217.8,744.25
1216.3,736.25
1212.8,732.75
1208.8,727.75
1207.3,723.75
1204.8,719.25
1199.8,715.75
1192.8,713.75
1184.8,711.75
1173.3,708.75
1165.3,707.25
1155.8,706.25
1146.8,709.25
1138.8,713.25
1133.8,715.25
1129.3,720.25
1129.3,724.25
1127.8,729.75
1124.3,735.75
1119.3,743.75
1117.3,747.25
1115.3,752.75
1113.3,758.25
1110.8,765.75
1108.8,771.75
1107.8,778.75
1108.8,784.25
1112.3,791.25
1115.8,795.25
1120.3,799.75
1124.3,799.75
