1715.8,1197.8
1721.8,1202.3
1727.8,1204.8
1736.3,1203.3
1737.3,1197.8
1742.3,1191.8
1744.8,1188.3
1750.8,1184.8
1756.8,1182.8
1763.8,1183.8
1769.3,1184.8
1775.8,1186.3
1780.8,1187.3
1787.3,1188.3
1788.8,1184.8
1790.3,1178.3
1789.3,1174.3
1790.3,1167.8
1794.8,1158.3
1791.8,1151.8
1790.3,1144.8
1787.8,1137.8
1780.3,1135.8
1773.8,1133.3
1764.3,1132.3
1757.3,1132.3
1746.8,1133.8
1737.3,1134.8
1730.3,1134.8
1719.8,1132.3
1717.8,1137.8
1714.3,1143.3
1712.3,1146.3
1707.8,1152.3
1703.3,1154.8
1699.8,1155.3
1701.3,1158.3
1701.8,1161.8
1702.8,1166.3
1704.8,1171.8
1706.8,1175.3
1707.3,1180.3
1709.3,1186.8
1712.8,1189.8
1714.3,1193.3
1715.8,1197.8
