1378.3,458.75
1388.8,462.75
1399.8,467.75
1407.3,469.25
1417.3,468.75
1424.8,466.25
1430.8,461.75
1439.3,458.75
1442.8,454.75
1446.8,448.25
1447.8,441.75
1451.8,434.75
1453.3,428.25
1454.3,424.25
1453.3,417.75
1448.8,412.75
1440.3,409.25
1432.8,407.25
1427.8,404.75
1416.8,404.25
1406.8,404.25
1402.3,400.25
1397.3,395.75
1390.3,395.25
1384.3,397.75
1377.3,400.75
1371.3,402.75
1361.8,404.25
1355.8,404.25
1348.8,401.75
1342.8,402.25
1345.8,411.75
1348.3,418.25
1351.3,426.25
1354.3,434.25
1356.3,437.75
1364.8,442.25
1366.3,446.25
1370.3,453.25
1375.3,457.75
1378.3,458.75
