1212.3,785.75
1221.3,797.25
1232.3,799.75
1236.8,806.25
1251.3,813.75
1261.3,817.25
1272.8,816.75
1285.3,819.75
1296.8,817.75
1308.8,814.25
1322.8,807.75
1321.3,795.75
1319.3,782.25
1315.8,771.25
1311.8,758.75
1307.3,748.75
1308.3,738.25
1305.3,730.25
1301.8,718.75
1298.3,707.75
1293.3,702.75
1286.8,694.75
1278.8,683.75
1274.3,681.25
1265.8,683.25
1262.8,679.25
1258.3,677.25
1252.3,675.75
1244.3,677.75
1235.8,680.75
1228.3,687.25
1225.8,694.75
1218.8,704.75
1218.8,713.75
1219.3,724.25
1221.8,733.75
1219.8,740.75
1219.8,745.75
1224.3,748.75
1220.8,754.75
1220.3,762.75
1216.8,769.75
1213.8,775.75
1207.8,780.25
1210.8,784.75
1212.3,785.75
